XFLR5 v6.09.05 beta

 Calculated polar for: -10s1223

 1 1 Reynolds number fixed          Mach number fixed         

 xtrf =   1.000 (top)        1.000 (bottom)
 Mach =   0.000     Re =     0.070 e 6     Ncrit =   9.000

  alpha     CL        CD       CDp       Cm    Top Xtr Bot Xtr   Cpmin    Chinge    XCp    
 ------- -------- --------- --------- -------- ------- ------- -------- --------- ---------
   0.000   0.3796   0.05624   0.05030  -0.1256  0.6260  0.2218  -0.9321   0.0000   0.5793
   1.000   0.4839   0.04860   0.04243  -0.1346  0.6013  0.3007  -1.0031   0.0000   0.5248
   2.000   0.7725   0.03049   0.02092  -0.1856  0.5736  0.1106  -1.1618   0.0000   0.4855
   3.000   0.8815   0.03238   0.02409  -0.1849  0.5545  0.5271  -1.2542   0.0000   0.4538
   4.000   0.9619   0.03446   0.02673  -0.1798  0.5375  0.7024  -1.3268   0.0000   0.4297
   5.000   1.0221   0.03940   0.03130  -0.1720  0.5222  1.0000  -1.3908   0.0000   0.4097
   6.000   1.0383   0.05302   0.04528  -0.1701  0.5065  1.0000  -1.3774   0.0000   0.4044
   7.000   1.1624   0.05559   0.04722  -0.1688  0.4919  1.0000  -1.5447   0.0000   0.3840
   8.000   1.0096   0.08930   0.08172  -0.1710  0.4942  1.0000  -1.2874   0.0000   0.4080
   9.000   0.9211   0.11537   0.10819  -0.1784  0.5336  1.0000  -1.0989   0.0000   0.4320
  10.000   0.9443   0.12653   0.11929  -0.1776  0.5000  1.0000  -1.1249   0.0000   0.4250
  11.000   0.9741   0.13791   0.13067  -0.1774  0.4658  1.0000  -1.1651   0.0000   0.4175
  12.000   0.9978   0.15053   0.14336  -0.1788  0.4377  1.0000  -1.1912   0.0000   0.4131
  13.000   1.1101   0.17085   0.16382  -0.1799  0.4179  1.0000  -1.3942   0.0000   0.3939
  14.000   1.1651   0.18470   0.17779  -0.1796  0.3838  1.0000  -1.5390   0.0000   0.3840
  15.000   1.1361   0.18984   0.18311  -0.1836  0.3534  1.0000  -1.4976   0.0000   0.3900
  16.000   1.1382   0.19995   0.19339  -0.1894  0.3244  1.0000  -1.4937   0.0000   0.3931
  17.000   1.1529   0.21370   0.20734  -0.1958  0.2988  1.0000  -1.4896   0.0000   0.3947
  18.000   1.2012   0.23580   0.22988  -0.1984  0.2848  1.0000  -1.5885   0.0000   0.3879
  19.000   1.2524   0.25597   0.25030  -0.2001  0.2567  1.0000  -1.7106   0.0000   0.3802
  20.000   1.2243   0.26344   0.25792  -0.2126  0.2361  1.0000  -1.5424   0.0000   0.3924
  21.000   1.2381   0.28419   0.27885  -0.2190  0.2238  1.0000  -1.5314   0.0000   0.3936
  22.000   1.2712   0.30247   0.29740  -0.2211  0.2045  1.0000  -1.6314   0.0000   0.3880
  23.000   1.2531   0.32391   0.31918  -0.2304  0.1930  1.0000  -1.5221   0.0000   0.3961


