XFLR5 v6.09.05 beta

 Calculated polar for: -10s1223

 1 1 Reynolds number fixed          Mach number fixed         

 xtrf =   1.000 (top)        1.000 (bottom)
 Mach =   0.000     Re =     0.045 e 6     Ncrit =   9.000

  alpha     CL        CD       CDp       Cm    Top Xtr Bot Xtr   Cpmin    Chinge    XCp    
 ------- -------- --------- --------- -------- ------- ------- -------- --------- ---------
   0.000   0.2960   0.06746   0.06164  -0.1044  0.7114  0.3666  -0.8575   0.0000   0.6032
   1.000   0.2830   0.06717   0.06176  -0.0925  0.6839  0.4537  -0.8424   0.0000   0.5757
   2.000   0.6668   0.04590   0.03711  -0.1829  0.6546  0.1466  -1.0177   0.0000   0.5207
   3.000   0.7805   0.04745   0.03935  -0.1830  0.6332  0.5372  -1.0964   0.0000   0.4798
   4.000   0.7581   0.05858   0.05123  -0.1772  0.6254  0.6885  -1.0390   0.0000   0.4783
   5.000   0.7316   0.07108   0.06403  -0.1716  0.6305  1.0000  -0.9781   0.0000   0.4783
   7.000   0.7464   0.10417   0.09618  -0.1850  0.7386  1.0000  -0.8905   0.0000   0.4897
   8.000   0.7529   0.11075   0.10242  -0.1788  0.6905  1.0000  -0.8905   0.0000   0.4780
   9.000   0.8099   0.12156   0.11287  -0.1792  0.6491  1.0000  -0.9397   0.0000   0.4603
  10.000   0.8733   0.13351   0.12461  -0.1801  0.6077  1.0000  -1.0089   0.0000   0.4437
  11.000   0.9189   0.14542   0.13643  -0.1805  0.5709  1.0000  -1.0617   0.0000   0.4324
  12.000   0.9675   0.15815   0.14917  -0.1814  0.5328  1.0000  -1.1235   0.0000   0.4219
  13.000   1.0001   0.16986   0.16098  -0.1826  0.4971  1.0000  -1.1750   0.0000   0.4153
  14.000   1.0259   0.18116   0.17253  -0.1847  0.4636  1.0000  -1.2244   0.0000   0.4111
  15.000   1.0559   0.19293   0.18446  -0.1878  0.4301  1.0000  -1.2889   0.0000   0.4072
  16.000   1.0827   0.20564   0.19736  -0.1923  0.4032  1.0000  -1.3380   0.0000   0.4052
  17.000   1.1192   0.22217   0.21411  -0.1963  0.3778  1.0000  -1.3915   0.0000   0.4011
  18.000   1.1720   0.24623   0.23870  -0.1991  0.3489  1.0000  -1.4873   0.0000   0.3935
  19.000   1.1898   0.25584   0.24857  -0.2042  0.3206  1.0000  -1.5053   0.0000   0.3932
  20.000   1.1912   0.26815   0.26109  -0.2120  0.2962  1.0000  -1.4482   0.0000   0.3975
  21.000   1.2234   0.29430   0.28751  -0.2158  0.2847  1.0000  -1.4857   0.0000   0.3938
  22.000   1.2415   0.30932   0.30283  -0.2203  0.2597  1.0000  -1.5200   0.0000   0.3925
  23.000   1.2282   0.32594   0.31968  -0.2278  0.2447  1.0000  -1.4427   0.0000   0.3984
  24.000   1.2751   0.35953   0.35391  -0.2275  0.2294  1.0000  -1.6136   0.0000   0.3887


