XFLR5 v6.09.05 beta

 Calculated polar for: -10s1223

 1 1 Reynolds number fixed          Mach number fixed         

 xtrf =   1.000 (top)        1.000 (bottom)
 Mach =   0.000     Re =     0.155 e 6     Ncrit =   9.000

  alpha     CL        CD       CDp       Cm    Top Xtr Bot Xtr   Cpmin    Chinge    XCp    
 ------- -------- --------- --------- -------- ------- ------- -------- --------- ---------
   0.000   0.4538   0.03928   0.03311  -0.1514  0.5281  0.0941  -0.9998   0.0000   0.5804
   1.000   0.6784   0.02206   0.01320  -0.1826  0.5040  0.0451  -1.1759   0.0000   0.5148
   2.000   0.8142   0.01966   0.01039  -0.1874  0.4825  0.0619  -1.2528   0.0000   0.4745
   3.000   0.9479   0.01928   0.01063  -0.1914  0.4656  0.3845  -1.3823   0.0000   0.4448
   4.000   1.0642   0.02061   0.01206  -0.1921  0.4510  0.4996  -1.5003   0.0000   0.4220
   5.000   1.1197   0.02052   0.01294  -0.1781  0.4397  1.0000  -1.5787   0.0000   0.3992
   6.000   1.2337   0.02235   0.01447  -0.1787  0.4279  1.0000  -1.7130   0.0000   0.3834
   7.000   1.3400   0.02553   0.01762  -0.1785  0.4159  1.0000  -1.8525   0.0000   0.3703
   8.000   1.4409   0.02798   0.02041  -0.1774  0.4042  1.0000  -2.0115   0.0000   0.3586
   9.000   1.5460   0.02991   0.02233  -0.1768  0.3913  1.0000  -2.2020   0.0000   0.3480
  10.000   1.6340   0.03383   0.02656  -0.1743  0.3775  1.0000  -2.4038   0.0000   0.3386
  11.000   1.7229   0.03596   0.02919  -0.1714  0.3619  1.0000  -2.7020   0.0000   0.3295
  12.000   1.8128   0.03856   0.03196  -0.1690  0.3462  1.0000  -3.0372   0.0000   0.3211
  13.000   1.8932   0.03925   0.03311  -0.1645  0.3274  1.0000  -3.3715   0.0000   0.3125
  15.000   2.0295   0.04028   0.03452  -0.1515  0.2854  1.0000  -4.0957   0.0000   0.2956
  16.000   2.0093   0.04571   0.04067  -0.1368  0.2643  1.0000  -4.2694   0.0000   0.2867
  17.000   1.9515   0.06094   0.05643  -0.1336  0.2394  1.0000  -4.3143   0.0000   0.2845
  18.000   1.8613   0.08432   0.08015  -0.1371  0.2111  1.0000  -4.2365   0.0000   0.2871
  19.000   1.8274   0.10166   0.09745  -0.1410  0.1802  1.0000  -4.2984   0.0000   0.2880
  20.000   1.8030   0.11804   0.11383  -0.1457  0.1518  1.0000  -4.3708   0.0000   0.2890
  21.000   1.7630   0.13770   0.13380  -0.1547  0.1321  1.0000  -4.3850   0.0000   0.2933
  22.000   1.4943   0.21547   0.21228  -0.1962  0.1103  1.0000  -3.1952   0.0000   0.3378
  23.000   1.3403   0.29882   0.29576  -0.2282  0.1035  1.0000  -2.0666   0.0000   0.3794


