XFLR5 v6.09.05 beta

 Calculated polar for: -10s1223

 1 1 Reynolds number fixed          Mach number fixed         

 xtrf =   1.000 (top)        1.000 (bottom)
 Mach =   0.000     Re =     0.020 e 6     Ncrit =   9.000

  alpha     CL        CD       CDp       Cm    Top Xtr Bot Xtr   Cpmin    Chinge    XCp    
 ------- -------- --------- --------- -------- ------- ------- -------- --------- ---------
   0.000  -0.0154   0.09153   0.08529  -0.0106  0.9995  1.0000  -0.7373   0.0000  -0.5305
   1.000   0.0109   0.08814   0.08208  -0.0182  0.9831  1.0000  -0.7460   0.0000   2.0194
   2.000  -0.1400   0.09096   0.08539   0.0163  0.9961  0.9456  -0.8340   0.0000   0.3573
   3.000  -0.2854   0.09029   0.08514   0.0447  1.0000  0.8586  -0.9332   0.0000   0.4006
   4.000  -0.0284   0.08610   0.07935  -0.0718  1.0000  0.3237  -1.0656   0.0000  -2.2973
   5.000   0.1972   0.08541   0.07708  -0.1169  1.0000  0.2933  -0.9320   0.0000   0.8382
   6.000   0.3954   0.08977   0.08120  -0.1420  1.0000  0.6508  -1.0608   0.0000   0.6024
   8.000   0.5374   0.10708   0.09512  -0.1519  1.0000  1.0000  -0.7134   0.0000   0.5229
   9.000   0.5964   0.11830   0.10556  -0.1560  1.0000  1.0000  -0.7515   0.0000   0.5004
  10.000   0.6515   0.13018   0.11695  -0.1602  1.0000  1.0000  -0.7842   0.0000   0.4832
  11.000   0.7337   0.14362   0.13018  -0.1708  0.9496  1.0000  -0.8452   0.0000   0.4687
  12.000   0.8167   0.15770   0.14411  -0.1794  0.8608  1.0000  -0.9222   0.0000   0.4541
  13.000   0.8849   0.17403   0.16042  -0.1851  0.7955  1.0000  -0.9949   0.0000   0.4421
  14.000   0.9372   0.18876   0.17530  -0.1885  0.7353  1.0000  -1.0631   0.0000   0.4325
  15.000   0.9723   0.19827   0.18520  -0.1904  0.6810  1.0000  -1.1192   0.0000   0.4256
  16.000   1.0410   0.22696   0.21414  -0.1968  0.6358  1.0000  -1.2313   0.0000   0.4171
  17.000   1.0483   0.22620   0.21364  -0.1978  0.5908  1.0000  -1.2456   0.0000   0.4149
  18.000   1.0793   0.24010   0.22786  -0.2019  0.5490  1.0000  -1.2746   0.0000   0.4114
  19.000   1.1092   0.25600   0.24412  -0.2062  0.5088  1.0000  -1.3115   0.0000   0.4083
  20.000   1.1357   0.27301   0.26188  -0.2106  0.4718  1.0000  -1.3363   0.0000   0.4058
  21.000   1.1599   0.29298   0.28223  -0.2154  0.4462  1.0000  -1.3380   0.0000   0.4040
  22.000   1.1893   0.31818   0.30786  -0.2194  0.4162  1.0000  -1.3819   0.0000   0.4007
  23.000   1.2019   0.33456   0.32471  -0.2231  0.3878  1.0000  -1.3883   0.0000   0.3995
  24.000   1.1873   0.34869   0.33954  -0.2259  0.3704  1.0000  -1.3565   0.0000   0.4019
  25.000   1.1878   0.37344   0.36485  -0.2257  0.3477  1.0000  -1.3691   0.0000   0.3995


