XFLR5 v6.09.05 beta

 Calculated polar for: -10s1223

 1 1 Reynolds number fixed          Mach number fixed         

 xtrf =   1.000 (top)        1.000 (bottom)
 Mach =   0.000     Re =     0.330 e 6     Ncrit =   9.000

  alpha     CL        CD       CDp       Cm    Top Xtr Bot Xtr   Cpmin    Chinge    XCp    
 ------- -------- --------- --------- -------- ------- ------- -------- --------- ---------
   0.000   0.5020   0.02625   0.02028  -0.1669  0.4672  0.0375  -1.2801   0.0000   0.5791
   1.000   0.6947   0.01605   0.00805  -0.1852  0.4440  0.0272  -1.3231   0.0000   0.5121
   2.000   0.8277   0.01474   0.00638  -0.1893  0.4244  0.0404  -1.2880   0.0000   0.4727
   3.000   0.9673   0.01396   0.00596  -0.1945  0.4123  0.2784  -1.4269   0.0000   0.4437
   4.000   1.0867   0.01430   0.00651  -0.1956  0.4001  0.3944  -1.5588   0.0000   0.4211
   5.000   1.2035   0.01490   0.00788  -0.1961  0.3870  0.8499  -1.6878   0.0000   0.4026
   6.000   1.2828   0.01561   0.00871  -0.1877  0.3804  0.9309  -1.7973   0.0000   0.3845
   8.000   1.4853   0.01698   0.01016  -0.1828  0.3621  1.0000  -2.1039   0.0000   0.3579
   9.000   1.5961   0.01893   0.01211  -0.1834  0.3491  1.0000  -2.3025   0.0000   0.3480
  10.000   1.7033   0.01969   0.01321  -0.1830  0.3400  1.0000  -2.5500   0.0000   0.3386
  11.000   1.8079   0.02044   0.01401  -0.1823  0.3267  1.0000  -2.9091   0.0000   0.3300
  12.000   1.9062   0.02159   0.01537  -0.1808  0.3110  1.0000  -3.2716   0.0000   0.3219
  13.000   1.9986   0.02228   0.01629  -0.1781  0.2931  1.0000  -3.6393   0.0000   0.3139
  14.000   2.0820   0.02365   0.01803  -0.1741  0.2742  1.0000  -4.0473   0.0000   0.3062
  15.000   2.1375   0.02565   0.02029  -0.1655  0.2461  1.0000  -4.4086   0.0000   0.2977
  16.000   2.1357   0.03140   0.02596  -0.1506  0.1939  1.0000  -4.6428   0.0000   0.2885
  17.000   2.0714   0.04786   0.04266  -0.1440  0.1587  1.0000  -4.6897   0.0000   0.2850
  18.000   1.9760   0.07263   0.06787  -0.1455  0.1385  1.0000  -4.6173   0.0000   0.2866
  19.000   1.8820   0.09956   0.09519  -0.1510  0.1209  1.0000  -4.5150   0.0000   0.2906
  20.000   1.8206   0.12327   0.11911  -0.1585  0.1021  1.0000  -4.4799   0.0000   0.2949
  21.000   1.7814   0.14366   0.13969  -0.1670  0.0870  1.0000  -4.5167   0.0000   0.2990
  22.000   1.7699   0.15857   0.15478  -0.1748  0.0755  1.0000  -4.6821   0.0000   0.3012
  23.000   1.7648   0.17345   0.16997  -0.1828  0.0672  1.0000  -5.1288   0.0000   0.3031
  24.000   1.7539   0.19066   0.18739  -0.1922  0.0595  1.0000  -5.6121   0.0000   0.3061
  25.000   1.7505   0.20701   0.20400  -0.2010  0.0527  1.0000  -6.1694   0.0000   0.3082


