XFLR5 v6.09.05 beta

 Calculated polar for: -10s1223

 1 1 Reynolds number fixed          Mach number fixed         

 xtrf =   1.000 (top)        1.000 (bottom)
 Mach =   0.000     Re =     0.165 e 6     Ncrit =   9.000

  alpha     CL        CD       CDp       Cm    Top Xtr Bot Xtr   Cpmin    Chinge    XCp    
 ------- -------- --------- --------- -------- ------- ------- -------- --------- ---------
   0.000   0.4669   0.03704   0.03083  -0.1564  0.5230  0.0913  -1.0046   0.0000   0.5816
   1.000   0.6816   0.02102   0.01215  -0.1833  0.4978  0.0437  -1.1976   0.0000   0.5146
   2.000   0.8155   0.01901   0.00984  -0.1876  0.4768  0.0597  -1.2566   0.0000   0.4743
   3.000   0.9505   0.01875   0.01004  -0.1917  0.4599  0.3723  -1.3882   0.0000   0.4447
   4.000   1.0667   0.01980   0.01136  -0.1924  0.4463  0.4890  -1.5065   0.0000   0.4219
   5.000   1.1227   0.01962   0.01210  -0.1784  0.4346  1.0000  -1.5863   0.0000   0.3990
   6.000   1.2380   0.02164   0.01374  -0.1792  0.4229  1.0000  -1.7228   0.0000   0.3833
   7.000   1.3442   0.02427   0.01650  -0.1789  0.4120  1.0000  -1.8614   0.0000   0.3701
   8.000   1.4484   0.02645   0.01891  -0.1782  0.3998  1.0000  -2.0257   0.0000   0.3584
   9.000   1.5557   0.02875   0.02111  -0.1781  0.3870  1.0000  -2.2194   0.0000   0.3481
  10.000   1.6438   0.03194   0.02474  -0.1754  0.3736  1.0000  -2.4230   0.0000   0.3385
  11.000   1.7421   0.03338   0.02652  -0.1737  0.3590  1.0000  -2.7450   0.0000   0.3295
  12.000   1.8252   0.03630   0.02977  -0.1703  0.3430  1.0000  -3.0676   0.0000   0.3211
  13.000   1.9207   0.03607   0.02978  -0.1677  0.3245  1.0000  -3.4357   0.0000   0.3128
  14.000   1.9812   0.03760   0.03176  -0.1604  0.3032  1.0000  -3.7659   0.0000   0.3042
  15.000   2.0371   0.03855   0.03288  -0.1521  0.2831  1.0000  -4.1206   0.0000   0.2955
  16.000   2.0469   0.04198   0.03675  -0.1396  0.2601  1.0000  -4.3713   0.0000   0.2867
  17.000   1.9999   0.05480   0.05010  -0.1339  0.2343  1.0000  -4.4547   0.0000   0.2829
  18.000   1.9257   0.07506   0.07061  -0.1353  0.2049  1.0000  -4.4350   0.0000   0.2835
  19.000   1.8547   0.09753   0.09323  -0.1401  0.1751  1.0000  -4.3909   0.0000   0.2862
  20.000   1.8002   0.11934   0.11526  -0.1475  0.1495  1.0000  -4.3630   0.0000   0.2901
  21.000   1.7810   0.13502   0.13106  -0.1537  0.1284  1.0000  -4.4639   0.0000   0.2917
  22.000   1.7125   0.16152   0.15817  -0.1685  0.1150  1.0000  -4.3458   0.0000   0.3015


