XFLR5 v6.09.05 beta

 Calculated polar for: -10s1223

 1 1 Reynolds number fixed          Mach number fixed         

 xtrf =   1.000 (top)        1.000 (bottom)
 Mach =   0.000     Re =     0.015 e 6     Ncrit =   9.000

  alpha     CL        CD       CDp       Cm    Top Xtr Bot Xtr   Cpmin    Chinge    XCp    
 ------- -------- --------- --------- -------- ------- ------- -------- --------- ---------
   0.000  -0.0188   0.09140   0.08392  -0.0087  1.0000  0.9944  -0.8023   0.0000  -0.2799
   1.000  -0.1594   0.09598   0.08907   0.0210  1.0000  0.9114  -0.8923   0.0000   0.3721
   2.000  -0.2949   0.09759   0.09119   0.0441  1.0000  0.8156  -0.9981   0.0000   0.3934
   3.000  -0.3682   0.09410   0.08789   0.0417  1.0000  0.6779  -1.1049   0.0000   0.3580
   4.000  -0.0578   0.08729   0.07946  -0.0590  1.0000  0.3883  -1.0793   0.0000  -0.7837
   5.000   0.1582   0.08664   0.07746  -0.1025  1.0000  0.4121  -0.9442   0.0000   0.8933
   6.000   0.3169   0.08689   0.07822  -0.1184  1.0000  0.7349  -1.0805   0.0000   0.6167
   7.000   0.4541   0.09648   0.08388  -0.1412  1.0000  1.0000  -0.9697   0.0000   0.5526
   8.000   0.5202   0.10689   0.09275  -0.1459  1.0000  1.0000  -0.7149   0.0000   0.5206
   9.000   0.5798   0.11781   0.10277  -0.1501  1.0000  1.0000  -0.7516   0.0000   0.4976
  10.000   0.6353   0.12933   0.11373  -0.1543  1.0000  1.0000  -0.7845   0.0000   0.4801
  11.000   0.6878   0.14143   0.12552  -0.1588  1.0000  1.0000  -0.8248   0.0000   0.4666
  12.000   0.7374   0.15407   0.13804  -0.1635  1.0000  1.0000  -0.8643   0.0000   0.4560
  13.000   0.7845   0.16728   0.15124  -0.1687  1.0000  1.0000  -0.9023   0.0000   0.4476
  14.000   0.8588   0.18157   0.16574  -0.1805  0.9372  1.0000  -0.9757   0.0000   0.4412
  15.000   0.9259   0.19701   0.18165  -0.1889  0.8501  1.0000  -1.0603   0.0000   0.4334
  16.000   0.9805   0.21239   0.19733  -0.1943  0.7731  1.0000  -1.1393   0.0000   0.4260
  17.000   1.0156   0.22446   0.20971  -0.1981  0.7212  1.0000  -1.1945   0.0000   0.4211
  18.000   1.0640   0.24716   0.23281  -0.2037  0.6684  1.0000  -1.2507   0.0000   0.4156
  19.000   1.0860   0.25655   0.24259  -0.2068  0.6194  1.0000  -1.2704   0.0000   0.4128
  20.000   1.1178   0.27484   0.26175  -0.2113  0.5748  1.0000  -1.3076   0.0000   0.4094
  21.000   1.1518   0.29784   0.28526  -0.2157  0.5315  1.0000  -1.3337   0.0000   0.4056
  22.000   1.1630   0.31190   0.29975  -0.2196  0.5007  1.0000  -1.3320   0.0000   0.4050
  23.000   1.1740   0.33003   0.31836  -0.2230  0.4688  1.0000  -1.3362   0.0000   0.4040
  24.000   1.1798   0.35074   0.33958  -0.2257  0.4451  1.0000  -1.3436   0.0000   0.4031
  25.000   1.2119   0.38641   0.37620  -0.2298  0.4182  1.0000  -1.4134   0.0000   0.3991


