XFLR5 v6.09.05 beta

 Calculated polar for: -10s1223

 1 1 Reynolds number fixed          Mach number fixed         

 xtrf =   1.000 (top)        1.000 (bottom)
 Mach =   0.000     Re =     0.295 e 6     Ncrit =   9.000

  alpha     CL        CD       CDp       Cm    Top Xtr Bot Xtr   Cpmin    Chinge    XCp    
 ------- -------- --------- --------- -------- ------- ------- -------- --------- ---------
   2.000   0.8242   0.01530   0.00686  -0.1885  0.4333  0.0430  -1.2833   0.0000   0.4728
   3.000   0.9656   0.01472   0.00659  -0.1943  0.4171  0.2972  -1.4218   0.0000   0.4439
   5.000   1.1921   0.01523   0.00819  -0.1933  0.3957  0.8652  -1.6755   0.0000   0.4019
   6.000   1.2678   0.01656   0.00947  -0.1845  0.3838  0.9502  -1.7797   0.0000   0.3837
   7.000   1.3692   0.01709   0.01008  -0.1820  0.3774  1.0000  -1.9208   0.0000   0.3695
   8.000   1.4821   0.01818   0.01125  -0.1825  0.3674  1.0000  -2.0956   0.0000   0.3580
   9.000   1.5929   0.01950   0.01249  -0.1828  0.3553  1.0000  -2.2967   0.0000   0.3479
  10.000   1.6985   0.02114   0.01450  -0.1824  0.3444  1.0000  -2.5372   0.0000   0.3386
  11.000   1.8021   0.02191   0.01543  -0.1815  0.3314  1.0000  -2.8932   0.0000   0.3300
  12.000   1.9004   0.02328   0.01689  -0.1800  0.3151  1.0000  -3.2549   0.0000   0.3219
  13.000   1.9913   0.02362   0.01760  -0.1769  0.2977  1.0000  -3.6198   0.0000   0.3138
  14.000   2.0712   0.02507   0.01936  -0.1724  0.2791  1.0000  -4.0173   0.0000   0.3059
  15.000   2.1235   0.02701   0.02158  -0.1632  0.2543  1.0000  -4.3702   0.0000   0.2972
  16.000   2.1362   0.03163   0.02636  -0.1502  0.2131  1.0000  -4.6369   0.0000   0.2883
  17.000   2.0744   0.04706   0.04197  -0.1426  0.1758  1.0000  -4.6928   0.0000   0.2843
  19.000   1.8794   0.09901   0.09465  -0.1495  0.1319  1.0000  -4.5022   0.0000   0.2900
  20.000   1.8157   0.12301   0.11883  -0.1573  0.1099  1.0000  -4.4586   0.0000   0.2945
  21.000   1.7765   0.14343   0.13942  -0.1660  0.0921  1.0000  -4.4965   0.0000   0.2987
  22.000   1.7684   0.15774   0.15399  -0.1735  0.0802  1.0000  -4.6734   0.0000   0.3006
  23.000   1.7572   0.17369   0.17006  -0.1821  0.0699  1.0000  -5.0476   0.0000   0.3032
  24.000   1.7523   0.18974   0.18654  -0.1908  0.0633  1.0000  -5.5814   0.0000   0.3055
  25.000   1.7469   0.20638   0.20326  -0.1998  0.0547  1.0000  -6.1194   0.0000   0.3078


