XFLR5 v6.09.05 beta

 Calculated polar for: -10s1223

 1 1 Reynolds number fixed          Mach number fixed         

 xtrf =   1.000 (top)        1.000 (bottom)
 Mach =   0.000     Re =     0.320 e 6     Ncrit =   9.000

  alpha     CL        CD       CDp       Cm    Top Xtr Bot Xtr   Cpmin    Chinge    XCp    
 ------- -------- --------- --------- -------- ------- ------- -------- --------- ---------
   0.000   0.4993   0.02686   0.02090  -0.1660  0.4695  0.0390  -1.2579   0.0000   0.5791
   1.000   0.6937   0.01631   0.00827  -0.1850  0.4458  0.0275  -1.3166   0.0000   0.5122
   2.000   0.8265   0.01486   0.00648  -0.1890  0.4272  0.0412  -1.2868   0.0000   0.4727
   3.000   0.9669   0.01414   0.00612  -0.1945  0.4138  0.2843  -1.4256   0.0000   0.4438
   4.000   1.0860   0.01450   0.00667  -0.1954  0.4018  0.3971  -1.5570   0.0000   0.4211
   5.000   1.2009   0.01491   0.00787  -0.1954  0.3898  0.8537  -1.6855   0.0000   0.4024
   6.000   1.2791   0.01585   0.00891  -0.1869  0.3815  0.9360  -1.7929   0.0000   0.3843
   7.000   1.3710   0.01628   0.00940  -0.1822  0.3736  1.0000  -1.9260   0.0000   0.3694
   8.000   1.4845   0.01728   0.01044  -0.1827  0.3636  1.0000  -2.1019   0.0000   0.3580
   9.000   1.5951   0.01935   0.01248  -0.1833  0.3497  1.0000  -2.3000   0.0000   0.3480
  10.000   1.7020   0.02007   0.01355  -0.1829  0.3413  1.0000  -2.5466   0.0000   0.3386
  11.000   1.8065   0.02079   0.01435  -0.1821  0.3281  1.0000  -2.9052   0.0000   0.3300
  12.000   1.9046   0.02203   0.01576  -0.1805  0.3122  1.0000  -3.2670   0.0000   0.3219
  13.000   1.9969   0.02260   0.01661  -0.1778  0.2944  1.0000  -3.6346   0.0000   0.3139
  14.000   2.0791   0.02402   0.01838  -0.1737  0.2756  1.0000  -4.0393   0.0000   0.3061
  15.000   2.1343   0.02600   0.02064  -0.1650  0.2491  1.0000  -4.3993   0.0000   0.2976
  16.000   2.1338   0.03156   0.02614  -0.1503  0.1997  1.0000  -4.6366   0.0000   0.2884
  17.000   2.0758   0.04722   0.04206  -0.1437  0.1629  1.0000  -4.7003   0.0000   0.2847
  18.000   1.9788   0.07206   0.06733  -0.1451  0.1422  1.0000  -4.6242   0.0000   0.2862
  19.000   1.8819   0.09933   0.09497  -0.1506  0.1241  1.0000  -4.5134   0.0000   0.2904
  20.000   1.8194   0.12318   0.11903  -0.1582  0.1042  1.0000  -4.4748   0.0000   0.2948
  21.000   1.7784   0.14387   0.13987  -0.1669  0.0879  1.0000  -4.5046   0.0000   0.2991
  22.000   1.7701   0.15826   0.15447  -0.1744  0.0769  1.0000  -4.6824   0.0000   0.3010
  23.000   1.7626   0.17355   0.17005  -0.1826  0.0681  1.0000  -5.1056   0.0000   0.3032
  24.000   1.7538   0.19034   0.18710  -0.1918  0.0606  1.0000  -5.6072   0.0000   0.3059
  25.000   1.7492   0.20694   0.20391  -0.2007  0.0533  1.0000  -6.1527   0.0000   0.3082


