XFLR5 v6.09.05 beta

 Calculated polar for: -10s1223

 1 1 Reynolds number fixed          Mach number fixed         

 xtrf =   1.000 (top)        1.000 (bottom)
 Mach =   0.000     Re =     0.290 e 6     Ncrit =   9.000

  alpha     CL        CD       CDp       Cm    Top Xtr Bot Xtr   Cpmin    Chinge    XCp    
 ------- -------- --------- --------- -------- ------- ------- -------- --------- ---------
   0.000   0.5096   0.02653   0.02021  -0.1692  0.4765  0.0478  -1.2754   0.0000   0.5787
   1.000   0.6898   0.01735   0.00915  -0.1841  0.4512  0.0286  -1.2882   0.0000   0.5124
   2.000   0.8238   0.01541   0.00695  -0.1885  0.4344  0.0433  -1.2825   0.0000   0.4728
   3.000   0.9653   0.01485   0.00669  -0.1943  0.4177  0.2996  -1.4210   0.0000   0.4439
   4.000   1.0837   0.01519   0.00722  -0.1950  0.4074  0.4064  -1.5508   0.0000   0.4212
   6.000   1.2646   0.01651   0.00939  -0.1838  0.3850  0.9541  -1.7771   0.0000   0.3835
   7.000   1.3689   0.01728   0.01023  -0.1820  0.3782  1.0000  -1.9196   0.0000   0.3695
   8.000   1.4815   0.01838   0.01144  -0.1824  0.3683  1.0000  -2.0942   0.0000   0.3580
   9.000   1.5922   0.01959   0.01258  -0.1826  0.3565  1.0000  -2.2955   0.0000   0.3478
  10.000   1.6977   0.02138   0.01471  -0.1823  0.3450  1.0000  -2.5352   0.0000   0.3386
  11.000   1.8010   0.02217   0.01568  -0.1814  0.3321  1.0000  -2.8903   0.0000   0.3300
  12.000   1.8995   0.02357   0.01715  -0.1799  0.3156  1.0000  -3.2523   0.0000   0.3219
  13.000   1.9899   0.02386   0.01784  -0.1767  0.2984  1.0000  -3.6163   0.0000   0.3137
  14.000   2.0695   0.02530   0.01957  -0.1721  0.2798  1.0000  -4.0127   0.0000   0.3058
  15.000   2.1211   0.02724   0.02178  -0.1628  0.2551  1.0000  -4.3637   0.0000   0.2971
  16.000   2.1361   0.03171   0.02646  -0.1501  0.2159  1.0000  -4.6352   0.0000   0.2883
  17.000   2.0748   0.04694   0.04187  -0.1424  0.1783  1.0000  -4.6933   0.0000   0.2841
  18.000   1.9767   0.07165   0.06697  -0.1437  0.1546  1.0000  -4.6141   0.0000   0.2857
  19.000   1.8818   0.09849   0.09415  -0.1491  0.1337  1.0000  -4.5092   0.0000   0.2897
  20.000   1.8173   0.12262   0.11846  -0.1570  0.1116  1.0000  -4.4630   0.0000   0.2943
  21.000   1.7780   0.14300   0.13899  -0.1656  0.0932  1.0000  -4.5020   0.0000   0.2984
  22.000   1.7676   0.15771   0.15395  -0.1733  0.0809  1.0000  -4.6695   0.0000   0.3005
  23.000   1.7563   0.17363   0.16998  -0.1819  0.0702  1.0000  -5.0386   0.0000   0.3032
  24.000   1.7520   0.18962   0.18642  -0.1906  0.0639  1.0000  -5.5754   0.0000   0.3054
  25.000   1.7465   0.20624   0.20312  -0.1996  0.0550  1.0000  -6.1128   0.0000   0.3077


