XFLR5 v6.09.05 beta

 Calculated polar for: -10s1223

 1 1 Reynolds number fixed          Mach number fixed         

 xtrf =   1.000 (top)        1.000 (bottom)
 Mach =   0.000     Re =     0.185 e 6     Ncrit =   9.000

  alpha     CL        CD       CDp       Cm    Top Xtr Bot Xtr   Cpmin    Chinge    XCp    
 ------- -------- --------- --------- -------- ------- ------- -------- --------- ---------
   0.000   0.4595   0.03644   0.03047  -0.1535  0.5127  0.0738  -1.0045   0.0000   0.5807
   1.000   0.6859   0.01991   0.01116  -0.1843  0.4871  0.0407  -1.2188   0.0000   0.5143
   2.000   0.8178   0.01797   0.00891  -0.1878  0.4669  0.0555  -1.2638   0.0000   0.4738
   3.000   0.9541   0.01803   0.00941  -0.1924  0.4508  0.3532  -1.3950   0.0000   0.4445
   4.000   1.0715   0.01849   0.01016  -0.1931  0.4370  0.4706  -1.5184   0.0000   0.4216
   5.000   1.1323   0.01844   0.01092  -0.1801  0.4258  0.9544  -1.6032   0.0000   0.3990
   6.000   1.2414   0.02065   0.01299  -0.1797  0.4152  1.0000  -1.7316   0.0000   0.3833
   7.000   1.3514   0.02226   0.01466  -0.1797  0.4040  1.0000  -1.8774   0.0000   0.3699
   8.000   1.4617   0.02396   0.01638  -0.1798  0.3927  1.0000  -2.0508   0.0000   0.3582
   9.000   1.5624   0.02711   0.01970  -0.1790  0.3804  1.0000  -2.2333   0.0000   0.3481
  10.000   1.6608   0.02873   0.02159  -0.1773  0.3668  1.0000  -2.4574   0.0000   0.3384
  11.000   1.7651   0.03061   0.02361  -0.1768  0.3524  1.0000  -2.7972   0.0000   0.3298
  12.000   1.8468   0.03259   0.02611  -0.1728  0.3369  1.0000  -3.1201   0.0000   0.3212
  13.000   1.9468   0.03321   0.02677  -0.1714  0.3172  1.0000  -3.4987   0.0000   0.3133
  14.000   2.0133   0.03349   0.02757  -0.1643  0.2978  1.0000  -3.8527   0.0000   0.3046
  15.000   2.0567   0.03548   0.02993  -0.1542  0.2779  1.0000  -4.1782   0.0000   0.2957
  16.000   2.0712   0.03905   0.03386  -0.1420  0.2540  1.0000  -4.4421   0.0000   0.2869
  17.000   2.0340   0.05068   0.04590  -0.1353  0.2260  1.0000  -4.5563   0.0000   0.2823
  18.000   1.9481   0.07269   0.06830  -0.1368  0.1971  1.0000  -4.5063   0.0000   0.2834
  19.000   1.8590   0.09811   0.09398  -0.1425  0.1692  1.0000  -4.4099   0.0000   0.2873
  20.000   1.8089   0.11924   0.11527  -0.1494  0.1440  1.0000  -4.4004   0.0000   0.2906
  21.000   1.7824   0.13650   0.13269  -0.1563  0.1239  1.0000  -4.4763   0.0000   0.2931
  22.000   1.7691   0.15121   0.14749  -0.1640  0.1064  1.0000  -4.6475   0.0000   0.2952
  23.000   1.7428   0.17080   0.16736  -0.1753  0.0929  1.0000  -4.9068   0.0000   0.3004
  24.000   1.6859   0.19948   0.19660  -0.1910  0.0831  1.0000  -4.8927   0.0000   0.3107
  25.000   1.7005   0.21172   0.20887  -0.1977  0.0707  1.0000  -5.5588   0.0000   0.3103


