XFLR5 v6.09.05 beta

 Calculated polar for: -10s1223

 1 1 Reynolds number fixed          Mach number fixed         

 xtrf =   1.000 (top)        1.000 (bottom)
 Mach =   0.000     Re =     0.255 e 6     Ncrit =   9.000

  alpha     CL        CD       CDp       Cm    Top Xtr Bot Xtr   Cpmin    Chinge    XCp    
 ------- -------- --------- --------- -------- ------- ------- -------- --------- ---------
   0.000   0.4883   0.02981   0.02377  -0.1632  0.4854  0.0516  -1.1320   0.0000   0.5807
   1.000   0.6917   0.01725   0.00874  -0.1849  0.4606  0.0317  -1.3093   0.0000   0.5127
   2.000   0.8199   0.01644   0.00779  -0.1877  0.4430  0.0451  -1.2761   0.0000   0.4729
   3.000   0.9605   0.01535   0.00704  -0.1932  0.4278  0.3130  -1.4149   0.0000   0.4438
   4.000   1.0814   0.01618   0.00807  -0.1948  0.4144  0.4252  -1.5430   0.0000   0.4214
   5.000   1.1798   0.01636   0.00920  -0.1906  0.4044  0.8883  -1.6570   0.0000   0.4013
   6.000   1.2510   0.01669   0.00950  -0.1806  0.3952  1.0000  -1.7621   0.0000   0.3826
   7.000   1.3658   0.01888   0.01157  -0.1817  0.3830  1.0000  -1.9102   0.0000   0.3697
   8.000   1.4767   0.02001   0.01290  -0.1818  0.3749  1.0000  -2.0829   0.0000   0.3581
   9.000   1.5861   0.02114   0.01407  -0.1818  0.3632  1.0000  -2.2820   0.0000   0.3478
  10.000   1.6913   0.02344   0.01654  -0.1816  0.3491  1.0000  -2.5198   0.0000   0.3387
  11.000   1.7915   0.02433   0.01777  -0.1801  0.3378  1.0000  -2.8657   0.0000   0.3299
  12.000   1.8923   0.02514   0.01857  -0.1788  0.3217  1.0000  -3.2327   0.0000   0.3217
  13.000   1.9788   0.02588   0.01979  -0.1751  0.3033  1.0000  -3.5872   0.0000   0.3135
  14.000   2.0579   0.02719   0.02127  -0.1704  0.2844  1.0000  -3.9792   0.0000   0.3055
  15.000   2.1073   0.02884   0.02327  -0.1607  0.2618  1.0000  -4.3240   0.0000   0.2967
  16.000   2.1214   0.03317   0.02794  -0.1479  0.2318  1.0000  -4.5908   0.0000   0.2878
  17.000   2.0801   0.04592   0.04104  -0.1405  0.1965  1.0000  -4.7002   0.0000   0.2831
  18.000   1.9880   0.06927   0.06474  -0.1413  0.1694  1.0000  -4.6396   0.0000   0.2841
  19.000   1.8911   0.09589   0.09166  -0.1465  0.1461  1.0000  -4.5301   0.0000   0.2879
  20.000   1.8243   0.12015   0.11611  -0.1544  0.1229  1.0000  -4.4780   0.0000   0.2925
  21.000   1.7834   0.14062   0.13671  -0.1631  0.1023  1.0000  -4.5153   0.0000   0.2967
  22.000   1.7605   0.15751   0.15369  -0.1721  0.0860  1.0000  -4.6342   0.0000   0.3003
  23.000   1.7490   0.17385   0.17026  -0.1810  0.0756  1.0000  -4.9670   0.0000   0.3032
  24.000   1.7490   0.18860   0.18535  -0.1889  0.0676  1.0000  -5.5291   0.0000   0.3046
  25.000   1.7344   0.20792   0.20501  -0.1994  0.0606  1.0000  -5.9701   0.0000   0.3086


