XFLR5 v6.09.05 beta

 Calculated polar for: -10s1223

 1 1 Reynolds number fixed          Mach number fixed         

 xtrf =   1.000 (top)        1.000 (bottom)
 Mach =   0.000     Re =     0.030 e 6     Ncrit =   9.000

  alpha     CL        CD       CDp       Cm    Top Xtr Bot Xtr   Cpmin    Chinge    XCp    
 ------- -------- --------- --------- -------- ------- ------- -------- --------- ---------
   0.000  -0.0984   0.10200   0.09670  -0.0317  0.8379  0.4440  -0.8317   0.0000  -0.0891
   2.000  -0.0355   0.08531   0.08049  -0.0079  0.8126  0.8042  -0.7289   0.0000   0.0023
   3.000  -0.1822   0.08890   0.08459   0.0185  0.8767  0.8088  -0.8069   0.0000   0.3443
   4.000  -0.3898   0.08616   0.08242   0.0569  1.0000  0.7672  -0.9206   0.0000   0.3906
   5.000  -0.3132   0.07908   0.07531   0.0365  1.0000  0.7709  -0.9139   0.0000   0.3610
   6.000   0.3884   0.08987   0.08109  -0.1494  1.0000  0.2587  -0.9233   0.0000   0.6284
   7.000   0.5275   0.09848   0.09007  -0.1614  0.9731  1.0000  -0.8853   0.0000   0.5480
   8.000   0.6409   0.11066   0.10084  -0.1723  0.8875  1.0000  -0.7767   0.0000   0.5095
   9.000   0.7249   0.12245   0.11197  -0.1767  0.8102  1.0000  -0.8454   0.0000   0.4829
  10.000   0.7880   0.13469   0.12392  -0.1789  0.7539  1.0000  -0.9010   0.0000   0.4647
  11.000   0.8808   0.15372   0.14269  -0.1850  0.7060  1.0000  -0.9958   0.0000   0.4461
  12.000   0.8917   0.15996   0.14894  -0.1825  0.6626  1.0000  -1.0065   0.0000   0.4393
  13.000   0.9353   0.17117   0.16022  -0.1839  0.6134  1.0000  -1.0651   0.0000   0.4297
  14.000   0.9858   0.18552   0.17485  -0.1866  0.5712  1.0000  -1.1438   0.0000   0.4207
  15.000   1.0258   0.19924   0.18875  -0.1895  0.5336  1.0000  -1.2145   0.0000   0.4144
  16.000   1.0704   0.21552   0.20526  -0.1927  0.4945  1.0000  -1.3035   0.0000   0.4079
  17.000   1.0967   0.22698   0.21696  -0.1964  0.4596  1.0000  -1.3410   0.0000   0.4051
  18.000   1.1174   0.23904   0.22928  -0.2010  0.4276  1.0000  -1.3485   0.0000   0.4040
  19.000   1.1408   0.25405   0.24489  -0.2059  0.3956  1.0000  -1.3782   0.0000   0.4026
  20.000   1.1639   0.27299   0.26413  -0.2113  0.3763  1.0000  -1.3847   0.0000   0.4017
  21.000   1.2062   0.30187   0.29336  -0.2146  0.3490  1.0000  -1.4393   0.0000   0.3959
  22.000   1.2032   0.30895   0.30075  -0.2206  0.3254  1.0000  -1.4096   0.0000   0.3991
  23.000   1.2094   0.32942   0.32155  -0.2251  0.3111  1.0000  -1.3928   0.0000   0.3996
  24.000   1.2507   0.36333   0.35620  -0.2269  0.2872  1.0000  -1.5241   0.0000   0.3925
  25.000   1.0667   0.33813   0.33173  -0.2047  0.2668  1.0000  -1.1533   0.0000   0.4028


