XFLR5 v6.09.05 beta

 Calculated polar for: -10s1223

 1 1 Reynolds number fixed          Mach number fixed         

 xtrf =   1.000 (top)        1.000 (bottom)
 Mach =   0.000     Re =     0.270 e 6     Ncrit =   9.000

  alpha     CL        CD       CDp       Cm    Top Xtr Bot Xtr   Cpmin    Chinge    XCp    
 ------- -------- --------- --------- -------- ------- ------- -------- --------- ---------
   1.000   0.6918   0.01750   0.00907  -0.1847  0.4542  0.0301  -1.2976   0.0000   0.5125
   2.000   0.8218   0.01592   0.00737  -0.1881  0.4392  0.0444  -1.2791   0.0000   0.4729
   3.000   0.9626   0.01514   0.00687  -0.1937  0.4226  0.3078  -1.4178   0.0000   0.4439
   4.000   1.0825   0.01571   0.00767  -0.1949  0.4114  0.4175  -1.5466   0.0000   0.4213
   5.000   1.1847   0.01588   0.00878  -0.1917  0.4009  0.8796  -1.6644   0.0000   0.4015
   6.000   1.2524   0.01629   0.00913  -0.1809  0.3916  0.9787  -1.7665   0.0000   0.3826
   7.000   1.3673   0.01811   0.01092  -0.1818  0.3811  1.0000  -1.9147   0.0000   0.3696
   8.000   1.4789   0.01926   0.01223  -0.1821  0.3719  1.0000  -2.0880   0.0000   0.3581
   9.000   1.5892   0.02033   0.01329  -0.1822  0.3604  1.0000  -2.2888   0.0000   0.3478
  10.000   1.6945   0.02246   0.01566  -0.1819  0.3475  1.0000  -2.5269   0.0000   0.3387
  11.000   1.7960   0.02332   0.01680  -0.1807  0.3352  1.0000  -2.8771   0.0000   0.3299
  12.000   1.8959   0.02489   0.01834  -0.1796  0.3174  1.0000  -3.2411   0.0000   0.3219
  13.000   1.9840   0.02493   0.01888  -0.1759  0.3011  1.0000  -3.6009   0.0000   0.3136
  14.000   2.0628   0.02632   0.02050  -0.1711  0.2825  1.0000  -3.9937   0.0000   0.3057
  15.000   2.1123   0.02814   0.02260  -0.1614  0.2583  1.0000  -4.3395   0.0000   0.2968
  16.000   2.1283   0.03248   0.02726  -0.1489  0.2263  1.0000  -4.6113   0.0000   0.2880
  17.000   2.0826   0.04581   0.04086  -0.1413  0.1882  1.0000  -4.7105   0.0000   0.2834
  18.000   1.9868   0.06983   0.06525  -0.1424  0.1626  1.0000  -4.6396   0.0000   0.2846
  19.000   1.8903   0.09655   0.09229  -0.1476  0.1405  1.0000  -4.5314   0.0000   0.2885
  20.000   1.8230   0.12101   0.11694  -0.1555  0.1181  1.0000  -4.4768   0.0000   0.2932
  21.000   1.7824   0.14147   0.13753  -0.1641  0.0981  1.0000  -4.5156   0.0000   0.2973
  22.000   1.7633   0.15771   0.15394  -0.1727  0.0837  1.0000  -4.6485   0.0000   0.3005
  23.000   1.7513   0.17393   0.17027  -0.1816  0.0728  1.0000  -4.9874   0.0000   0.3033
  24.000   1.7508   0.18898   0.18577  -0.1897  0.0660  1.0000  -5.5536   0.0000   0.3049
  25.000   1.7385   0.20757   0.20456  -0.1998  0.0584  1.0000  -6.0229   0.0000   0.3085


