XFLR5 v6.09.05 beta

 Calculated polar for: -10s1223

 1 1 Reynolds number fixed          Mach number fixed         

 xtrf =   1.000 (top)        1.000 (bottom)
 Mach =   0.000     Re =     0.160 e 6     Ncrit =   9.000

  alpha     CL        CD       CDp       Cm    Top Xtr Bot Xtr   Cpmin    Chinge    XCp    
 ------- -------- --------- --------- -------- ------- ------- -------- --------- ---------
   0.000   0.4604   0.03817   0.03198  -0.1539  0.5255  0.0925  -1.0022   0.0000   0.5811
   2.000   0.8148   0.01932   0.01011  -0.1875  0.4796  0.0608  -1.2547   0.0000   0.4744
   3.000   0.9491   0.01895   0.01029  -0.1915  0.4628  0.3782  -1.3854   0.0000   0.4447
   4.000   1.0655   0.02019   0.01169  -0.1922  0.4487  0.4937  -1.5035   0.0000   0.4219
   5.000   1.1212   0.02006   0.01251  -0.1783  0.4371  1.0000  -1.5825   0.0000   0.3991
   6.000   1.2362   0.02189   0.01399  -0.1790  0.4255  1.0000  -1.7187   0.0000   0.3833
   7.000   1.3422   0.02487   0.01703  -0.1787  0.4140  1.0000  -1.8570   0.0000   0.3702
   8.000   1.4446   0.02720   0.01965  -0.1778  0.4019  1.0000  -2.0186   0.0000   0.3585
   9.000   1.5519   0.02913   0.02151  -0.1775  0.3893  1.0000  -2.2125   0.0000   0.3480
  10.000   1.6390   0.03286   0.02563  -0.1748  0.3755  1.0000  -2.4133   0.0000   0.3385
  11.000   1.7331   0.03460   0.02778  -0.1726  0.3604  1.0000  -2.7247   0.0000   0.3295
  12.000   1.8191   0.03739   0.03083  -0.1697  0.3446  1.0000  -3.0526   0.0000   0.3211
  13.000   1.9083   0.03752   0.03131  -0.1662  0.3259  1.0000  -3.4066   0.0000   0.3127
  14.000   1.9705   0.03895   0.03312  -0.1592  0.3049  1.0000  -3.7374   0.0000   0.3041
  15.000   2.0330   0.03940   0.03369  -0.1517  0.2843  1.0000  -4.1076   0.0000   0.2955
  16.000   2.0306   0.04359   0.03845  -0.1383  0.2622  1.0000  -4.3269   0.0000   0.2866
  17.000   1.9794   0.05738   0.05278  -0.1337  0.2368  1.0000  -4.3950   0.0000   0.2835
  18.000   1.9003   0.07865   0.07433  -0.1359  0.2081  1.0000  -4.3566   0.0000   0.2849
  19.000   1.8572   0.09679   0.09241  -0.1391  0.1763  1.0000  -4.3972   0.0000   0.2856
  20.000   1.8007   0.11884   0.11471  -0.1467  0.1507  1.0000  -4.3637   0.0000   0.2896
  21.000   1.7833   0.13411   0.13010  -0.1526  0.1292  1.0000  -4.4722   0.0000   0.2910
  22.000   1.6414   0.17679   0.17364  -0.1769  0.1158  1.0000  -3.9912   0.0000   0.3117
  23.000   1.3391   0.30172   0.29875  -0.2288  0.1119  1.0000  -2.0225   0.0000   0.3801


