XFLR5 v6.09.05 beta

 Calculated polar for: -10s1223

 1 1 Reynolds number fixed          Mach number fixed         

 xtrf =   1.000 (top)        1.000 (bottom)
 Mach =   0.000     Re =     0.240 e 6     Ncrit =   9.000

  alpha     CL        CD       CDp       Cm    Top Xtr Bot Xtr   Cpmin    Chinge    XCp    
 ------- -------- --------- --------- -------- ------- ------- -------- --------- ---------
   0.000   0.4803   0.03165   0.02563  -0.1604  0.4889  0.0543  -1.0687   0.0000   0.5805
   1.000   0.6907   0.01749   0.00899  -0.1848  0.4662  0.0333  -1.2949   0.0000   0.5130
   2.000   0.8210   0.01663   0.00787  -0.1880  0.4471  0.0465  -1.2745   0.0000   0.4731
   3.000   0.9592   0.01571   0.00738  -0.1930  0.4323  0.3205  -1.4114   0.0000   0.4439
   4.000   1.0802   0.01676   0.00854  -0.1946  0.4171  0.4332  -1.5390   0.0000   0.4215
   5.000   1.1709   0.01682   0.00962  -0.1886  0.4083  0.8979  -1.6464   0.0000   0.4009
   6.000   1.2495   0.01731   0.01007  -0.1805  0.3988  1.0000  -1.7568   0.0000   0.3827
   7.000   1.3646   0.01915   0.01170  -0.1815  0.3866  1.0000  -1.9077   0.0000   0.3697
   8.000   1.4743   0.02087   0.01366  -0.1816  0.3780  1.0000  -2.0774   0.0000   0.3582
   9.000   1.5822   0.02211   0.01502  -0.1813  0.3662  1.0000  -2.2736   0.0000   0.3479
  10.000   1.6888   0.02415   0.01714  -0.1812  0.3515  1.0000  -2.5140   0.0000   0.3387
  11.000   1.7866   0.02547   0.01885  -0.1795  0.3407  1.0000  -2.8529   0.0000   0.3299
  12.000   1.8866   0.02598   0.01944  -0.1779  0.3252  1.0000  -3.2183   0.0000   0.3216
  13.000   1.9728   0.02698   0.02086  -0.1743  0.3060  1.0000  -3.5716   0.0000   0.3134
  14.000   2.0533   0.02817   0.02215  -0.1698  0.2860  1.0000  -3.9648   0.0000   0.3055
  15.000   2.1005   0.02976   0.02423  -0.1598  0.2650  1.0000  -4.3038   0.0000   0.2965
  16.000   2.1160   0.03390   0.02875  -0.1472  0.2367  1.0000  -4.5730   0.0000   0.2877
  17.000   2.0723   0.04659   0.04171  -0.1394  0.2036  1.0000  -4.6760   0.0000   0.2829
  18.000   1.9827   0.06945   0.06488  -0.1403  0.1754  1.0000  -4.6215   0.0000   0.2838
  19.000   1.8896   0.09539   0.09109  -0.1453  0.1507  1.0000  -4.5225   0.0000   0.2874
  20.000   1.8257   0.11911   0.11501  -0.1530  0.1271  1.0000  -4.4797   0.0000   0.2917
  21.000   1.7851   0.13946   0.13549  -0.1617  0.1061  1.0000  -4.5172   0.0000   0.2958
  22.000   1.7618   0.15635   0.15243  -0.1708  0.0882  1.0000  -4.6373   0.0000   0.2994
  23.000   1.7470   0.17358   0.17005  -0.1803  0.0780  1.0000  -4.9537   0.0000   0.3029
  24.000   1.7472   0.18816   0.18485  -0.1881  0.0692  1.0000  -5.5023   0.0000   0.3043
  25.000   1.7281   0.20873   0.20589  -0.1993  0.0627  1.0000  -5.8930   0.0000   0.3090


