XFLR5 v6.09.05 beta

 Calculated polar for: -10s1223

 1 1 Reynolds number fixed          Mach number fixed         

 xtrf =   1.000 (top)        1.000 (bottom)
 Mach =   0.000     Re =     0.325 e 6     Ncrit =   9.000

  alpha     CL        CD       CDp       Cm    Top Xtr Bot Xtr   Cpmin    Chinge    XCp    
 ------- -------- --------- --------- -------- ------- ------- -------- --------- ---------
   0.000   0.5006   0.02656   0.02060  -0.1665  0.4683  0.0382  -1.2682   0.0000   0.5791
   1.000   0.6942   0.01618   0.00816  -0.1851  0.4449  0.0274  -1.3200   0.0000   0.5121
   3.000   0.9671   0.01405   0.00604  -0.1945  0.4131  0.2814  -1.4263   0.0000   0.4437
   4.000   1.0863   0.01440   0.00659  -0.1955  0.4009  0.3958  -1.5579   0.0000   0.4211
   6.000   1.2809   0.01573   0.00881  -0.1873  0.3809  0.9334  -1.7951   0.0000   0.3844
   7.000   1.3713   0.01613   0.00928  -0.1822  0.3728  1.0000  -1.9270   0.0000   0.3694
   8.000   1.4849   0.01713   0.01030  -0.1828  0.3629  1.0000  -2.1029   0.0000   0.3580
   9.000   1.5956   0.01914   0.01229  -0.1834  0.3494  1.0000  -2.3013   0.0000   0.3480
  10.000   1.7027   0.01988   0.01337  -0.1829  0.3407  1.0000  -2.5483   0.0000   0.3386
  11.000   1.8072   0.02061   0.01417  -0.1822  0.3274  1.0000  -2.9072   0.0000   0.3300
  12.000   1.9054   0.02180   0.01556  -0.1807  0.3116  1.0000  -3.2693   0.0000   0.3219
  13.000   1.9978   0.02243   0.01644  -0.1779  0.2937  1.0000  -3.6370   0.0000   0.3139
  14.000   2.0806   0.02383   0.01821  -0.1739  0.2749  1.0000  -4.0434   0.0000   0.3062
  15.000   2.1360   0.02582   0.02046  -0.1653  0.2477  1.0000  -4.4042   0.0000   0.2977
  16.000   2.1351   0.03146   0.02603  -0.1505  0.1969  1.0000  -4.6407   0.0000   0.2885
  17.000   2.0738   0.04752   0.04234  -0.1438  0.1608  1.0000  -4.6955   0.0000   0.2849
  18.000   1.9777   0.07231   0.06756  -0.1453  0.1402  1.0000  -4.6216   0.0000   0.2864
  19.000   1.8821   0.09942   0.09506  -0.1508  0.1225  1.0000  -4.5148   0.0000   0.2905
  20.000   1.8201   0.12321   0.11906  -0.1584  0.1031  1.0000  -4.4777   0.0000   0.2949
  21.000   1.7799   0.14377   0.13978  -0.1669  0.0875  1.0000  -4.5108   0.0000   0.2991
  22.000   1.7701   0.15840   0.15461  -0.1746  0.0762  1.0000  -4.6826   0.0000   0.3011
  23.000   1.7637   0.17349   0.17000  -0.1827  0.0677  1.0000  -5.1178   0.0000   0.3031
  24.000   1.7539   0.19049   0.18724  -0.1920  0.0601  1.0000  -5.6102   0.0000   0.3060
  25.000   1.7498   0.20698   0.20396  -0.2009  0.0530  1.0000  -6.1608   0.0000   0.3082


