XFLR5 v6.09.05 beta

 Calculated polar for: -10s1223

 1 1 Reynolds number fixed          Mach number fixed         

 xtrf =   1.000 (top)        1.000 (bottom)
 Mach =   0.000     Re =     0.180 e 6     Ncrit =   9.000

  alpha     CL        CD       CDp       Cm    Top Xtr Bot Xtr   Cpmin    Chinge    XCp    
 ------- -------- --------- --------- -------- ------- ------- -------- --------- ---------
   0.000   0.4566   0.03721   0.03124  -0.1523  0.5152  0.0760  -1.0032   0.0000   0.5802
   1.000   0.6856   0.02023   0.01141  -0.1843  0.4889  0.0415  -1.2128   0.0000   0.5144
   2.000   0.8173   0.01820   0.00912  -0.1877  0.4692  0.0565  -1.2621   0.0000   0.4739
   3.000   0.9535   0.01836   0.00967  -0.1923  0.4524  0.3562  -1.3932   0.0000   0.4446
   4.000   1.0704   0.01879   0.01045  -0.1929  0.4392  0.4750  -1.5155   0.0000   0.4217
   5.000   1.1278   0.01861   0.01110  -0.1792  0.4280  0.9651  -1.5978   0.0000   0.3988
   6.000   1.2403   0.02109   0.01338  -0.1797  0.4166  1.0000  -1.7286   0.0000   0.3833
   7.000   1.3497   0.02272   0.01509  -0.1795  0.4059  1.0000  -1.8736   0.0000   0.3699
   8.000   1.4587   0.02449   0.01693  -0.1794  0.3944  1.0000  -2.0453   0.0000   0.3583
   9.000   1.5600   0.02776   0.02030  -0.1787  0.3817  1.0000  -2.2285   0.0000   0.3481
  10.000   1.6566   0.02948   0.02234  -0.1768  0.3683  1.0000  -2.4490   0.0000   0.3384
  11.000   1.7621   0.03082   0.02383  -0.1763  0.3545  1.0000  -2.7904   0.0000   0.3297
  12.000   1.8416   0.03345   0.02697  -0.1722  0.3383  1.0000  -3.1075   0.0000   0.3211
  13.000   1.9441   0.03367   0.02720  -0.1710  0.3188  1.0000  -3.4913   0.0000   0.3133
  14.000   2.0067   0.03435   0.02845  -0.1635  0.2990  1.0000  -3.8347   0.0000   0.3045
  15.000   2.0516   0.03620   0.03063  -0.1536  0.2792  1.0000  -4.1636   0.0000   0.2956
  16.000   2.0675   0.03960   0.03436  -0.1416  0.2552  1.0000  -4.4307   0.0000   0.2869
  17.000   2.0304   0.05106   0.04623  -0.1348  0.2276  1.0000  -4.5452   0.0000   0.2822
  18.000   1.9446   0.07295   0.06852  -0.1363  0.1988  1.0000  -4.4950   0.0000   0.2833
  19.000   1.8561   0.09830   0.09414  -0.1421  0.1708  1.0000  -4.3992   0.0000   0.2872
  20.000   1.8058   0.11946   0.11547  -0.1491  0.1454  1.0000  -4.3875   0.0000   0.2906
  21.000   1.7810   0.13633   0.13250  -0.1558  0.1252  1.0000  -4.4684   0.0000   0.2929
  22.000   1.7726   0.14999   0.14623  -0.1627  0.1075  1.0000  -4.6690   0.0000   0.2943


