XFLR5 v6.09.05 beta

 Calculated polar for: -10s1223

 1 1 Reynolds number fixed          Mach number fixed         

 xtrf =   1.000 (top)        1.000 (bottom)
 Mach =   0.000     Re =     0.075 e 6     Ncrit =   9.000

  alpha     CL        CD       CDp       Cm    Top Xtr Bot Xtr   Cpmin    Chinge    XCp    
 ------- -------- --------- --------- -------- ------- ------- -------- --------- ---------
   0.000   0.3904   0.05430   0.04836  -0.1300  0.6150  0.2105  -0.9410   0.0000   0.5812
   1.000   0.5261   0.04474   0.03840  -0.1490  0.5901  0.2461  -1.0222   0.0000   0.5296
   2.000   0.7839   0.02881   0.01910  -0.1862  0.5649  0.1067  -1.1811   0.0000   0.4827
   3.000   0.8922   0.03053   0.02220  -0.1857  0.5441  0.5144  -1.2720   0.0000   0.4521
   4.000   0.9839   0.03193   0.02392  -0.1812  0.5291  0.6989  -1.3620   0.0000   0.4267
   5.000   1.0306   0.03726   0.02934  -0.1721  0.5120  1.0000  -1.4067   0.0000   0.4083
   6.000   1.1179   0.04307   0.03490  -0.1711  0.4981  1.0000  -1.5011   0.0000   0.3930
   7.000   1.0994   0.06063   0.05292  -0.1677  0.4809  1.0000  -1.4540   0.0000   0.3916
   8.000   0.9721   0.09092   0.08369  -0.1707  0.4826  1.0000  -1.2353   0.0000   0.4144
  10.000   1.0186   0.12642   0.11931  -0.1781  0.4931  1.0000  -1.2369   0.0000   0.4114
  11.000   1.0365   0.13718   0.13010  -0.1770  0.4580  1.0000  -1.2698   0.0000   0.4058
  12.000   1.0355   0.14870   0.14173  -0.1775  0.4255  1.0000  -1.2654   0.0000   0.4050
  13.000   1.0474   0.16106   0.15431  -0.1798  0.3951  1.0000  -1.2828   0.0000   0.4036
  14.000   1.0720   0.17369   0.16706  -0.1828  0.3665  1.0000  -1.3348   0.0000   0.4008
  15.000   1.1651   0.19509   0.18860  -0.1828  0.3493  1.0000  -1.5635   0.0000   0.3851
  16.000   1.2111   0.20896   0.20266  -0.1836  0.3175  1.0000  -1.6897   0.0000   0.3776
  17.000   1.2343   0.22040   0.21450  -0.1865  0.2864  1.0000  -1.7415   0.0000   0.3751
  18.000   1.1861   0.22787   0.22215  -0.2009  0.2665  1.0000  -1.5489   0.0000   0.3921
  19.000   1.2039   0.24537   0.23984  -0.2075  0.2462  1.0000  -1.5467   0.0000   0.3932
  20.000   1.2841   0.27157   0.26635  -0.2046  0.2293  1.0000  -1.7547   0.0000   0.3774
  21.000   1.2450   0.28107   0.27594  -0.2189  0.2096  1.0000  -1.5637   0.0000   0.3923
  22.000   1.2940   0.31061   0.30591  -0.2188  0.2017  1.0000  -1.7069   0.0000   0.3829


