XFLR5 v6.09.05 beta

 Calculated polar for: -10s1223

 1 1 Reynolds number fixed          Mach number fixed         

 xtrf =   1.000 (top)        1.000 (bottom)
 Mach =   0.000     Re =     0.265 e 6     Ncrit =   9.000

  alpha     CL        CD       CDp       Cm    Top Xtr Bot Xtr   Cpmin    Chinge    XCp    
 ------- -------- --------- --------- -------- ------- ------- -------- --------- ---------
   1.000   0.6922   0.01736   0.00888  -0.1849  0.4560  0.0307  -1.3054   0.0000   0.5126
   2.000   0.8212   0.01608   0.00750  -0.1879  0.4405  0.0446  -1.2781   0.0000   0.4729
   3.000   0.9618   0.01518   0.00690  -0.1935  0.4245  0.3096  -1.4170   0.0000   0.4438
   4.000   1.0822   0.01586   0.00780  -0.1949  0.4124  0.4200  -1.5455   0.0000   0.4213
   5.000   1.1835   0.01604   0.00892  -0.1914  0.4020  0.8826  -1.6623   0.0000   0.4015
   6.000   1.2517   0.01637   0.00921  -0.1807  0.3929  1.0000  -1.7650   0.0000   0.3826
   7.000   1.3669   0.01835   0.01112  -0.1818  0.3817  1.0000  -1.9133   0.0000   0.3697
   8.000   1.4782   0.01950   0.01245  -0.1820  0.3729  1.0000  -2.0864   0.0000   0.3581
   9.000   1.5883   0.02058   0.01353  -0.1821  0.3613  1.0000  -2.2867   0.0000   0.3478
  10.000   1.6935   0.02276   0.01593  -0.1818  0.3480  1.0000  -2.5247   0.0000   0.3387
  11.000   1.7945   0.02364   0.01711  -0.1805  0.3361  1.0000  -2.8734   0.0000   0.3299
  12.000   1.8949   0.02517   0.01860  -0.1795  0.3180  1.0000  -3.2383   0.0000   0.3219
  13.000   1.9824   0.02523   0.01917  -0.1756  0.3018  1.0000  -3.5965   0.0000   0.3136
  14.000   2.0612   0.02660   0.02075  -0.1709  0.2832  1.0000  -3.9888   0.0000   0.3056
  15.000   2.1108   0.02835   0.02282  -0.1612  0.2595  1.0000  -4.3348   0.0000   0.2968
  16.000   2.1249   0.03276   0.02752  -0.1484  0.2281  1.0000  -4.6018   0.0000   0.2879
  17.000   2.0827   0.04575   0.04083  -0.1411  0.1910  1.0000  -4.7095   0.0000   0.2833
  18.000   1.9880   0.06954   0.06498  -0.1420  0.1648  1.0000  -4.6420   0.0000   0.2844
  19.000   1.8909   0.09628   0.09204  -0.1472  0.1424  1.0000  -4.5322   0.0000   0.2883
  20.000   1.8237   0.12070   0.11665  -0.1551  0.1197  1.0000  -4.4779   0.0000   0.2929
  21.000   1.7828   0.14118   0.13726  -0.1638  0.0995  1.0000  -4.5159   0.0000   0.2971
  22.000   1.7621   0.15772   0.15394  -0.1726  0.0844  1.0000  -4.6426   0.0000   0.3004
  23.000   1.7503   0.17398   0.17035  -0.1814  0.0738  1.0000  -4.9761   0.0000   0.3033
  24.000   1.7504   0.18880   0.18557  -0.1894  0.0666  1.0000  -5.5479   0.0000   0.3048
  25.000   1.7373   0.20765   0.20468  -0.1997  0.0592  1.0000  -6.0073   0.0000   0.3085


