XFLR5 v6.09.05 beta

 Calculated polar for: -10s1223

 1 1 Reynolds number fixed          Mach number fixed         

 xtrf =   1.000 (top)        1.000 (bottom)
 Mach =   0.000     Re =     0.315 e 6     Ncrit =   9.000

  alpha     CL        CD       CDp       Cm    Top Xtr Bot Xtr   Cpmin    Chinge    XCp    
 ------- -------- --------- --------- -------- ------- ------- -------- --------- ---------
   0.000   0.4983   0.02716   0.02120  -0.1657  0.4707  0.0400  -1.2490   0.0000   0.5790
   2.000   0.8260   0.01493   0.00654  -0.1889  0.4285  0.0416  -1.2862   0.0000   0.4727
   3.000   0.9667   0.01424   0.00620  -0.1945  0.4145  0.2870  -1.4249   0.0000   0.4438
   4.000   1.0856   0.01460   0.00675  -0.1954  0.4026  0.3983  -1.5560   0.0000   0.4211
   5.000   1.1991   0.01494   0.00790  -0.1950  0.3911  0.8558  -1.6837   0.0000   0.4023
   6.000   1.2774   0.01599   0.00901  -0.1866  0.3820  0.9386  -1.7908   0.0000   0.3842
   7.000   1.3706   0.01643   0.00953  -0.1821  0.3743  1.0000  -1.9250   0.0000   0.3695
   8.000   1.4841   0.01745   0.01059  -0.1827  0.3643  1.0000  -2.1007   0.0000   0.3580
   9.000   1.5945   0.01958   0.01268  -0.1832  0.3500  1.0000  -2.2987   0.0000   0.3480
  10.000   1.7013   0.02027   0.01372  -0.1828  0.3419  1.0000  -2.5448   0.0000   0.3386
  11.000   1.8057   0.02099   0.01454  -0.1820  0.3288  1.0000  -2.9031   0.0000   0.3300
  12.000   1.9037   0.02225   0.01597  -0.1804  0.3128  1.0000  -3.2647   0.0000   0.3219
  13.000   1.9959   0.02278   0.01678  -0.1776  0.2951  1.0000  -3.6320   0.0000   0.3139
  14.000   2.0776   0.02421   0.01857  -0.1734  0.2763  1.0000  -4.0351   0.0000   0.3061
  15.000   2.1324   0.02619   0.02082  -0.1647  0.2504  1.0000  -4.3941   0.0000   0.2975
  17.000   2.0773   0.04699   0.04185  -0.1435  0.1653  1.0000  -4.7036   0.0000   0.2846
  18.000   1.9794   0.07187   0.06716  -0.1448  0.1442  1.0000  -4.6253   0.0000   0.2861
  19.000   1.8813   0.09929   0.09494  -0.1504  0.1257  1.0000  -4.5107   0.0000   0.2904
  20.000   1.8185   0.12317   0.11902  -0.1581  0.1052  1.0000  -4.4712   0.0000   0.2948
  21.000   1.7768   0.14397   0.13994  -0.1668  0.0883  1.0000  -4.4985   0.0000   0.2992
  22.000   1.7700   0.15812   0.15434  -0.1742  0.0775  1.0000  -4.6817   0.0000   0.3009
  23.000   1.7612   0.17367   0.17012  -0.1826  0.0683  1.0000  -5.0892   0.0000   0.3032
  24.000   1.7537   0.19020   0.18697  -0.1916  0.0612  1.0000  -5.6033   0.0000   0.3058
  25.000   1.7486   0.20687   0.20382  -0.2006  0.0537  1.0000  -6.1451   0.0000   0.3081


