XFLR5 v6.09.05 beta

 Calculated polar for: -10s1223

 1 1 Reynolds number fixed          Mach number fixed         

 xtrf =   1.000 (top)        1.000 (bottom)
 Mach =   0.000     Re =     0.170 e 6     Ncrit =   9.000

  alpha     CL        CD       CDp       Cm    Top Xtr Bot Xtr   Cpmin    Chinge    XCp    
 ------- -------- --------- --------- -------- ------- ------- -------- --------- ---------
   0.000   0.4738   0.03599   0.02973  -0.1588  0.5203  0.0903  -1.0073   0.0000   0.5819
   1.000   0.6833   0.02074   0.01186  -0.1837  0.4944  0.0430  -1.2029   0.0000   0.5145
   2.000   0.8162   0.01872   0.00959  -0.1876  0.4741  0.0587  -1.2585   0.0000   0.4742
   3.000   0.9520   0.01873   0.00998  -0.1921  0.4565  0.3666  -1.3902   0.0000   0.4447
   4.000   1.0679   0.01944   0.01104  -0.1926  0.4438  0.4843  -1.5095   0.0000   0.4218
   5.000   1.1240   0.01921   0.01170  -0.1786  0.4323  1.0000  -1.5900   0.0000   0.3989
   6.000   1.2383   0.02187   0.01401  -0.1795  0.4196  1.0000  -1.7233   0.0000   0.3834
   7.000   1.3462   0.02372   0.01600  -0.1791  0.4099  1.0000  -1.8657   0.0000   0.3701
   8.000   1.4520   0.02574   0.01820  -0.1786  0.3979  1.0000  -2.0326   0.0000   0.3584
   9.000   1.5544   0.02932   0.02174  -0.1782  0.3838  1.0000  -2.2175   0.0000   0.3482
  10.000   1.6481   0.03108   0.02392  -0.1758  0.3718  1.0000  -2.4318   0.0000   0.3385
  11.000   1.7501   0.03233   0.02542  -0.1747  0.3575  1.0000  -2.7629   0.0000   0.3296
  12.000   1.8308   0.03530   0.02879  -0.1709  0.3414  1.0000  -3.0811   0.0000   0.3211
  13.000   1.9305   0.03489   0.02853  -0.1690  0.3229  1.0000  -3.4594   0.0000   0.3130
  14.000   1.9908   0.03640   0.03053  -0.1615  0.3017  1.0000  -3.7916   0.0000   0.3043
  15.000   2.0417   0.03773   0.03211  -0.1525  0.2818  1.0000  -4.1345   0.0000   0.2955
  16.000   2.0597   0.04078   0.03546  -0.1408  0.2578  1.0000  -4.4065   0.0000   0.2868
  17.000   2.0150   0.05291   0.04811  -0.1341  0.2318  1.0000  -4.4991   0.0000   0.2824
  18.000   1.9417   0.07288   0.06833  -0.1350  0.2018  1.0000  -4.4844   0.0000   0.2828
  19.000   1.8535   0.09808   0.09383  -0.1409  0.1738  1.0000  -4.3884   0.0000   0.2867
  20.000   1.8011   0.11957   0.11553  -0.1482  0.1482  1.0000  -4.3677   0.0000   0.2904
  21.000   1.7799   0.13567   0.13177  -0.1546  0.1274  1.0000  -4.4607   0.0000   0.2922
  22.000   1.7434   0.15548   0.15198  -0.1654  0.1132  1.0000  -4.4973   0.0000   0.2976
  23.000   1.3922   0.27671   0.27380  -0.2219  0.0924  1.0000  -2.4881   0.0000   0.3666


