XFLR5 v6.09.05 beta

 Calculated polar for: -10s1223

 1 1 Reynolds number fixed          Mach number fixed         

 xtrf =   1.000 (top)        1.000 (bottom)
 Mach =   0.000     Re =     0.085 e 6     Ncrit =   9.000

  alpha     CL        CD       CDp       Cm    Top Xtr Bot Xtr   Cpmin    Chinge    XCp    
 ------- -------- --------- --------- -------- ------- ------- -------- --------- ---------
   0.000   0.4868   0.04107   0.03392  -0.1633  0.5999  0.0857  -1.0812   0.0000   0.5832
   1.000   0.6609   0.02905   0.02018  -0.1835  0.5717  0.0895  -1.0863   0.0000   0.5239
   2.000   0.7900   0.02651   0.01701  -0.1863  0.5474  0.0958  -1.1944   0.0000   0.4807
   3.000   0.9140   0.02779   0.01902  -0.1876  0.5285  0.4946  -1.3099   0.0000   0.4489
   4.000   1.0089   0.02959   0.02145  -0.1854  0.5122  0.6463  -1.3915   0.0000   0.4261
   5.000   1.0690   0.03144   0.02327  -0.1739  0.4972  1.0000  -1.4733   0.0000   0.4035
   6.000   1.1506   0.03790   0.02976  -0.1720  0.4842  1.0000  -1.5582   0.0000   0.3891
   7.000   1.2145   0.04525   0.03731  -0.1692  0.4663  1.0000  -1.6354   0.0000   0.3776
   8.000   1.3063   0.05173   0.04357  -0.1677  0.4544  1.0000  -1.7770   0.0000   0.3651
   9.000   1.0140   0.10011   0.09322  -0.1697  0.4443  1.0000  -1.2902   0.0000   0.4046
  10.000   1.1079   0.10605   0.09905  -0.1672  0.4223  1.0000  -1.4482   0.0000   0.3862
  11.000   1.0066   0.13369   0.12707  -0.1759  0.4303  1.0000  -1.2304   0.0000   0.4097
  12.000   1.0282   0.14651   0.13998  -0.1773  0.4019  1.0000  -1.2578   0.0000   0.4059
  13.000   1.1581   0.16269   0.15626  -0.1754  0.3835  1.0000  -1.5201   0.0000   0.3826
  14.000   1.1820   0.17315   0.16685  -0.1756  0.3497  1.0000  -1.6161   0.0000   0.3778
  16.000   1.1580   0.19516   0.18923  -0.1882  0.2942  1.0000  -1.5625   0.0000   0.3887
  17.000   1.1983   0.20199   0.19637  -0.1896  0.2433  1.0000  -1.6887   0.0000   0.3819
  18.000   1.2242   0.21639   0.21096  -0.1947  0.2204  1.0000  -1.7470   0.0000   0.3806
  19.000   1.2686   0.24506   0.23993  -0.1984  0.2284  1.0000  -1.8022   0.0000   0.3761
  20.000   1.2327   0.26154   0.25657  -0.2140  0.2137  1.0000  -1.5643   0.0000   0.3921
  21.000   1.2930   0.28638   0.28164  -0.2123  0.2016  1.0000  -1.7587   0.0000   0.3798
  22.000   1.2663   0.29944   0.29486  -0.2251  0.1833  1.0000  -1.6009   0.0000   0.3917


