XFLR5 v6.09.05 beta

 Calculated polar for: -10s1223

 1 1 Reynolds number fixed          Mach number fixed         

 xtrf =   1.000 (top)        1.000 (bottom)
 Mach =   0.000     Re =     0.305 e 6     Ncrit =   9.000

  alpha     CL        CD       CDp       Cm    Top Xtr Bot Xtr   Cpmin    Chinge    XCp    
 ------- -------- --------- --------- -------- ------- ------- -------- --------- ---------
   0.000   0.4963   0.02802   0.02205  -0.1646  0.4730  0.0423  -1.2311   0.0000   0.5782
   1.000   0.6919   0.01677   0.00865  -0.1846  0.4486  0.0281  -1.3047   0.0000   0.5123
   2.000   0.8251   0.01510   0.00669  -0.1887  0.4309  0.0423  -1.2848   0.0000   0.4727
   3.000   0.9661   0.01447   0.00639  -0.1944  0.4159  0.2922  -1.4234   0.0000   0.4438
   4.000   1.0847   0.01483   0.00693  -0.1952  0.4045  0.4008  -1.5539   0.0000   0.4211
   5.000   1.1955   0.01505   0.00801  -0.1941  0.3935  0.8603  -1.6798   0.0000   0.4021
   7.000   1.3699   0.01675   0.00980  -0.1821  0.3758  1.0000  -1.9229   0.0000   0.3695
   8.000   1.4832   0.01780   0.01091  -0.1826  0.3658  1.0000  -2.0983   0.0000   0.3580
   9.000   1.5940   0.01952   0.01254  -0.1831  0.3524  1.0000  -2.2982   0.0000   0.3480
  10.000   1.6999   0.02069   0.01410  -0.1826  0.3431  1.0000  -2.5411   0.0000   0.3386
  11.000   1.8041   0.02142   0.01496  -0.1818  0.3301  1.0000  -2.8984   0.0000   0.3300
  12.000   1.9021   0.02275   0.01641  -0.1802  0.3140  1.0000  -3.2599   0.0000   0.3219
  13.000   1.9937   0.02318   0.01717  -0.1773  0.2964  1.0000  -3.6262   0.0000   0.3138
  14.000   2.0744   0.02463   0.01895  -0.1729  0.2777  1.0000  -4.0264   0.0000   0.3060
  15.000   2.1282   0.02659   0.02119  -0.1640  0.2525  1.0000  -4.3826   0.0000   0.2974
  16.000   2.1346   0.03161   0.02627  -0.1502  0.2077  1.0000  -4.6356   0.0000   0.2884
  17.000   2.0779   0.04679   0.04169  -0.1430  0.1705  1.0000  -4.7038   0.0000   0.2844
  18.000   1.9787   0.07175   0.06706  -0.1444  0.1484  1.0000  -4.6217   0.0000   0.2859
  19.000   1.8786   0.09939   0.09502  -0.1500  0.1286  1.0000  -4.5013   0.0000   0.2903
  20.000   1.8163   0.12322   0.11904  -0.1578  0.1073  1.0000  -4.4621   0.0000   0.2947
  21.000   1.7750   0.14399   0.13996  -0.1666  0.0898  1.0000  -4.4910   0.0000   0.2991
  22.000   1.7694   0.15790   0.15414  -0.1738  0.0789  1.0000  -4.6787   0.0000   0.3007
  23.000   1.7591   0.17372   0.17013  -0.1824  0.0692  1.0000  -5.0677   0.0000   0.3032
  24.000   1.7531   0.18996   0.18675  -0.1912  0.0622  1.0000  -5.5932   0.0000   0.3056
  25.000   1.7477   0.20666   0.20358  -0.2002  0.0542  1.0000  -6.1316   0.0000   0.3080


