XFLR5 v6.09.05 beta

 Calculated polar for: -15s1223

 1 1 Reynolds number fixed          Mach number fixed         

 xtrf =   1.000 (top)        1.000 (bottom)
 Mach =   0.000     Re =     0.320 e 6     Ncrit =   9.000

  alpha     CL        CD       CDp       Cm    Top Xtr Bot Xtr   Cpmin    Chinge    XCp    
 ------- -------- --------- --------- -------- ------- ------- -------- --------- ---------
   0.000   0.2109   0.04647   0.04142  -0.1087  0.4773  0.0285  -1.4185   0.0000   0.7603
   2.000   0.4968   0.01700   0.00908  -0.1396  0.4392  0.0224  -1.5775   0.0000   0.5241
   3.000   0.6241   0.01525   0.00681  -0.1419  0.4201  0.0319  -1.1646   0.0000   0.4691
   4.000   0.7485   0.01438   0.00590  -0.1435  0.4118  0.0419  -1.2896   0.0000   0.4324
   5.000   0.8761   0.01378   0.00614  -0.1465  0.3995  0.3832  -1.4208   0.0000   0.4067
   6.000   0.9834   0.01480   0.00797  -0.1444  0.3863  0.8405  -1.5359   0.0000   0.3849
   7.000   1.0628   0.01557   0.00884  -0.1355  0.3811  0.8921  -1.6448   0.0000   0.3641
   8.000   1.1539   0.01616   0.00947  -0.1301  0.3723  0.9175  -1.7739   0.0000   0.3479
   9.000   1.2478   0.01667   0.01002  -0.1259  0.3630  0.9327  -1.9232   0.0000   0.3345
  10.000   1.3392   0.01820   0.01159  -0.1221  0.3509  0.9501  -2.0923   0.0000   0.3231
  11.000   1.4354   0.01851   0.01211  -0.1192  0.3418  0.9636  -2.2988   0.0000   0.3133
  12.000   1.5508   0.01923   0.01300  -0.1211  0.3295  0.9595  -2.6131   0.0000   0.3064
  13.000   1.6606   0.02061   0.01456  -0.1224  0.3151  0.9555  -2.9780   0.0000   0.3000
  14.000   1.7701   0.02064   0.01477  -0.1235  0.2958  0.9520  -3.3641   0.0000   0.2938
  15.000   1.8713   0.02182   0.01631  -0.1237  0.2769  0.9490  -3.7725   0.0000   0.2879
  16.000   1.9609   0.02336   0.01807  -0.1224  0.2497  0.9467  -4.1950   0.0000   0.2819
  17.000   2.0020   0.02739   0.02214  -0.1152  0.2034  0.9451  -4.5164   0.0000   0.2746
  18.000   1.9571   0.04144   0.03649  -0.1113  0.1666  0.9443  -4.5987   0.0000   0.2716
  19.000   1.8595   0.06512   0.06055  -0.1144  0.1470  0.9427  -4.5045   0.0000   0.2738
  20.000   1.7752   0.09005   0.08575  -0.1206  0.1266  0.9414  -4.4172   0.0000   0.2779
  21.000   1.7133   0.11357   0.10946  -0.1286  0.1064  0.9403  -4.3695   0.0000   0.2826
  22.000   1.6780   0.13390   0.12991  -0.1374  0.0890  0.9394  -4.4115   0.0000   0.2870
  23.000   1.6664   0.15048   0.14671  -0.1459  0.0778  0.9389  -4.5616   0.0000   0.2900
  24.000   1.6692   0.16367   0.16015  -0.1542  0.0689  0.9388  -4.9596   0.0000   0.2920
  25.000   1.6639   0.17947   0.17624  -0.1643  0.0615  0.9390  -5.4619   0.0000   0.2955


