XFLR5 v6.09.05 beta

 Calculated polar for: -15s1223

 1 1 Reynolds number fixed          Mach number fixed         

 xtrf =   1.000 (top)        1.000 (bottom)
 Mach =   0.000     Re =     0.270 e 6     Ncrit =   9.000

  alpha     CL        CD       CDp       Cm    Top Xtr Bot Xtr   Cpmin    Chinge    XCp    
 ------- -------- --------- --------- -------- ------- ------- -------- --------- ---------
   0.000   0.1946   0.04596   0.04076  -0.1073  0.4885  0.0324  -1.3749   0.0000   0.7965
   1.000   0.3356   0.03446   0.02836  -0.1251  0.4684  0.0446  -1.2830   0.0000   0.6165
   2.000   0.4930   0.01856   0.01044  -0.1390  0.4495  0.0254  -1.5235   0.0000   0.5249
   3.000   0.6191   0.01605   0.00754  -0.1410  0.4344  0.0381  -1.1585   0.0000   0.4696
   4.000   0.7444   0.01570   0.00692  -0.1429  0.4192  0.0451  -1.2802   0.0000   0.4326
   5.000   0.8712   0.01502   0.00722  -0.1457  0.4091  0.4062  -1.4086   0.0000   0.4067
   6.000   0.9680   0.01551   0.00859  -0.1406  0.3990  0.8566  -1.5181   0.0000   0.3834
   7.000   1.0371   0.01663   0.00963  -0.1295  0.3890  0.9127  -1.6187   0.0000   0.3616
   8.000   1.1203   0.01753   0.01062  -0.1227  0.3809  0.9396  -1.7373   0.0000   0.3448
   9.000   1.2134   0.01819   0.01140  -0.1187  0.3718  0.9549  -1.8811   0.0000   0.3316
  10.000   1.3024   0.01861   0.01187  -0.1139  0.3614  0.9789  -2.0499   0.0000   0.3196
  11.000   1.4076   0.02045   0.01382  -0.1139  0.3489  1.0000  -2.2571   0.0000   0.3113
  12.000   1.5160   0.02136   0.01511  -0.1144  0.3371  1.0000  -2.5446   0.0000   0.3040
  13.000   1.6255   0.02277   0.01647  -0.1156  0.3202  0.9840  -2.9073   0.0000   0.2976
  14.000   1.7312   0.02279   0.01684  -0.1160  0.3045  0.9788  -3.2815   0.0000   0.2913
  15.000   1.8323   0.02368   0.01798  -0.1162  0.2849  0.9752  -3.6790   0.0000   0.2854
  16.000   1.9201   0.02495   0.01945  -0.1146  0.2592  0.9728  -4.0942   0.0000   0.2793
  17.000   1.9728   0.02803   0.02296  -0.1089  0.2279  0.9721  -4.4371   0.0000   0.2725
  18.000   1.9481   0.03947   0.03473  -0.1051  0.1921  0.9756  -4.5729   0.0000   0.2688
  19.000   1.8573   0.06178   0.05737  -0.1084  0.1672  0.9769  -4.4980   0.0000   0.2707
  20.000   1.7721   0.08649   0.08233  -0.1147  0.1439  0.9740  -4.4072   0.0000   0.2747
  21.000   1.7142   0.10906   0.10505  -0.1225  0.1210  0.9711  -4.3723   0.0000   0.2790
  22.000   1.6756   0.12986   0.12599  -0.1315  0.1011  0.9704  -4.4069   0.0000   0.2836
  23.000   1.6570   0.14732   0.14359  -0.1405  0.0853  0.9726  -4.5311   0.0000   0.2873
  24.000   1.6501   0.16204   0.15842  -0.1497  0.0740  0.9786  -4.8268   0.0000   0.2905


