XFLR5 v6.09.05 beta

 Calculated polar for: -15s1223

 1 1 Reynolds number fixed          Mach number fixed         

 xtrf =   1.000 (top)        1.000 (bottom)
 Mach =   0.000     Re =     0.140 e 6     Ncrit =   9.000

  alpha     CL        CD       CDp       Cm    Top Xtr Bot Xtr   Cpmin    Chinge    XCp    
 ------- -------- --------- --------- -------- ------- ------- -------- --------- ---------
   0.000   0.1845   0.05478   0.04925  -0.1000  0.5433  0.0720  -1.0067   0.0000   0.7881
   1.000   0.2968   0.04362   0.03766  -0.1158  0.5218  0.0990  -0.9129   0.0000   0.6341
   2.000   0.4804   0.02483   0.01617  -0.1377  0.5020  0.0434  -1.3742   0.0000   0.5300
   3.000   0.6042   0.02230   0.01312  -0.1398  0.4845  0.0632  -1.1197   0.0000   0.4737
   4.000   0.7273   0.02063   0.01137  -0.1407  0.4693  0.0952  -1.2309   0.0000   0.4347
   5.000   0.8366   0.02164   0.01352  -0.1401  0.4545  0.5148  -1.3386   0.0000   0.4075
   6.000   0.8584   0.02226   0.01502  -0.1176  0.4455  0.9416  -1.3895   0.0000   0.3756
   7.000   0.9420   0.02363   0.01631  -0.1115  0.4339  1.0000  -1.4883   0.0000   0.3558
   8.000   1.0483   0.02643   0.01879  -0.1113  0.4212  1.0000  -1.6248   0.0000   0.3421
   9.000   1.1373   0.03040   0.02317  -0.1100  0.4092  1.0000  -1.7480   0.0000   0.3313
  10.000   1.2375   0.03294   0.02586  -0.1097  0.3951  1.0000  -1.9147   0.0000   0.3216
  11.000   1.3253   0.03743   0.03053  -0.1088  0.3812  1.0000  -2.0879   0.0000   0.3134
  12.000   1.3982   0.04196   0.03547  -0.1072  0.3631  1.0000  -2.2720   0.0000   0.3062
  13.000   1.4946   0.04447   0.03824  -0.1065  0.3492  1.0000  -2.5898   0.0000   0.2988
  14.000   1.4988   0.05281   0.04718  -0.1013  0.3273  1.0000  -2.7308   0.0000   0.2932
  16.000   1.7882   0.04248   0.03690  -0.1022  0.2900  1.0000  -3.7174   0.0000   0.2776
  17.000   1.5457   0.08007   0.07532  -0.1055  0.2606  1.0000  -3.2285   0.0000   0.2870
  18.000   1.5178   0.09670   0.09219  -0.1108  0.2321  1.0000  -3.2826   0.0000   0.2895
  19.000   1.5162   0.11030   0.10601  -0.1157  0.2059  1.0000  -3.4009   0.0000   0.2905
  20.000   1.5364   0.12102   0.11692  -0.1202  0.1813  1.0000  -3.5789   0.0000   0.2898
  21.000   1.5507   0.13282   0.12887  -0.1256  0.1572  1.0000  -3.7252   0.0000   0.2900


