XFLR5 v6.09.05 beta

 Calculated polar for: -15s1223

 1 1 Reynolds number fixed          Mach number fixed         

 xtrf =   1.000 (top)        1.000 (bottom)
 Mach =   0.000     Re =     0.030 e 6     Ncrit =   9.000

  alpha     CL        CD       CDp       Cm    Top Xtr Bot Xtr   Cpmin    Chinge    XCp    
 ------- -------- --------- --------- -------- ------- ------- -------- --------- ---------
   0.000   0.1937   0.06999   0.06388  -0.0629  0.8346  0.7241  -0.7864   0.0000   0.5769
   1.000   0.2791   0.06265   0.05654  -0.0699  0.7980  0.8032  -0.8310   0.0000   0.4993
   2.000   0.1294   0.07207   0.06669  -0.0412  0.7918  0.7774  -0.7199   0.0000   0.5684
   3.000  -0.0478   0.07955   0.07478  -0.0077  0.8186  0.7863  -0.7818   0.0000   0.0743
   6.000   0.1919   0.07411   0.06565  -0.1118  1.0000  0.1924  -1.0429   0.0000   0.8261
   7.000   0.2958   0.07908   0.06960  -0.1184  1.0000  0.2695  -0.9953   0.0000   0.6421
   9.000   0.5284   0.09708   0.08683  -0.1353  0.8842  1.0000  -0.7348   0.0000   0.4955
  10.000   0.6491   0.11325   0.10223  -0.1442  0.7955  1.0000  -0.8342   0.0000   0.4604
  11.000   0.7090   0.12501   0.11377  -0.1452  0.7386  1.0000  -0.8913   0.0000   0.4417
  12.000   0.7314   0.13287   0.12154  -0.1427  0.6890  1.0000  -0.9114   0.0000   0.4307
  13.000   0.7903   0.14616   0.13478  -0.1453  0.6436  1.0000  -0.9732   0.0000   0.4180
  14.000   0.8566   0.16326   0.15194  -0.1492  0.6030  1.0000  -1.0599   0.0000   0.4069
  15.000   0.9153   0.18282   0.17175  -0.1530  0.5637  1.0000  -1.1510   0.0000   0.3983
  16.000   0.9519   0.19715   0.18628  -0.1553  0.5273  1.0000  -1.2194   0.0000   0.3929
  17.000   0.9818   0.21017   0.19953  -0.1579  0.4907  1.0000  -1.2769   0.0000   0.3889
  18.000   1.0138   0.22452   0.21414  -0.1613  0.4546  1.0000  -1.3200   0.0000   0.3855
  19.000   1.0422   0.23552   0.22546  -0.1653  0.4217  1.0000  -1.3511   0.0000   0.3833
  20.000   1.0555   0.24124   0.23171  -0.1706  0.3901  1.0000  -1.3560   0.0000   0.3845
  21.000   1.0685   0.25292   0.24365  -0.1777  0.3693  1.0000  -1.3307   0.0000   0.3873
  22.000   1.1004   0.27344   0.26448  -0.1831  0.3472  1.0000  -1.3519   0.0000   0.3854
  23.000   1.1324   0.29293   0.28435  -0.1882  0.3230  1.0000  -1.4057   0.0000   0.3830
  24.000   1.1355   0.30622   0.29790  -0.1957  0.3057  1.0000  -1.3698   0.0000   0.3871
  25.000   1.1806   0.34302   0.33539  -0.1989  0.2881  1.0000  -1.4962   0.0000   0.3809


