XFLR5 v6.09.05 beta

 Calculated polar for: -15s1223

 1 1 Reynolds number fixed          Mach number fixed         

 xtrf =   1.000 (top)        1.000 (bottom)
 Mach =   0.000     Re =     0.145 e 6     Ncrit =   9.000

  alpha     CL        CD       CDp       Cm    Top Xtr Bot Xtr   Cpmin    Chinge    XCp    
 ------- -------- --------- --------- -------- ------- ------- -------- --------- ---------
   0.000   0.1878   0.05361   0.04807  -0.1025  0.5403  0.0694  -1.0544   0.0000   0.7916
   1.000   0.2997   0.04257   0.03663  -0.1172  0.5186  0.0952  -0.9370   0.0000   0.6347
   2.000   0.4815   0.02417   0.01551  -0.1379  0.4989  0.0424  -1.3836   0.0000   0.5298
   3.000   0.6052   0.02175   0.01263  -0.1399  0.4813  0.0624  -1.1223   0.0000   0.4734
   5.000   0.8393   0.02107   0.01298  -0.1405  0.4522  0.5073  -1.3434   0.0000   0.4073
   6.000   0.8646   0.02171   0.01450  -0.1187  0.4424  0.9355  -1.3975   0.0000   0.3759
   7.000   0.9458   0.02274   0.01540  -0.1117  0.4313  1.0000  -1.4974   0.0000   0.3554
   8.000   1.0487   0.02599   0.01844  -0.1112  0.4189  1.0000  -1.6273   0.0000   0.3419
   9.000   1.1429   0.02921   0.02199  -0.1102  0.4069  1.0000  -1.7588   0.0000   0.3310
  10.000   1.2471   0.03125   0.02411  -0.1101  0.3936  1.0000  -1.9333   0.0000   0.3212
  11.000   1.3319   0.03601   0.02916  -0.1090  0.3792  1.0000  -2.1011   0.0000   0.3131
  12.000   1.4195   0.03901   0.03244  -0.1080  0.3625  1.0000  -2.3141   0.0000   0.3055
  13.000   1.5076   0.04236   0.03616  -0.1070  0.3479  1.0000  -2.6204   0.0000   0.2984
  14.000   1.5780   0.04489   0.03909  -0.1044  0.3286  1.0000  -2.9070   0.0000   0.2915
  16.000   1.8069   0.04064   0.03502  -0.1037  0.2880  1.0000  -3.7670   0.0000   0.2777
  17.000   1.7261   0.05529   0.05050  -0.0990  0.2658  1.0000  -3.7421   0.0000   0.2755
  18.000   1.5734   0.08810   0.08367  -0.1087  0.2344  1.0000  -3.4555   0.0000   0.2853
  19.000   1.5706   0.10130   0.09707  -0.1129  0.2078  1.0000  -3.5825   0.0000   0.2856
  20.000   1.6327   0.10471   0.10052  -0.1137  0.1822  1.0000  -3.9138   0.0000   0.2805
  21.000   1.6630   0.11295   0.10877  -0.1161  0.1542  1.0000  -4.1405   0.0000   0.2779
  22.000   1.5237   0.15244   0.14885  -0.1366  0.1346  1.0000  -3.7099   0.0000   0.2965
  23.000   1.3028   0.22987   0.22640  -0.1738  0.1104  1.0000  -2.4970   0.0000   0.3433
  24.000   1.2675   0.27181   0.26851  -0.1904  0.1089  1.0000  -2.1303   0.0000   0.3600
  25.000   1.2318   0.31112   0.30802  -0.2078  0.1172  1.0000  -1.7429   0.0000   0.3783


