XFLR5 v6.09.05 beta

 Calculated polar for: -15s1223

 1 1 Reynolds number fixed          Mach number fixed         

 xtrf =   1.000 (top)        1.000 (bottom)
 Mach =   0.000     Re =     0.010 e 6     Ncrit =   9.000

  alpha     CL        CD       CDp       Cm    Top Xtr Bot Xtr   Cpmin    Chinge    XCp    
 ------- -------- --------- --------- -------- ------- ------- -------- --------- ---------
   0.000  -0.1145   0.09705   0.08752   0.0120  1.0000  0.8677  -0.9509   0.0000   0.3404
   1.000  -0.2372   0.10118   0.09228   0.0305  1.0000  0.7745  -1.0625   0.0000   0.3707
   2.000  -0.3285   0.09903   0.09059   0.0408  1.0000  0.6980  -1.1641   0.0000   0.3681
   3.000  -0.3720   0.09385   0.08559   0.0363  1.0000  0.6267  -1.2523   0.0000   0.3423
   4.000  -0.2945   0.08502   0.07634   0.0086  1.0000  0.5745  -1.2490   0.0000   0.2740
   5.000  -0.0773   0.07915   0.06890  -0.0450  1.0000  0.5429  -1.1262   0.0000  -0.3362
   6.000   0.0661   0.07456   0.06406  -0.0639  1.0000  0.6852  -1.1502   0.0000   1.2034
   7.000   0.2463   0.07790   0.06348  -0.0937  1.0000  1.0000  -1.3067   0.0000   0.6212
   8.000   0.3197   0.08612   0.06907  -0.0981  1.0000  1.0000  -1.0414   0.0000   0.5464
   9.000   0.3839   0.09488   0.07618  -0.1016  1.0000  1.0000  -0.7529   0.0000   0.5033
  10.000   0.4436   0.10428   0.08455  -0.1053  1.0000  1.0000  -0.7055   0.0000   0.4747
  11.000   0.4998   0.11429   0.09390  -0.1091  1.0000  1.0000  -0.7386   0.0000   0.4545
  12.000   0.5533   0.12494   0.10418  -0.1134  1.0000  1.0000  -0.7794   0.0000   0.4398
  13.000   0.6044   0.13622   0.11529  -0.1180  1.0000  1.0000  -0.8194   0.0000   0.4288
  14.000   0.6531   0.14808   0.12711  -0.1231  1.0000  1.0000  -0.8587   0.0000   0.4206
  15.000   0.6997   0.16056   0.13970  -0.1286  1.0000  1.0000  -0.9075   0.0000   0.4146
  16.000   0.7444   0.17367   0.15308  -0.1347  1.0000  1.0000  -0.9583   0.0000   0.4102
  17.000   0.7872   0.18748   0.16744  -0.1412  1.0000  1.0000  -1.0054   0.0000   0.4070
  18.000   0.8282   0.20201   0.18236  -0.1482  1.0000  1.0000  -1.0610   0.0000   0.4049
  19.000   0.8847   0.21941   0.20032  -0.1600  0.9687  1.0000  -1.1174   0.0000   0.4051
  20.000   0.9508   0.23798   0.21954  -0.1720  0.8555  1.0000  -1.1713   0.0000   0.4035
  21.000   0.9897   0.25360   0.23617  -0.1780  0.7819  1.0000  -1.2164   0.0000   0.4007
  22.000   1.0242   0.27196   0.25512  -0.1836  0.7209  1.0000  -1.2411   0.0000   0.3982
  23.000   1.0702   0.30381   0.28760  -0.1911  0.6705  1.0000  -1.2832   0.0000   0.3955
  24.000   1.0826   0.31348   0.29781  -0.1944  0.6307  1.0000  -1.2919   0.0000   0.3945
  25.000   1.1010   0.33229   0.31724  -0.1988  0.5941  1.0000  -1.3108   0.0000   0.3935


