XFLR5 v6.09.05 beta

 Calculated polar for: -15s1223

 1 1 Reynolds number fixed          Mach number fixed         

 xtrf =   1.000 (top)        1.000 (bottom)
 Mach =   0.000     Re =     0.345 e 6     Ncrit =   9.000

  alpha     CL        CD       CDp       Cm    Top Xtr Bot Xtr   Cpmin    Chinge    XCp    
 ------- -------- --------- --------- -------- ------- ------- -------- --------- ---------
   0.000   0.1987   0.04553   0.04060  -0.1068  0.4726  0.0270  -1.4114   0.0000   0.7825
   1.000   0.3446   0.02665   0.02057  -0.1311  0.4521  0.0326  -1.5446   0.0000   0.6242
   2.000   0.4989   0.01635   0.00846  -0.1400  0.4345  0.0212  -1.6145   0.0000   0.5236
   3.000   0.6245   0.01498   0.00669  -0.1418  0.4179  0.0300  -1.1673   0.0000   0.4689
   4.000   0.7503   0.01390   0.00554  -0.1439  0.4077  0.0402  -1.2935   0.0000   0.4323
   5.000   0.8778   0.01340   0.00576  -0.1468  0.3950  0.3702  -1.4251   0.0000   0.4066
   6.000   0.9895   0.01421   0.00750  -0.1458  0.3839  0.8328  -1.5438   0.0000   0.3855
   7.000   1.0746   0.01508   0.00845  -0.1382  0.3778  0.8841  -1.6574   0.0000   0.3652
   8.000   1.1624   0.01552   0.00890  -0.1319  0.3687  0.9103  -1.7846   0.0000   0.3487
   9.000   1.2629   0.01628   0.00964  -0.1294  0.3586  0.9228  -1.9407   0.0000   0.3360
  10.000   1.3554   0.01750   0.01100  -0.1255  0.3487  0.9399  -2.1122   0.0000   0.3245
  11.000   1.4496   0.01779   0.01145  -0.1221  0.3386  0.9538  -2.3191   0.0000   0.3144
  12.000   1.5667   0.01869   0.01246  -0.1244  0.3253  0.9490  -2.6429   0.0000   0.3077
  13.000   1.6779   0.01976   0.01379  -0.1260  0.3117  0.9450  -3.0124   0.0000   0.3013
  14.000   1.7839   0.02021   0.01433  -0.1264  0.2914  0.9421  -3.3926   0.0000   0.2948
  15.000   1.8852   0.02110   0.01562  -0.1265  0.2730  0.9403  -3.8065   0.0000   0.2888
  16.000   1.9735   0.02272   0.01743  -0.1249  0.2443  0.9387  -4.2274   0.0000   0.2826
  17.000   2.0096   0.02721   0.02189  -0.1170  0.1899  0.9374  -4.5386   0.0000   0.2753
  18.000   1.9476   0.04325   0.03820  -0.1132  0.1564  0.9366  -4.5738   0.0000   0.2728
  19.000   1.8542   0.06670   0.06205  -0.1162  0.1382  0.9350  -4.4903   0.0000   0.2749
  20.000   1.7745   0.09123   0.08688  -0.1225  0.1189  0.9334  -4.4164   0.0000   0.2789
  21.000   1.7162   0.11437   0.11024  -0.1303  0.1006  0.9319  -4.3800   0.0000   0.2835
  22.000   1.6868   0.13376   0.12982  -0.1386  0.0863  0.9308  -4.4431   0.0000   0.2872
  23.000   1.6678   0.15156   0.14776  -0.1477  0.0741  0.9301  -4.5643   0.0000   0.2910
  24.000   1.6752   0.16402   0.16052  -0.1556  0.0663  0.9298  -5.0132   0.0000   0.2924
  25.000   1.6672   0.18020   0.17689  -0.1658  0.0585  0.9297  -5.4960   0.0000   0.2962


