XFLR5 v6.09.05 beta

 Calculated polar for: -15s1223

 1 1 Reynolds number fixed          Mach number fixed         

 xtrf =   1.000 (top)        1.000 (bottom)
 Mach =   0.000     Re =     0.050 e 6     Ncrit =   9.000

  alpha     CL        CD       CDp       Cm    Top Xtr Bot Xtr   Cpmin    Chinge    XCp    
 ------- -------- --------- --------- -------- ------- ------- -------- --------- ---------
   0.000   0.1620   0.08053   0.07472  -0.0977  0.6800  0.2748  -0.7952   0.0000   0.8546
   1.000   0.2006   0.07123   0.06564  -0.0952  0.6594  0.3179  -0.7775   0.0000   0.7234
   2.000   0.2232   0.06622   0.06097  -0.0827  0.6417  0.4516  -0.8015   0.0000   0.6173
   3.000   0.5029   0.04735   0.03879  -0.1454  0.6184  0.1296  -0.9779   0.0000   0.5341
   4.000   0.5884   0.04907   0.03984  -0.1444  0.6069  0.1572  -0.9561   0.0000   0.4893
   5.000   0.6062   0.05226   0.04583  -0.1308  0.5976  0.7187  -0.9663   0.0000   0.4588
   7.000   0.5357   0.07875   0.07195  -0.1394  0.7161  1.0000  -0.8728   0.0000   0.5023
   8.000   0.5995   0.08815   0.08040  -0.1395  0.6809  1.0000  -0.8216   0.0000   0.4735
   9.000   0.6724   0.09858   0.09027  -0.1403  0.6420  1.0000  -0.8906   0.0000   0.4482
  10.000   0.7278   0.10903   0.10044  -0.1405  0.6061  1.0000  -0.9398   0.0000   0.4311
  11.000   0.7844   0.12033   0.11159  -0.1410  0.5690  1.0000  -1.0016   0.0000   0.4164
  12.000   0.8303   0.13160   0.12280  -0.1414  0.5326  1.0000  -1.0585   0.0000   0.4056
  13.000   0.8579   0.14209   0.13333  -0.1419  0.4983  1.0000  -1.0904   0.0000   0.3993
  14.000   0.8898   0.15338   0.14472  -0.1434  0.4636  1.0000  -1.1358   0.0000   0.3935
  15.000   0.9129   0.16502   0.15661  -0.1465  0.4345  1.0000  -1.1752   0.0000   0.3914
  16.000   0.9460   0.17792   0.16966  -0.1503  0.4064  1.0000  -1.2400   0.0000   0.3882
  17.000   0.9926   0.19448   0.18640  -0.1541  0.3811  1.0000  -1.3278   0.0000   0.3829
  18.000   1.0815   0.22407   0.21627  -0.1573  0.3518  1.0000  -1.4893   0.0000   0.3710
  19.000   1.0674   0.22156   0.21395  -0.1632  0.3229  1.0000  -1.4396   0.0000   0.3768
  20.000   1.0731   0.23241   0.22524  -0.1720  0.3007  1.0000  -1.3976   0.0000   0.3826
  21.000   1.1080   0.25292   0.24598  -0.1774  0.2853  1.0000  -1.4232   0.0000   0.3804
  22.000   1.1392   0.26860   0.26194  -0.1830  0.2625  1.0000  -1.4660   0.0000   0.3788
  23.000   1.1451   0.28386   0.27739  -0.1921  0.2441  1.0000  -1.4266   0.0000   0.3840
  24.000   1.2064   0.32135   0.31543  -0.1930  0.2309  1.0000  -1.6085   0.0000   0.3736
  25.000   1.1761   0.32282   0.31709  -0.2042  0.2142  1.0000  -1.4747   0.0000   0.3854


