XFLR5 v6.09.05 beta

 Calculated polar for: -15s1223

 1 1 Reynolds number fixed          Mach number fixed         

 xtrf =   1.000 (top)        1.000 (bottom)
 Mach =   0.000     Re =     0.055 e 6     Ncrit =   9.000

  alpha     CL        CD       CDp       Cm    Top Xtr Bot Xtr   Cpmin    Chinge    XCp    
 ------- -------- --------- --------- -------- ------- ------- -------- --------- ---------
   0.000   0.1579   0.07456   0.06891  -0.0932  0.6613  0.2406  -0.7906   0.0000   0.8419
   1.000   0.2119   0.06671   0.06110  -0.0940  0.6396  0.2827  -0.7975   0.0000   0.6917
   2.000   0.3207   0.05797   0.05202  -0.1155  0.6196  0.2429  -0.8426   0.0000   0.6060
   3.000   0.5333   0.04295   0.03396  -0.1435  0.5994  0.1205  -0.9580   0.0000   0.5136
   4.000   0.5999   0.04632   0.03719  -0.1425  0.5866  0.1466  -0.9769   0.0000   0.4813
   5.000   0.6405   0.04915   0.04265  -0.1333  0.5728  0.8299  -1.0063   0.0000   0.4508
   6.000   0.5985   0.06387   0.05736  -0.1336  0.6071  1.0000  -0.9045   0.0000   0.4656
   8.000   0.6100   0.08711   0.07969  -0.1384  0.6512  1.0000  -0.8362   0.0000   0.4677
   9.000   0.6696   0.09653   0.08863  -0.1382  0.6133  1.0000  -0.8925   0.0000   0.4458
  10.000   0.7207   0.10653   0.09837  -0.1382  0.5777  1.0000  -0.9367   0.0000   0.4298
  11.000   0.7666   0.11708   0.10879  -0.1386  0.5427  1.0000  -0.9841   0.0000   0.4174
  12.000   0.8093   0.12806   0.11970  -0.1393  0.5077  1.0000  -1.0341   0.0000   0.4074
  13.000   0.8480   0.14035   0.13203  -0.1410  0.4802  1.0000  -1.0773   0.0000   0.4002
  14.000   0.9315   0.15916   0.15090  -0.1442  0.4537  1.0000  -1.2072   0.0000   0.3869
  15.000   1.0224   0.17962   0.17158  -0.1467  0.4201  1.0000  -1.3871   0.0000   0.3738
  16.000   0.9910   0.18058   0.17273  -0.1484  0.3887  1.0000  -1.3456   0.0000   0.3786
  17.000   1.0030   0.19039   0.18272  -0.1529  0.3581  1.0000  -1.3628   0.0000   0.3798
  18.000   1.0188   0.20218   0.19471  -0.1597  0.3345  1.0000  -1.3537   0.0000   0.3826
  19.000   1.0589   0.22025   0.21300  -0.1647  0.3156  1.0000  -1.4110   0.0000   0.3795
  20.000   1.1253   0.24731   0.24058  -0.1671  0.2882  1.0000  -1.5487   0.0000   0.3703
  21.000   1.1120   0.24793   0.24136  -0.1776  0.2656  1.0000  -1.4395   0.0000   0.3798
  22.000   1.1345   0.26823   0.26188  -0.1846  0.2554  1.0000  -1.4420   0.0000   0.3809
  23.000   1.1834   0.29112   0.28508  -0.1873  0.2322  1.0000  -1.5691   0.0000   0.3739
  24.000   1.1674   0.30245   0.29657  -0.1992  0.2182  1.0000  -1.4587   0.0000   0.3845
  25.000   1.2212   0.33724   0.33191  -0.1994  0.2040  1.0000  -1.6524   0.0000   0.3744


