XFLR5 v6.09.05 beta

 Calculated polar for: -15s1223

 1 1 Reynolds number fixed          Mach number fixed         

 xtrf =   1.000 (top)        1.000 (bottom)
 Mach =   0.000     Re =     0.280 e 6     Ncrit =   9.000

  alpha     CL        CD       CDp       Cm    Top Xtr Bot Xtr   Cpmin    Chinge    XCp    
 ------- -------- --------- --------- -------- ------- ------- -------- --------- ---------
   1.000   0.3342   0.03383   0.02780  -0.1251  0.4657  0.0444  -1.2883   0.0000   0.6178
   2.000   0.4937   0.01821   0.01014  -0.1391  0.4473  0.0248  -1.5329   0.0000   0.5248
   3.000   0.6200   0.01576   0.00727  -0.1411  0.4319  0.0366  -1.1602   0.0000   0.4695
   4.000   0.7451   0.01539   0.00667  -0.1430  0.4180  0.0443  -1.2823   0.0000   0.4326
   5.000   0.8722   0.01474   0.00698  -0.1458  0.4070  0.4006  -1.4112   0.0000   0.4067
   6.000   0.9733   0.01525   0.00833  -0.1419  0.3968  0.8532  -1.5245   0.0000   0.3839
   7.000   1.0404   0.01684   0.00992  -0.1304  0.3854  0.9082  -1.6204   0.0000   0.3621
   8.000   1.1256   0.01715   0.01031  -0.1238  0.3793  0.9350  -1.7436   0.0000   0.3453
   9.000   1.2225   0.01786   0.01109  -0.1206  0.3698  0.9494  -1.8919   0.0000   0.3324
  10.000   1.3108   0.01834   0.01159  -0.1157  0.3594  0.9717  -2.0605   0.0000   0.3203
  11.000   1.4087   0.01989   0.01333  -0.1139  0.3477  0.9892  -2.2604   0.0000   0.3112
  12.000   1.5206   0.02083   0.01459  -0.1152  0.3355  0.9809  -2.5548   0.0000   0.3042
  13.000   1.6325   0.02240   0.01614  -0.1170  0.3190  0.9756  -2.9212   0.0000   0.2981
  14.000   1.7413   0.02223   0.01628  -0.1179  0.3024  0.9713  -3.3029   0.0000   0.2920
  15.000   1.8422   0.02328   0.01764  -0.1181  0.2833  0.9679  -3.7025   0.0000   0.2861
  16.000   1.9304   0.02462   0.01919  -0.1166  0.2576  0.9655  -4.1192   0.0000   0.2800
  17.000   1.9842   0.02772   0.02267  -0.1109  0.2242  0.9644  -4.4660   0.0000   0.2731
  19.000   1.8584   0.06265   0.05817  -0.1100  0.1628  0.9646  -4.5007   0.0000   0.2715
  20.000   1.7730   0.08746   0.08325  -0.1163  0.1401  0.9629  -4.4100   0.0000   0.2756
  21.000   1.7139   0.11025   0.10620  -0.1241  0.1177  0.9613  -4.3715   0.0000   0.2800
  22.000   1.6747   0.13126   0.12736  -0.1332  0.0983  0.9603  -4.4023   0.0000   0.2847
  23.000   1.6610   0.14803   0.14431  -0.1419  0.0834  0.9604  -4.5455   0.0000   0.2879
  24.000   1.6568   0.16221   0.15856  -0.1507  0.0722  0.9617  -4.8669   0.0000   0.2907


