XFLR5 v6.09.05 beta

 Calculated polar for: -15s1223

 1 1 Reynolds number fixed          Mach number fixed         

 xtrf =   1.000 (top)        1.000 (bottom)
 Mach =   0.000     Re =     0.330 e 6     Ncrit =   9.000

  alpha     CL        CD       CDp       Cm    Top Xtr Bot Xtr   Cpmin    Chinge    XCp    
 ------- -------- --------- --------- -------- ------- ------- -------- --------- ---------
   0.000   0.2082   0.04651   0.04151  -0.1079  0.4752  0.0284  -1.4054   0.0000   0.7631
   1.000   0.3400   0.02792   0.02192  -0.1298  0.4538  0.0339  -1.4708   0.0000   0.6255
   2.000   0.4976   0.01673   0.00883  -0.1398  0.4373  0.0219  -1.5916   0.0000   0.5239
   3.000   0.6243   0.01511   0.00673  -0.1418  0.4193  0.0310  -1.1658   0.0000   0.4690
   4.000   0.7492   0.01418   0.00575  -0.1437  0.4101  0.0412  -1.2912   0.0000   0.4324
   5.000   0.8769   0.01361   0.00597  -0.1467  0.3978  0.3782  -1.4227   0.0000   0.4066
   6.000   0.9857   0.01462   0.00784  -0.1450  0.3850  0.8373  -1.5387   0.0000   0.3852
   7.000   1.0688   0.01536   0.00867  -0.1369  0.3798  0.8887  -1.6509   0.0000   0.3647
   8.000   1.1578   0.01593   0.00927  -0.1309  0.3708  0.9145  -1.7787   0.0000   0.3483
   9.000   1.2534   0.01645   0.00981  -0.1272  0.3614  0.9287  -1.9299   0.0000   0.3351
  10.000   1.3477   0.01793   0.01136  -0.1239  0.3500  0.9454  -2.1024   0.0000   0.3239
  11.000   1.4406   0.01819   0.01182  -0.1202  0.3405  0.9599  -2.3064   0.0000   0.3137
  12.000   1.5568   0.01894   0.01271  -0.1223  0.3280  0.9553  -2.6246   0.0000   0.3068
  13.000   1.6674   0.02024   0.01423  -0.1238  0.3138  0.9512  -2.9916   0.0000   0.3005
  14.000   1.7768   0.02042   0.01455  -0.1249  0.2941  0.9477  -3.3779   0.0000   0.2943
  15.000   1.8783   0.02154   0.01605  -0.1251  0.2752  0.9448  -3.7893   0.0000   0.2884
  16.000   1.9668   0.02312   0.01784  -0.1236  0.2475  0.9426  -4.2100   0.0000   0.2822
  17.000   2.0073   0.02721   0.02195  -0.1162  0.1983  0.9416  -4.5307   0.0000   0.2749
  18.000   1.9543   0.04206   0.03706  -0.1121  0.1623  0.9410  -4.5917   0.0000   0.2720
  19.000   1.8589   0.06555   0.06095  -0.1151  0.1432  0.9398  -4.5033   0.0000   0.2742
  20.000   1.7760   0.09036   0.08605  -0.1213  0.1234  0.9383  -4.4205   0.0000   0.2782
  21.000   1.7147   0.11383   0.10972  -0.1293  0.1041  0.9370  -4.3750   0.0000   0.2829
  22.000   1.6816   0.13382   0.12986  -0.1379  0.0880  0.9360  -4.4246   0.0000   0.2870
  23.000   1.6664   0.15099   0.14721  -0.1467  0.0764  0.9354  -4.5606   0.0000   0.2905
  24.000   1.6717   0.16378   0.16027  -0.1547  0.0679  0.9352  -4.9818   0.0000   0.2921
  25.000   1.6649   0.17980   0.17654  -0.1649  0.0604  0.9353  -5.4736   0.0000   0.2958


