XFLR5 v6.09.05 beta

 Calculated polar for: -15s1223

 1 1 Reynolds number fixed          Mach number fixed         

 xtrf =   1.000 (top)        1.000 (bottom)
 Mach =   0.000     Re =     0.225 e 6     Ncrit =   9.000

  alpha     CL        CD       CDp       Cm    Top Xtr Bot Xtr   Cpmin    Chinge    XCp    
 ------- -------- --------- --------- -------- ------- ------- -------- --------- ---------
   0.000   0.2026   0.04957   0.04421  -0.1067  0.5022  0.0436  -1.2499   0.0000   0.7718
   1.000   0.3201   0.03479   0.02889  -0.1237  0.4819  0.0540  -1.1617   0.0000   0.6300
   2.000   0.4861   0.02134   0.01307  -0.1372  0.4617  0.0286  -1.4258   0.0000   0.5253
   3.000   0.6144   0.01817   0.00944  -0.1403  0.4466  0.0446  -1.1495   0.0000   0.4702
   4.000   0.7408   0.01640   0.00744  -0.1421  0.4332  0.0538  -1.2712   0.0000   0.4327
   5.000   0.8659   0.01664   0.00866  -0.1450  0.4186  0.4351  -1.3948   0.0000   0.4070
   6.000   0.9431   0.01723   0.01020  -0.1350  0.4104  0.8772  -1.4884   0.0000   0.3814
   7.000   1.0012   0.01772   0.01071  -0.1215  0.4015  0.9366  -1.5794   0.0000   0.3582
   8.000   1.0839   0.01834   0.01117  -0.1147  0.3914  0.9663  -1.6995   0.0000   0.3412
   9.000   1.1797   0.02019   0.01317  -0.1120  0.3815  0.9916  -1.8389   0.0000   0.3289
  10.000   1.2890   0.02147   0.01468  -0.1124  0.3701  1.0000  -2.0220   0.0000   0.3195
  11.000   1.4017   0.02248   0.01559  -0.1134  0.3576  1.0000  -2.2416   0.0000   0.3115
  12.000   1.5019   0.02489   0.01849  -0.1133  0.3450  1.0000  -2.5078   0.0000   0.3041
  13.000   1.6104   0.02527   0.01900  -0.1139  0.3297  1.0000  -2.8684   0.0000   0.2973
  14.000   1.7102   0.02656   0.02052  -0.1136  0.3130  1.0000  -3.2270   0.0000   0.2909
  15.000   1.8131   0.02626   0.02037  -0.1134  0.2915  1.0000  -3.6253   0.0000   0.2847
  16.000   1.8942   0.02763   0.02225  -0.1109  0.2692  1.0000  -4.0211   0.0000   0.2784
  17.000   1.9433   0.03050   0.02550  -0.1048  0.2409  1.0000  -4.3536   0.0000   0.2714
  18.000   1.9216   0.04183   0.03713  -0.1026  0.2090  1.0000  -4.4919   0.0000   0.2683
  19.000   1.8387   0.06313   0.05864  -0.1061  0.1811  1.0000  -4.4360   0.0000   0.2702
  20.000   1.7706   0.08470   0.08035  -0.1113  0.1544  1.0000  -4.3948   0.0000   0.2729
  21.000   1.7209   0.10559   0.10139  -0.1183  0.1311  1.0000  -4.3857   0.0000   0.2763
  22.000   1.6855   0.12562   0.12160  -0.1271  0.1113  1.0000  -4.4303   0.0000   0.2805
  23.000   1.6564   0.14540   0.14170  -0.1378  0.0962  1.0000  -4.5120   0.0000   0.2858
  24.000   1.6421   0.16203   0.15861  -0.1486  0.0828  1.0000  -4.7650   0.0000   0.2904
  25.000   1.6479   0.17566   0.17236  -0.1576  0.0718  1.0000  -5.2783   0.0000   0.2926


