XFLR5 v6.09.05 beta

 Calculated polar for: -15s1223

 1 1 Reynolds number fixed          Mach number fixed         

 xtrf =   1.000 (top)        1.000 (bottom)
 Mach =   0.000     Re =     0.190 e 6     Ncrit =   9.000

  alpha     CL        CD       CDp       Cm    Top Xtr Bot Xtr   Cpmin    Chinge    XCp    
 ------- -------- --------- --------- -------- ------- ------- -------- --------- ---------
   0.000   0.1901   0.05019   0.04480  -0.1042  0.5166  0.0495  -1.1787   0.0000   0.7936
   1.000   0.3196   0.03636   0.03020  -0.1241  0.4936  0.0691  -1.1160   0.0000   0.6320
   2.000   0.4884   0.02078   0.01227  -0.1387  0.4756  0.0334  -1.4744   0.0000   0.5272
   3.000   0.6127   0.01894   0.00994  -0.1406  0.4570  0.0531  -1.1418   0.0000   0.4715
   4.000   0.7365   0.01795   0.00882  -0.1417  0.4454  0.0616  -1.2581   0.0000   0.4333
   5.000   0.8580   0.01760   0.00957  -0.1434  0.4313  0.4602  -1.3804   0.0000   0.4068
   6.000   0.9164   0.01917   0.01190  -0.1293  0.4197  0.8964  -1.4583   0.0000   0.3794
   7.000   0.9658   0.01943   0.01228  -0.1142  0.4130  0.9628  -1.5388   0.0000   0.3553
   8.000   1.0652   0.02039   0.01324  -0.1116  0.4016  1.0000  -1.6685   0.0000   0.3404
   9.000   1.1764   0.02202   0.01472  -0.1121  0.3908  1.0000  -1.8267   0.0000   0.3293
  10.000   1.2768   0.02491   0.01793  -0.1117  0.3791  1.0000  -1.9949   0.0000   0.3200
  11.000   1.3816   0.02644   0.01965  -0.1117  0.3655  1.0000  -2.1999   0.0000   0.3116
  12.000   1.4858   0.02908   0.02244  -0.1122  0.3512  1.0000  -2.4663   0.0000   0.3044
  13.000   1.5816   0.03031   0.02413  -0.1114  0.3364  1.0000  -2.7970   0.0000   0.2973
  14.000   1.6916   0.03103   0.02478  -0.1123  0.3189  1.0000  -3.1753   0.0000   0.2911
  15.000   1.7859   0.03039   0.02464  -0.1108  0.2984  1.0000  -3.5471   0.0000   0.2844
  16.000   1.8643   0.03174   0.02636  -0.1079  0.2767  1.0000  -3.9347   0.0000   0.2779
  17.000   1.9091   0.03435   0.02929  -0.1016  0.2513  1.0000  -4.2544   0.0000   0.2708
  18.000   1.8870   0.04594   0.04136  -0.1010  0.2224  1.0000  -4.3845   0.0000   0.2686
  19.000   1.8060   0.06727   0.06299  -0.1053  0.1939  1.0000  -4.3275   0.0000   0.2709
  20.000   1.7315   0.09017   0.08608  -0.1117  0.1664  1.0000  -4.2584   0.0000   0.2747
  21.000   1.6877   0.11059   0.10665  -0.1190  0.1423  1.0000  -4.2512   0.0000   0.2783
  22.000   1.6625   0.12868   0.12496  -0.1267  0.1232  1.0000  -4.3133   0.0000   0.2815
  23.000   1.6531   0.14410   0.14054  -0.1348  0.1074  1.0000  -4.4613   0.0000   0.2842
  24.000   1.5801   0.17298   0.17005  -0.1523  0.0976  1.0000  -4.2677   0.0000   0.2973


