XFLR5 v6.09.05 beta

 Calculated polar for: -15s1223

 1 1 Reynolds number fixed          Mach number fixed         

 xtrf =   1.000 (top)        1.000 (bottom)
 Mach =   0.000     Re =     0.325 e 6     Ncrit =   9.000

  alpha     CL        CD       CDp       Cm    Top Xtr Bot Xtr   Cpmin    Chinge    XCp    
 ------- -------- --------- --------- -------- ------- ------- -------- --------- ---------
   0.000   0.2097   0.04651   0.04149  -0.1083  0.4762  0.0284  -1.4113   0.0000   0.7615
   1.000   0.3386   0.02836   0.02238  -0.1294  0.4543  0.0344  -1.4474   0.0000   0.6259
   2.000   0.4972   0.01686   0.00896  -0.1397  0.4383  0.0222  -1.5844   0.0000   0.5240
   3.000   0.6242   0.01517   0.00676  -0.1418  0.4197  0.0314  -1.1652   0.0000   0.4691
   4.000   0.7489   0.01428   0.00582  -0.1436  0.4109  0.0415  -1.2904   0.0000   0.4324
   5.000   0.8765   0.01369   0.00605  -0.1466  0.3986  0.3807  -1.4218   0.0000   0.4067
   6.000   0.9845   0.01477   0.00797  -0.1447  0.3854  0.8388  -1.5369   0.0000   0.3851
   7.000   1.0659   0.01546   0.00875  -0.1362  0.3804  0.8904  -1.6480   0.0000   0.3644
   8.000   1.1564   0.01609   0.00941  -0.1306  0.3716  0.9156  -1.7768   0.0000   0.3481
   9.000   1.2505   0.01655   0.00990  -0.1265  0.3622  0.9307  -1.9265   0.0000   0.3348
  10.000   1.3435   0.01805   0.01147  -0.1230  0.3504  0.9477  -2.0975   0.0000   0.3235
  11.000   1.4379   0.01835   0.01196  -0.1197  0.3412  0.9618  -2.3025   0.0000   0.3135
  12.000   1.5537   0.01908   0.01284  -0.1217  0.3288  0.9574  -2.6188   0.0000   0.3066
  13.000   1.6639   0.02042   0.01439  -0.1231  0.3144  0.9533  -2.9847   0.0000   0.3002
  14.000   1.7735   0.02052   0.01465  -0.1242  0.2950  0.9498  -3.3711   0.0000   0.2941
  15.000   1.8750   0.02168   0.01618  -0.1245  0.2760  0.9469  -3.7814   0.0000   0.2882
  16.000   1.9643   0.02324   0.01795  -0.1231  0.2486  0.9445  -4.2034   0.0000   0.2821
  17.000   2.0052   0.02729   0.02204  -0.1157  0.2010  0.9430  -4.5249   0.0000   0.2748
  19.000   1.8595   0.06530   0.06072  -0.1148  0.1451  0.9412  -4.5047   0.0000   0.2740
  20.000   1.7758   0.09018   0.08587  -0.1210  0.1250  0.9399  -4.4195   0.0000   0.2780
  21.000   1.7141   0.11369   0.10958  -0.1289  0.1053  0.9387  -4.3724   0.0000   0.2828
  22.000   1.6798   0.13386   0.12989  -0.1376  0.0885  0.9377  -4.4181   0.0000   0.2870
  23.000   1.6664   0.15073   0.14697  -0.1463  0.0771  0.9371  -4.5611   0.0000   0.2902
  24.000   1.6704   0.16372   0.16021  -0.1545  0.0684  0.9370  -4.9708   0.0000   0.2921
  25.000   1.6644   0.17963   0.17639  -0.1646  0.0610  0.9372  -5.4679   0.0000   0.2957


