XFLR5 v6.09.05 beta

 Calculated polar for: -15s1223

 1 1 Reynolds number fixed          Mach number fixed         

 xtrf =   1.000 (top)        1.000 (bottom)
 Mach =   0.000     Re =     0.205 e 6     Ncrit =   9.000

  alpha     CL        CD       CDp       Cm    Top Xtr Bot Xtr   Cpmin    Chinge    XCp    
 ------- -------- --------- --------- -------- ------- ------- -------- --------- ---------
   0.000   0.2054   0.04646   0.04098  -0.1122  0.5110  0.0467  -1.3661   0.0000   0.7916
   2.000   0.4898   0.02011   0.01157  -0.1386  0.4696  0.0310  -1.5118   0.0000   0.5261
   3.000   0.6143   0.01829   0.00938  -0.1407  0.4525  0.0493  -1.1451   0.0000   0.4710
   4.000   0.7386   0.01721   0.00817  -0.1419  0.4397  0.0581  -1.2640   0.0000   0.4330
   5.000   0.8623   0.01703   0.00892  -0.1442  0.4255  0.4471  -1.3891   0.0000   0.4068
   6.000   0.9320   0.01827   0.01110  -0.1327  0.4161  0.8877  -1.4748   0.0000   0.3806
   7.000   0.9814   0.01863   0.01157  -0.1174  0.4078  0.9498  -1.5566   0.0000   0.3565
   8.000   1.0680   0.01914   0.01200  -0.1116  0.3972  0.9868  -1.6786   0.0000   0.3400
   9.000   1.1759   0.02193   0.01475  -0.1120  0.3849  1.0000  -1.8285   0.0000   0.3293
  10.000   1.2824   0.02330   0.01642  -0.1120  0.3750  1.0000  -2.0073   0.0000   0.3198
  11.000   1.3922   0.02438   0.01754  -0.1126  0.3621  1.0000  -2.2216   0.0000   0.3115
  12.000   1.4936   0.02703   0.02051  -0.1127  0.3487  1.0000  -2.4862   0.0000   0.3042
  13.000   1.5960   0.02783   0.02161  -0.1125  0.3333  1.0000  -2.8325   0.0000   0.2973
  14.000   1.7006   0.02887   0.02271  -0.1129  0.3167  1.0000  -3.2002   0.0000   0.2910
  15.000   1.8005   0.02817   0.02235  -0.1121  0.2955  1.0000  -3.5887   0.0000   0.2845
  16.000   1.8789   0.02974   0.02438  -0.1093  0.2734  1.0000  -3.9766   0.0000   0.2781
  17.000   1.9253   0.03251   0.02755  -0.1031  0.2468  1.0000  -4.3012   0.0000   0.2710
  18.000   1.9054   0.04377   0.03918  -0.1017  0.2164  1.0000  -4.4407   0.0000   0.2684
  19.000   1.8238   0.06505   0.06071  -0.1057  0.1882  1.0000  -4.3855   0.0000   0.2705
  20.000   1.7495   0.08774   0.08356  -0.1117  0.1616  1.0000  -4.3218   0.0000   0.2740
  21.000   1.7025   0.10849   0.10448  -0.1189  0.1384  1.0000  -4.3114   0.0000   0.2775
  22.000   1.6730   0.12746   0.12370  -0.1271  0.1193  1.0000  -4.3645   0.0000   0.2811
  23.000   1.6532   0.14509   0.14154  -0.1365  0.1029  1.0000  -4.4763   0.0000   0.2852
  24.000   1.6457   0.16025   0.15679  -0.1466  0.0879  1.0000  -4.7812   0.0000   0.2889
  25.000   1.6260   0.17995   0.17685  -0.1594  0.0769  1.0000  -5.0501   0.0000   0.2953


