XFLR5 v6.09.05 beta

 Calculated polar for: -15s1223

 1 1 Reynolds number fixed          Mach number fixed         

 xtrf =   1.000 (top)        1.000 (bottom)
 Mach =   0.000     Re =     0.080 e 6     Ncrit =   9.000

  alpha     CL        CD       CDp       Cm    Top Xtr Bot Xtr   Cpmin    Chinge    XCp    
 ------- -------- --------- --------- -------- ------- ------- -------- --------- ---------
   0.000   0.1730   0.06524   0.05956  -0.0927  0.6029  0.1520  -0.8134   0.0000   0.7843
   1.000   0.2616   0.05714   0.05138  -0.1075  0.5798  0.2048  -0.8540   0.0000   0.6566
   2.000   0.4512   0.03507   0.02679  -0.1376  0.5630  0.0798  -1.2258   0.0000   0.5494
   3.000   0.5727   0.03154   0.02240  -0.1402  0.5412  0.0912  -1.0404   0.0000   0.4882
   4.000   0.6747   0.03106   0.02229  -0.1362  0.5276  0.2489  -1.1283   0.0000   0.4441
   5.000   0.7510   0.03449   0.02746  -0.1330  0.5092  0.6626  -1.1846   0.0000   0.4184
   6.000   0.7775   0.03734   0.03004  -0.1152  0.4981  1.0000  -1.2269   0.0000   0.3882
   7.000   0.8258   0.04902   0.04172  -0.1176  0.4836  1.0000  -1.2437   0.0000   0.3816
   8.000   0.7893   0.06890   0.06189  -0.1250  0.4785  1.0000  -1.1356   0.0000   0.3972
   9.000   0.9621   0.06700   0.05936  -0.1182  0.4552  1.0000  -1.4011   0.0000   0.3595
  10.000   0.9350   0.09030   0.08294  -0.1259  0.4550  1.0000  -1.3108   0.0000   0.3707
  11.000   0.8294   0.11053   0.10355  -0.1345  0.4651  1.0000  -1.0970   0.0000   0.3982
  12.000   0.8550   0.12194   0.11498  -0.1357  0.4353  1.0000  -1.1260   0.0000   0.3934
  13.000   0.8924   0.13435   0.12743  -0.1374  0.4103  1.0000  -1.1744   0.0000   0.3872
  16.000   1.0040   0.16985   0.16338  -0.1452  0.3263  1.0000  -1.4108   0.0000   0.3729
  17.000   1.0145   0.18415   0.17786  -0.1521  0.3052  1.0000  -1.4066   0.0000   0.3769
  18.000   1.1218   0.19223   0.18630  -0.1476  0.2604  1.0000  -1.7196   0.0000   0.3552
  19.000   1.1515   0.20339   0.19765  -0.1521  0.2320  1.0000  -1.8087   0.0000   0.3536
  20.000   1.1860   0.21478   0.20922  -0.1561  0.2041  1.0000  -1.9118   0.0000   0.3508
  22.000   1.2101   0.27193   0.26687  -0.1764  0.2042  1.0000  -1.7472   0.0000   0.3623
  23.000   1.1710   0.27924   0.27429  -0.1934  0.1897  1.0000  -1.5138   0.0000   0.3805
  24.000   1.2419   0.31194   0.30746  -0.1915  0.1786  1.0000  -1.7873   0.0000   0.3665
  25.000   1.2025   0.31857   0.31421  -0.2064  0.1618  1.0000  -1.5811   0.0000   0.3824


