XFLR5 v6.09.05 beta

 Calculated polar for: -15s1223

 1 1 Reynolds number fixed          Mach number fixed         

 xtrf =   1.000 (top)        1.000 (bottom)
 Mach =   0.000     Re =     0.265 e 6     Ncrit =   9.000

  alpha     CL        CD       CDp       Cm    Top Xtr Bot Xtr   Cpmin    Chinge    XCp    
 ------- -------- --------- --------- -------- ------- ------- -------- --------- ---------
   0.000   0.1923   0.04679   0.04159  -0.1059  0.4893  0.0330  -1.3312   0.0000   0.7960
   1.000   0.3378   0.02991   0.02367  -0.1295  0.4705  0.0475  -1.3883   0.0000   0.6270
   2.000   0.4926   0.01875   0.01061  -0.1389  0.4505  0.0258  -1.5187   0.0000   0.5250
   3.000   0.6187   0.01621   0.00768  -0.1410  0.4356  0.0388  -1.1576   0.0000   0.4697
   4.000   0.7442   0.01585   0.00701  -0.1428  0.4198  0.0458  -1.2792   0.0000   0.4327
   5.000   0.8708   0.01516   0.00735  -0.1456  0.4102  0.4100  -1.4073   0.0000   0.4068
   6.000   0.9651   0.01566   0.00874  -0.1400  0.4001  0.8585  -1.5147   0.0000   0.3832
   7.000   1.0354   0.01665   0.00964  -0.1290  0.3907  0.9146  -1.6170   0.0000   0.3613
   8.000   1.1179   0.01774   0.01080  -0.1222  0.3818  0.9416  -1.7343   0.0000   0.3446
   9.000   1.2094   0.01838   0.01158  -0.1179  0.3728  0.9578  -1.8762   0.0000   0.3312
  10.000   1.2990   0.01880   0.01206  -0.1132  0.3623  0.9833  -2.0452   0.0000   0.3193
  11.000   1.4067   0.02077   0.01411  -0.1138  0.3495  1.0000  -2.2549   0.0000   0.3113
  12.000   1.5146   0.02169   0.01543  -0.1143  0.3379  1.0000  -2.5411   0.0000   0.3040
  13.000   1.6242   0.02260   0.01628  -0.1152  0.3220  0.9917  -2.9051   0.0000   0.2974
  14.000   1.7273   0.02310   0.01715  -0.1154  0.3055  0.9846  -3.2728   0.0000   0.2911
  15.000   1.8277   0.02389   0.01817  -0.1153  0.2857  0.9800  -3.6680   0.0000   0.2851
  16.000   1.9154   0.02506   0.01959  -0.1137  0.2608  0.9775  -4.0825   0.0000   0.2790
  17.000   1.9663   0.02821   0.02311  -0.1077  0.2295  0.9777  -4.4210   0.0000   0.2721
  19.000   1.8553   0.06163   0.05723  -0.1078  0.1694  1.0000  -4.4920   0.0000   0.2705
  20.000   1.7700   0.08597   0.08182  -0.1138  0.1459  0.9995  -4.4018   0.0000   0.2743
  21.000   1.7133   0.10851   0.10452  -0.1216  0.1227  0.9800  -4.3691   0.0000   0.2786
  23.000   1.6553   0.14676   0.14303  -0.1398  0.0863  1.0000  -4.5248   0.0000   0.2870
  24.000   1.6477   0.16206   0.15847  -0.1495  0.0751  1.0000  -4.8119   0.0000   0.2906
  25.000   1.6467   0.17736   0.17421  -0.1596  0.0680  1.0000  -5.2987   0.0000   0.2939


