XFLR5 v6.09.05 beta

 Calculated polar for: -15s1223

 1 1 Reynolds number fixed          Mach number fixed         

 xtrf =   1.000 (top)        1.000 (bottom)
 Mach =   0.000     Re =     0.305 e 6     Ncrit =   9.000

  alpha     CL        CD       CDp       Cm    Top Xtr Bot Xtr   Cpmin    Chinge    XCp    
 ------- -------- --------- --------- -------- ------- ------- -------- --------- ---------
   0.000   0.2142   0.04622   0.04107  -0.1099  0.4806  0.0286  -1.4455   0.0000   0.7584
   1.000   0.3334   0.02992   0.02399  -0.1278  0.4582  0.0371  -1.3711   0.0000   0.6268
   2.000   0.4956   0.01743   0.00947  -0.1394  0.4421  0.0233  -1.5588   0.0000   0.5244
   3.000   0.6224   0.01528   0.00680  -0.1415  0.4251  0.0335  -1.1635   0.0000   0.4692
   4.000   0.7473   0.01471   0.00615  -0.1433  0.4142  0.0429  -1.2871   0.0000   0.4324
   5.000   0.8749   0.01410   0.00643  -0.1463  0.4021  0.3903  -1.4175   0.0000   0.4067
   6.000   0.9801   0.01477   0.00788  -0.1435  0.3910  0.8455  -1.5337   0.0000   0.3845
   7.000   1.0537   0.01596   0.00917  -0.1334  0.3830  0.8976  -1.6354   0.0000   0.3633
   8.000   1.1426   0.01644   0.00971  -0.1276  0.3749  0.9236  -1.7621   0.0000   0.3469
   9.000   1.2402   0.01711   0.01043  -0.1243  0.3653  0.9386  -1.9135   0.0000   0.3339
  10.000   1.3273   0.01874   0.01207  -0.1196  0.3519  0.9575  -2.0778   0.0000   0.3222
  11.000   1.4245   0.01895   0.01249  -0.1170  0.3440  0.9710  -2.2835   0.0000   0.3124
  12.000   1.5424   0.01979   0.01355  -0.1194  0.3316  0.9654  -2.5964   0.0000   0.3058
  13.000   1.6515   0.02124   0.01511  -0.1207  0.3167  0.9618  -2.9596   0.0000   0.2994
  14.000   1.7602   0.02111   0.01515  -0.1215  0.2982  0.9586  -3.3434   0.0000   0.2932
  15.000   1.8600   0.02230   0.01676  -0.1215  0.2793  0.9558  -3.7457   0.0000   0.2872
  16.000   1.9492   0.02376   0.01845  -0.1201  0.2531  0.9535  -4.1661   0.0000   0.2811
  17.000   1.9980   0.02726   0.02212  -0.1138  0.2119  0.9520  -4.5045   0.0000   0.2741
  18.000   1.9538   0.04099   0.03608  -0.1097  0.1746  0.9516  -4.5893   0.0000   0.2709
  19.000   1.8545   0.06481   0.06024  -0.1130  0.1530  0.9500  -4.4895   0.0000   0.2732
  20.000   1.7706   0.08973   0.08540  -0.1194  0.1308  0.9479  -4.4025   0.0000   0.2773
  21.000   1.7098   0.11316   0.10900  -0.1275  0.1096  0.9462  -4.3572   0.0000   0.2821
  22.000   1.6736   0.13378   0.12975  -0.1366  0.0909  0.9450  -4.3951   0.0000   0.2867
  23.000   1.6661   0.14969   0.14595  -0.1448  0.0798  0.9445  -4.5617   0.0000   0.2894
  24.000   1.6654   0.16346   0.15990  -0.1534  0.0702  0.9446  -4.9244   0.0000   0.2918
  25.000   1.6612   0.17906   0.17588  -0.1633  0.0633  0.9455  -5.4336   0.0000   0.2951


