XFLR5 v6.09.05 beta

 Calculated polar for: -15s1223

 1 1 Reynolds number fixed          Mach number fixed         

 xtrf =   1.000 (top)        1.000 (bottom)
 Mach =   0.000     Re =     0.120 e 6     Ncrit =   9.000

  alpha     CL        CD       CDp       Cm    Top Xtr Bot Xtr   Cpmin    Chinge    XCp    
 ------- -------- --------- --------- -------- ------- ------- -------- --------- ---------
   0.000   0.1904   0.05616   0.05047  -0.1040  0.5593  0.0903  -1.0042   0.0000   0.7926
   1.000   0.2874   0.04645   0.04052  -0.1128  0.5364  0.1215  -0.9000   0.0000   0.6367
   2.000   0.4784   0.02601   0.01726  -0.1386  0.5175  0.0493  -1.3788   0.0000   0.5335
   3.000   0.6004   0.02332   0.01400  -0.1398  0.4985  0.0695  -1.1077   0.0000   0.4754
   4.000   0.7157   0.02264   0.01379  -0.1394  0.4842  0.1935  -1.2079   0.0000   0.4362
   5.000   0.8240   0.02344   0.01553  -0.1385  0.4682  0.5509  -1.3112   0.0000   0.4083
   6.000   0.8316   0.02385   0.01642  -0.1124  0.4585  0.9826  -1.3579   0.0000   0.3740
   7.000   0.9256   0.02783   0.02046  -0.1112  0.4466  1.0000  -1.4523   0.0000   0.3579
   8.000   1.0235   0.03091   0.02348  -0.1105  0.4317  1.0000  -1.5719   0.0000   0.3442
   9.000   1.1198   0.03569   0.02810  -0.1099  0.4200  1.0000  -1.7122   0.0000   0.3330
  10.000   1.1521   0.04648   0.03979  -0.1089  0.3991  1.0000  -1.7580   0.0000   0.3283
  11.000   1.1766   0.05860   0.05217  -0.1089  0.3796  1.0000  -1.8125   0.0000   0.3249
  14.000   1.0954   0.11342   0.10759  -0.1231  0.2972  1.0000  -1.7128   0.0000   0.3409
  16.000   1.1981   0.12737   0.12197  -0.1232  0.2573  1.0000  -2.1033   0.0000   0.3269
  17.000   1.2215   0.13824   0.13306  -0.1270  0.2335  1.0000  -2.2137   0.0000   0.3261
  19.000   1.2437   0.16590   0.16113  -0.1398  0.1827  1.0000  -2.3396   0.0000   0.3307
  20.000   1.2381   0.18509   0.18053  -0.1504  0.1595  1.0000  -2.2861   0.0000   0.3383
  21.000   1.2115   0.21410   0.20973  -0.1657  0.1419  1.0000  -2.0346   0.0000   0.3530
  22.000   1.2568   0.22347   0.21940  -0.1687  0.1301  1.0000  -2.2306   0.0000   0.3475


