XFLR5 v6.09.05 beta

 Calculated polar for: -15s1223

 1 1 Reynolds number fixed          Mach number fixed         

 xtrf =   1.000 (top)        1.000 (bottom)
 Mach =   0.000     Re =     0.085 e 6     Ncrit =   9.000

  alpha     CL        CD       CDp       Cm    Top Xtr Bot Xtr   Cpmin    Chinge    XCp    
 ------- -------- --------- --------- -------- ------- ------- -------- --------- ---------
   0.000   0.1791   0.06371   0.05801  -0.0989  0.5960  0.1432  -0.8706   0.0000   0.8003
   1.000   0.2569   0.05510   0.04940  -0.1029  0.5732  0.1831  -0.8633   0.0000   0.6458
   2.000   0.4581   0.03290   0.02450  -0.1385  0.5547  0.0707  -1.2826   0.0000   0.5468
   3.000   0.5802   0.02992   0.02062  -0.1397  0.5347  0.0871  -1.0582   0.0000   0.4840
   4.000   0.6778   0.03001   0.02113  -0.1365  0.5199  0.1658  -1.1331   0.0000   0.4436
   5.000   0.7678   0.03155   0.02435  -0.1330  0.5028  0.6588  -1.2162   0.0000   0.4143
   6.000   0.7955   0.03406   0.02653  -0.1137  0.4923  1.0000  -1.2690   0.0000   0.3825
   7.000   0.8316   0.04689   0.03977  -0.1167  0.4744  1.0000  -1.2581   0.0000   0.3794
   8.000   0.9164   0.05262   0.04523  -0.1163  0.4611  1.0000  -1.3583   0.0000   0.3646
   9.000   0.8708   0.07443   0.06735  -0.1229  0.4490  1.0000  -1.2491   0.0000   0.3784
  11.000   1.0001   0.09619   0.08898  -0.1235  0.4199  1.0000  -1.4278   0.0000   0.3578
  12.000   0.8925   0.11988   0.11307  -0.1343  0.4267  1.0000  -1.1957   0.0000   0.3848
  13.000   0.9088   0.13148   0.12474  -0.1360  0.3957  1.0000  -1.2136   0.0000   0.3826
  14.000   0.9279   0.14488   0.13836  -0.1391  0.3728  1.0000  -1.2355   0.0000   0.3816
  15.000   1.0477   0.16159   0.15513  -0.1385  0.3513  1.0000  -1.5065   0.0000   0.3615
  17.000   1.0492   0.18130   0.17520  -0.1481  0.2933  1.0000  -1.5203   0.0000   0.3675
  18.000   1.0849   0.19181   0.18584  -0.1515  0.2556  1.0000  -1.6024   0.0000   0.3638
  19.000   1.1123   0.20317   0.19757  -0.1575  0.2268  1.0000  -1.6616   0.0000   0.3638
  20.000   1.1618   0.21574   0.21037  -0.1608  0.2062  1.0000  -1.7934   0.0000   0.3581
  21.000   1.1339   0.24171   0.23655  -0.1779  0.2128  1.0000  -1.5134   0.0000   0.3762
  22.000   1.1803   0.26505   0.26010  -0.1808  0.2031  1.0000  -1.6310   0.0000   0.3701
  23.000   1.1850   0.27718   0.27241  -0.1912  0.1832  1.0000  -1.5853   0.0000   0.3763
  24.000   1.2044   0.30183   0.29741  -0.1972  0.1769  1.0000  -1.6231   0.0000   0.3766
  25.000   1.2193   0.31706   0.31288  -0.2038  0.1571  1.0000  -1.6765   0.0000   0.3775


