XFLR5 v6.09.05 beta

 Calculated polar for: -15s1223

 1 1 Reynolds number fixed          Mach number fixed         

 xtrf =   1.000 (top)        1.000 (bottom)
 Mach =   0.000     Re =     0.015 e 6     Ncrit =   9.000

  alpha     CL        CD       CDp       Cm    Top Xtr Bot Xtr   Cpmin    Chinge    XCp    
 ------- -------- --------- --------- -------- ------- ------- -------- --------- ---------
   0.000  -0.0078   0.08723   0.07967  -0.0102  1.0000  0.9878  -0.8021   0.0000  -1.2114
   1.000  -0.1583   0.09483   0.08786   0.0205  1.0000  0.8883  -0.9016   0.0000   0.3693
   2.000  -0.2864   0.09640   0.08988   0.0397  1.0000  0.7778  -1.0099   0.0000   0.3820
   3.000  -0.3892   0.09310   0.08689   0.0468  1.0000  0.6706  -1.1301   0.0000   0.3647
   4.000  -0.2310   0.08424   0.07697  -0.0209  1.0000  0.4232  -1.1976   0.0000   0.1538
   5.000  -0.0272   0.07852   0.06973  -0.0662  1.0000  0.3761  -1.1058   0.0000  -2.1904
   6.000   0.1417   0.07806   0.06777  -0.0930  1.0000  0.4244  -1.0303   0.0000   0.8985
   7.000   0.2626   0.07536   0.06486  -0.1006  1.0000  1.0000  -1.2772   0.0000   0.6244
   8.000   0.3391   0.08402   0.07071  -0.1052  1.0000  1.0000  -1.0475   0.0000   0.5503
   9.000   0.4030   0.09318   0.07843  -0.1088  1.0000  1.0000  -0.7582   0.0000   0.5087
  10.000   0.4625   0.10300   0.08739  -0.1125  1.0000  1.0000  -0.7027   0.0000   0.4808
  11.000   0.5186   0.11352   0.09737  -0.1164  1.0000  1.0000  -0.7365   0.0000   0.4610
  12.000   0.5720   0.12475   0.10829  -0.1208  1.0000  1.0000  -0.7750   0.0000   0.4464
  13.000   0.6230   0.13662   0.12004  -0.1256  1.0000  1.0000  -0.8162   0.0000   0.4355
  14.000   0.6717   0.14909   0.13250  -0.1309  1.0000  1.0000  -0.8554   0.0000   0.4273
  15.000   0.7581   0.16674   0.15033  -0.1452  0.9388  1.0000  -0.9355   0.0000   0.4225
  16.000   0.8250   0.18026   0.16415  -0.1530  0.8349  1.0000  -1.0195   0.0000   0.4150
  17.000   0.8804   0.19705   0.18139  -0.1586  0.7578  1.0000  -1.0980   0.0000   0.4081
  18.000   0.9395   0.22135   0.20604  -0.1655  0.7039  1.0000  -1.1787   0.0000   0.4026
  19.000   0.9579   0.22472   0.20975  -0.1675  0.6547  1.0000  -1.1912   0.0000   0.3997
  20.000   1.0110   0.25047   0.23598  -0.1736  0.6024  1.0000  -1.2574   0.0000   0.3948
  21.000   1.0525   0.27601   0.26236  -0.1794  0.5643  1.0000  -1.3018   0.0000   0.3917
  22.000   1.0717   0.28610   0.27284  -0.1834  0.5267  1.0000  -1.2994   0.0000   0.3905
  23.000   1.0970   0.30229   0.28955  -0.1884  0.4937  1.0000  -1.3291   0.0000   0.3891
  24.000   1.1099   0.31414   0.30182  -0.1928  0.4608  1.0000  -1.3321   0.0000   0.3889
  25.000   1.1159   0.32860   0.31672  -0.1976  0.4397  1.0000  -1.3364   0.0000   0.3902


