XFLR5 v6.09.05 beta

 Calculated polar for: -20S1223

 1 1 Reynolds number fixed          Mach number fixed         

 xtrf =   1.000 (top)        1.000 (bottom)
 Mach =   0.000     Re =     0.175 e 6     Ncrit =   9.000

  alpha     CL        CD       CDp       Cm    Top Xtr Bot Xtr   Cpmin    Chinge    XCp    
 ------- -------- --------- --------- -------- ------- ------- -------- --------- ---------
   0.000  -0.0150   0.06907   0.06382  -0.0662  0.5250  0.0442  -1.3850   0.0000  -4.1550
   1.000   0.0406   0.05438   0.04913  -0.0708  0.5066  0.0513  -1.2454   0.0000   1.9740
   2.000   0.1475   0.04092   0.03501  -0.0844  0.4898  0.0689  -1.2132   0.0000   0.8093
   3.000   0.2613   0.03229   0.02577  -0.0896  0.4727  0.1012  -0.9921   0.0000   0.5811
   4.000   0.4033   0.02133   0.01236  -0.0913  0.4587  0.0424  -1.2487   0.0000   0.4655
   5.000   0.5140   0.01971   0.01088  -0.0900  0.4478  0.0561  -1.1139   0.0000   0.4135
   6.000   0.6227   0.01871   0.01094  -0.0881  0.4342  0.4138  -1.2188   0.0000   0.3790
   7.000   0.6766   0.02085   0.01388  -0.0716  0.4243  0.8692  -1.2957   0.0000   0.3422
   8.000   0.7340   0.02291   0.01605  -0.0582  0.4160  0.9143  -1.3722   0.0000   0.3144
   9.000   0.8022   0.02378   0.01698  -0.0485  0.4042  0.9366  -1.4720   0.0000   0.2944
  10.000   0.8916   0.02484   0.01793  -0.0442  0.3943  0.9476  -1.6028   0.0000   0.2821
  11.000   0.9612   0.02769   0.02097  -0.0381  0.3825  0.9638  -1.7267   0.0000   0.2708
  12.000   1.0408   0.02970   0.02332  -0.0350  0.3680  0.9744  -1.8727   0.0000   0.2633
  13.000   1.1628   0.03056   0.02397  -0.0378  0.3558  0.9673  -2.1131   0.0000   0.2603
  15.000   1.3792   0.03315   0.02712  -0.0427  0.3249  0.9596  -2.7551   0.0000   0.2549
  16.000   1.4459   0.03724   0.03182  -0.0441  0.3040  0.9583  -3.0240   0.0000   0.2523
  17.000   1.5702   0.03484   0.02957  -0.0464  0.2835  0.9559  -3.4638   0.0000   0.2488
  18.000   1.6566   0.03566   0.03055  -0.0479  0.2589  0.9553  -3.8580   0.0000   0.2457
  19.000   1.6514   0.04683   0.04205  -0.0541  0.2306  0.9557  -4.0007   0.0000   0.2471
  20.000   1.5890   0.06613   0.06163  -0.0618  0.2018  0.9544  -3.9661   0.0000   0.2508
  21.000   1.5395   0.08615   0.08184  -0.0699  0.1733  0.9525  -3.9433   0.0000   0.2551
  22.000   1.5073   0.10479   0.10072  -0.0780  0.1484  0.9508  -3.9489   0.0000   0.2593
  23.000   1.4871   0.12264   0.11877  -0.0865  0.1290  0.9492  -3.9916   0.0000   0.2634
  24.000   1.4862   0.13758   0.13389  -0.0948  0.1137  0.9480  -4.1244   0.0000   0.2665


