XFLR5 v6.09.05 beta

 Calculated polar for: -20S1223

 1 1 Reynolds number fixed          Mach number fixed         

 xtrf =   1.000 (top)        1.000 (bottom)
 Mach =   0.000     Re =     0.105 e 6     Ncrit =   9.000

  alpha     CL        CD       CDp       Cm    Top Xtr Bot Xtr   Cpmin    Chinge    XCp    
 ------- -------- --------- --------- -------- ------- ------- -------- --------- ---------
   0.000  -0.0141   0.07733   0.07180  -0.0696  0.5691  0.0853  -1.2026   0.0000  -4.6850
   1.000   0.0361   0.06366   0.05840  -0.0678  0.5492  0.1019  -1.0228   0.0000   2.1154
   2.000   0.1253   0.05277   0.04706  -0.0792  0.5339  0.1422  -0.9631   0.0000   0.8702
   3.000   0.2378   0.04426   0.03791  -0.0871  0.5156  0.1695  -0.9051   0.0000   0.6054
   4.000   0.3826   0.02929   0.02059  -0.0927  0.5020  0.0762  -1.1453   0.0000   0.4823
   5.000   0.4844   0.02856   0.01954  -0.0891  0.4897  0.0796  -1.0358   0.0000   0.4235
   7.000   0.5616   0.03193   0.02529  -0.0554  0.4638  0.9317  -1.1296   0.0000   0.3361
   8.000   0.6721   0.04067   0.03404  -0.0659  0.4445  1.0000  -1.1949   0.0000   0.3351
   9.000   0.6734   0.04974   0.04313  -0.0595  0.4314  1.0000  -1.1867   0.0000   0.3245
  11.000   0.6628   0.07540   0.06889  -0.0653  0.4051  1.0000  -1.1070   0.0000   0.3332
  12.000   0.7487   0.08071   0.07401  -0.0636  0.3823  1.0000  -1.2457   0.0000   0.3179
  15.000   0.8259   0.11352   0.10714  -0.0734  0.3124  1.0000  -1.3509   0.0000   0.3180
  16.000   0.8934   0.11984   0.11350  -0.0739  0.2857  1.0000  -1.5342   0.0000   0.3097
  17.000   0.9542   0.12656   0.12036  -0.0753  0.2644  1.0000  -1.7252   0.0000   0.3038
  18.000   0.9362   0.14426   0.13828  -0.0836  0.2397  1.0000  -1.6599   0.0000   0.3134
  19.000   0.9605   0.15660   0.15079  -0.0894  0.2142  1.0000  -1.7088   0.0000   0.3155
  20.000   0.9791   0.17097   0.16555  -0.0969  0.1916  1.0000  -1.7295   0.0000   0.3199
  21.000   1.0050   0.18478   0.17954  -0.1044  0.1730  1.0000  -1.7662   0.0000   0.3232
  22.000   0.9878   0.21240   0.20742  -0.1205  0.1907  1.0000  -1.4761   0.0000   0.3416
  23.000   1.0749   0.21825   0.21343  -0.1181  0.1560  1.0000  -1.8539   0.0000   0.3253
  24.000   1.0406   0.24569   0.24107  -0.1387  0.1666  1.0000  -1.4945   0.0000   0.3493
  25.000   1.1119   0.27179   0.26757  -0.1388  0.1564  1.0000  -1.7691   0.0000   0.3377


