XFLR5 v6.09.05 beta

 Calculated polar for: -20S1223

 1 1 Reynolds number fixed          Mach number fixed         

 xtrf =   1.000 (top)        1.000 (bottom)
 Mach =   0.000     Re =     0.165 e 6     Ncrit =   9.000

  alpha     CL        CD       CDp       Cm    Top Xtr Bot Xtr   Cpmin    Chinge    XCp    
 ------- -------- --------- --------- -------- ------- ------- -------- --------- ---------
   0.000  -0.0321   0.06620   0.06097  -0.0640  0.5303  0.0465  -1.4015   0.0000  -1.7397
   1.000   0.0410   0.05567   0.05041  -0.0702  0.5111  0.0561  -1.2000   0.0000   1.9401
   2.000   0.1425   0.04306   0.03719  -0.0824  0.4930  0.0726  -1.1357   0.0000   0.8152
   3.000   0.2709   0.03340   0.02640  -0.0898  0.4774  0.0852  -1.0872   0.0000   0.5703
   4.000   0.4027   0.02224   0.01328  -0.0913  0.4642  0.0443  -1.2180   0.0000   0.4658
   5.000   0.5118   0.02050   0.01158  -0.0898  0.4520  0.0584  -1.1083   0.0000   0.4140
   6.000   0.6172   0.01962   0.01192  -0.0873  0.4384  0.4224  -1.2079   0.0000   0.3790
   7.000   0.6686   0.02139   0.01446  -0.0699  0.4290  0.8773  -1.2848   0.0000   0.3410
   8.000   0.7134   0.02346   0.01652  -0.0539  0.4197  0.9240  -1.3517   0.0000   0.3107
   9.000   0.7848   0.02480   0.01800  -0.0457  0.4081  0.9469  -1.4497   0.0000   0.2922
  10.000   0.8680   0.02635   0.01954  -0.0409  0.3972  0.9599  -1.5707   0.0000   0.2798
  11.000   0.9484   0.02888   0.02207  -0.0365  0.3853  0.9774  -1.7073   0.0000   0.2698
  12.000   1.0276   0.03252   0.02621  -0.0360  0.3692  0.9878  -1.8425   0.0000   0.2649
  13.000   1.1369   0.03231   0.02582  -0.0353  0.3584  0.9814  -2.0698   0.0000   0.2591
  14.000   0.9625   0.07102   0.06557  -0.0537  0.3066  1.0000  -1.7292   0.0000   0.2836
  15.000   1.0784   0.06930   0.06387  -0.0525  0.2968  0.9828  -2.0387   0.0000   0.2740
  16.000   1.2638   0.05707   0.05188  -0.0481  0.2955  0.9753  -2.5868   0.0000   0.2605
  17.000   1.5334   0.03767   0.03237  -0.0432  0.2867  0.9675  -3.3697   0.0000   0.2477
  18.000   1.4219   0.06195   0.05724  -0.0544  0.2568  0.9684  -3.2033   0.0000   0.2557
  19.000   1.6422   0.04675   0.04183  -0.0512  0.2337  0.9657  -3.9774   0.0000   0.2456
  20.000   1.5819   0.06565   0.06103  -0.0590  0.2052  0.9639  -3.9479   0.0000   0.2493
  21.000   1.5214   0.08708   0.08270  -0.0677  0.1773  0.9622  -3.8878   0.0000   0.2544
  22.000   1.4808   0.10705   0.10294  -0.0765  0.1521  0.9605  -3.8606   0.0000   0.2594
  23.000   1.3393   0.14733   0.14359  -0.0956  0.1298  0.9585  -3.3773   0.0000   0.2786
  24.000   1.1258   0.22151   0.21791  -0.1320  0.1066  0.9572  -2.0904   0.0000   0.3294


