XFLR5 v6.09.05 beta

 Calculated polar for: -20S1223

 1 1 Reynolds number fixed          Mach number fixed         

 xtrf =   1.000 (top)        1.000 (bottom)
 Mach =   0.000     Re =     0.320 e 6     Ncrit =   9.000

  alpha     CL        CD       CDp       Cm    Top Xtr Bot Xtr   Cpmin    Chinge    XCp    
 ------- -------- --------- --------- -------- ------- ------- -------- --------- ---------
   0.000  -0.0408   0.06337   0.05879  -0.0570  0.4818  0.0231  -1.4309   0.0000  -1.1433
   1.000   0.0602   0.04914   0.04413  -0.0754  0.4628  0.0278  -1.5453   0.0000   1.4841
   2.000   0.1634   0.03045   0.02455  -0.0885  0.4491  0.0319  -1.6809   0.0000   0.7789
   3.000   0.2844   0.02669   0.01989  -0.0904  0.4324  0.0442  -1.2506   0.0000   0.5561
   4.000   0.4139   0.01665   0.00841  -0.0922  0.4194  0.0277  -1.3229   0.0000   0.4613
   5.000   0.5297   0.01481   0.00656  -0.0919  0.4097  0.0400  -1.1565   0.0000   0.4115
   6.000   0.6516   0.01359   0.00598  -0.0932  0.3979  0.3204  -1.2772   0.0000   0.3801
   7.000   0.7615   0.01501   0.00846  -0.0916  0.3864  0.8167  -1.3888   0.0000   0.3564
   8.000   0.8379   0.01651   0.01008  -0.0809  0.3808  0.8379  -1.4933   0.0000   0.3314
   9.000   0.9342   0.01745   0.01098  -0.0763  0.3714  0.8549  -1.6231   0.0000   0.3151
  10.000   1.0205   0.01804   0.01153  -0.0698  0.3621  0.8671  -1.7601   0.0000   0.3004
  11.000   1.1174   0.01977   0.01342  -0.0670  0.3514  0.8794  -1.9274   0.0000   0.2904
  12.000   1.2003   0.01979   0.01363  -0.0608  0.3416  0.8955  -2.1044   0.0000   0.2794
  13.000   1.3298   0.02051   0.01430  -0.0664  0.3291  0.8885  -2.3925   0.0000   0.2769
  14.000   1.4392   0.02201   0.01615  -0.0680  0.3155  0.8839  -2.7435   0.0000   0.2723
  15.000   1.5525   0.02138   0.01555  -0.0703  0.2970  0.8805  -3.1227   0.0000   0.2682
  16.000   1.6589   0.02204   0.01663  -0.0722  0.2777  0.8773  -3.5099   0.0000   0.2642
  17.000   1.7596   0.02322   0.01805  -0.0740  0.2513  0.8743  -3.9409   0.0000   0.2604
  18.000   1.8367   0.02682   0.02179  -0.0753  0.2110  0.8719  -4.3262   0.0000   0.2569
  19.000   1.8072   0.04001   0.03524  -0.0765  0.1747  0.8707  -4.4268   0.0000   0.2559
  20.000   1.7198   0.06147   0.05695  -0.0815  0.1526  0.8710  -4.3428   0.0000   0.2587
  21.000   1.6502   0.08355   0.07921  -0.0884  0.1301  0.8715  -4.2840   0.0000   0.2626
  22.000   1.6017   0.10426   0.10005  -0.0962  0.1086  0.8724  -4.2673   0.0000   0.2668
  23.000   1.5705   0.12348   0.11936  -0.1047  0.0905  0.8739  -4.3168   0.0000   0.2711
  24.000   1.5571   0.14044   0.13653  -0.1134  0.0789  0.8761  -4.4475   0.0000   0.2749
  25.000   1.5599   0.15450   0.15085  -0.1218  0.0702  0.8782  -4.7639   0.0000   0.2774


