XFLR5 v6.09.05 beta

 Calculated polar for: -20S1223

 1 1 Reynolds number fixed          Mach number fixed         

 xtrf =   1.000 (top)        1.000 (bottom)
 Mach =   0.000     Re =     0.110 e 6     Ncrit =   9.000

  alpha     CL        CD       CDp       Cm    Top Xtr Bot Xtr   Cpmin    Chinge    XCp    
 ------- -------- --------- --------- -------- ------- ------- -------- --------- ---------
   0.000  -0.0282   0.07372   0.06838  -0.0573  0.5648  0.0792  -1.0780   0.0000  -1.7916
   1.000   0.0361   0.06210   0.05683  -0.0684  0.5450  0.0944  -1.0506   0.0000   2.1313
   2.000   0.1348   0.05254   0.04656  -0.0820  0.5295  0.1395  -0.9989   0.0000   0.8462
   3.000   0.2216   0.04411   0.03829  -0.0818  0.5110  0.1821  -0.8680   0.0000   0.6081
   4.000   0.3864   0.02788   0.01903  -0.0923  0.4984  0.0731  -1.1507   0.0000   0.4788
   5.000   0.4876   0.02758   0.01867  -0.0893  0.4848  0.0769  -1.0419   0.0000   0.4226
   6.000   0.5748   0.02777   0.02036  -0.0836  0.4694  0.4967  -1.1223   0.0000   0.3839
   8.000   0.6959   0.03754   0.03089  -0.0661  0.4407  1.0000  -1.2346   0.0000   0.3317
   9.000   0.7447   0.04225   0.03546  -0.0591  0.4291  1.0000  -1.3018   0.0000   0.3148
  11.000   0.7459   0.06511   0.05849  -0.0579  0.3938  1.0000  -1.2749   0.0000   0.3113
  13.000   0.8717   0.07873   0.07205  -0.0588  0.3562  1.0000  -1.4894   0.0000   0.2980
  15.000   0.8314   0.11131   0.10506  -0.0725  0.3050  1.0000  -1.3712   0.0000   0.3162
  16.000   0.8752   0.12047   0.11430  -0.0749  0.2795  1.0000  -1.4885   0.0000   0.3128
  17.000   0.9923   0.11962   0.11350  -0.0714  0.2629  1.0000  -1.8527   0.0000   0.2961
  18.000   0.9859   0.13536   0.12945  -0.0786  0.2367  1.0000  -1.8392   0.0000   0.3027
  19.000   0.9986   0.14894   0.14341  -0.0851  0.2111  1.0000  -1.8653   0.0000   0.3066
  20.000   1.0072   0.16461   0.15929  -0.0933  0.1873  1.0000  -1.8641   0.0000   0.3127
  21.000   1.0089   0.18301   0.17789  -0.1039  0.1681  1.0000  -1.7936   0.0000   0.3221
  22.000   1.0206   0.20219   0.19729  -0.1146  0.1627  1.0000  -1.6973   0.0000   0.3304
  23.000   1.0587   0.21900   0.21428  -0.1209  0.1548  1.0000  -1.7673   0.0000   0.3302
  24.000   1.0495   0.24360   0.23910  -0.1369  0.1621  1.0000  -1.5495   0.0000   0.3461
  25.000   1.0964   0.26813   0.26399  -0.1411  0.1558  1.0000  -1.6941   0.0000   0.3419


