XFLR5 v6.09.05 beta

 Calculated polar for: -20S1223

 1 1 Reynolds number fixed          Mach number fixed         

 xtrf =   1.000 (top)        1.000 (bottom)
 Mach =   0.000     Re =     0.150 e 6     Ncrit =   9.000

  alpha     CL        CD       CDp       Cm    Top Xtr Bot Xtr   Cpmin    Chinge    XCp    
 ------- -------- --------- --------- -------- ------- ------- -------- --------- ---------
   0.000  -0.0345   0.06912   0.06397  -0.0562  0.5374  0.0521  -1.1868   0.0000  -1.3795
   1.000   0.0526   0.05436   0.04883  -0.0780  0.5202  0.0654  -1.3348   0.0000   1.7145
   2.000   0.1469   0.04326   0.03725  -0.0849  0.5023  0.0888  -1.1594   0.0000   0.8151
   3.000   0.2530   0.03632   0.02985  -0.0887  0.4853  0.1417  -0.9099   0.0000   0.5886
   4.000   0.3989   0.02261   0.01373  -0.0915  0.4716  0.0507  -1.2267   0.0000   0.4686
   5.000   0.5083   0.02179   0.01269  -0.0895  0.4581  0.0616  -1.1000   0.0000   0.4147
   6.000   0.6084   0.02120   0.01351  -0.0860  0.4459  0.4367  -1.1908   0.0000   0.3792
   7.000   0.6503   0.02327   0.01647  -0.0670  0.4354  0.8876  -1.2575   0.0000   0.3396
   8.000   0.6956   0.02413   0.01711  -0.0503  0.4266  0.9414  -1.3307   0.0000   0.3075
   9.000   0.7592   0.02670   0.01985  -0.0420  0.4145  0.9658  -1.4152   0.0000   0.2895
  10.000   0.8406   0.02987   0.02317  -0.0393  0.4010  0.9801  -1.5223   0.0000   0.2798
  11.000   1.0191   0.03233   0.02539  -0.0534  0.3873  1.0000  -1.7599   0.0000   0.2840
  12.000   0.9693   0.04331   0.03723  -0.0416  0.3652  1.0000  -1.7196   0.0000   0.2733
  13.000   1.1059   0.03886   0.03252  -0.0385  0.3589  1.0000  -1.9979   0.0000   0.2631
  15.000   1.2319   0.04893   0.04323  -0.0403  0.3237  1.0000  -2.4164   0.0000   0.2573
  19.000   1.3930   0.07596   0.07124  -0.0567  0.2339  1.0000  -3.2527   0.0000   0.2561
  20.000   1.3706   0.09253   0.08802  -0.0639  0.2059  0.9911  -3.2961   0.0000   0.2600
  21.000   1.3584   0.10873   0.10442  -0.0714  0.1797  0.9854  -3.3501   0.0000   0.2638
  22.000   1.4751   0.10403   0.09975  -0.0707  0.1569  0.9833  -3.8509   0.0000   0.2558
  24.000   1.1408   0.21092   0.20715  -0.1224  0.1116  0.9752  -2.2763   0.0000   0.3184
  25.000   1.1339   0.24271   0.23917  -0.1371  0.1135  0.9739  -2.0414   0.0000   0.3316


