XFLR5 v6.09.05 beta

 Calculated polar for: -20S1223

 1 1 Reynolds number fixed          Mach number fixed         

 xtrf =   1.000 (top)        1.000 (bottom)
 Mach =   0.000     Re =     0.155 e 6     Ncrit =   9.000

  alpha     CL        CD       CDp       Cm    Top Xtr Bot Xtr   Cpmin    Chinge    XCp    
 ------- -------- --------- --------- -------- ------- ------- -------- --------- ---------
   0.000  -0.0354   0.06832   0.06316  -0.0575  0.5351  0.0498  -1.2337   0.0000  -1.3747
   1.000   0.0647   0.05754   0.05193  -0.0775  0.5163  0.0633  -1.2939   0.0000   1.4326
   3.000   0.2806   0.02694   0.01901  -0.0916  0.4839  0.0392  -1.4995   0.0000   0.5661
   4.000   0.4002   0.02211   0.01316  -0.0913  0.4691  0.0484  -1.2407   0.0000   0.4675
   5.000   0.5091   0.02146   0.01243  -0.0896  0.4559  0.0606  -1.1021   0.0000   0.4145
   6.000   0.6113   0.02065   0.01298  -0.0864  0.4432  0.4315  -1.1964   0.0000   0.3791
   7.000   0.6604   0.02269   0.01583  -0.0688  0.4331  0.8847  -1.2699   0.0000   0.3408
   8.000   0.7013   0.02380   0.01675  -0.0512  0.4240  0.9360  -1.3392   0.0000   0.3082
   9.000   0.7664   0.02602   0.01920  -0.0429  0.4122  0.9598  -1.4257   0.0000   0.2901
  10.000   0.8484   0.02844   0.02170  -0.0392  0.3998  0.9729  -1.5386   0.0000   0.2791
  11.000   0.9926   0.03099   0.02410  -0.0470  0.3867  0.9938  -1.7400   0.0000   0.2788
  12.000   1.0117   0.03780   0.03162  -0.0405  0.3681  1.0000  -1.7964   0.0000   0.2702
  13.000   1.1265   0.03601   0.02962  -0.0383  0.3589  1.0000  -2.0373   0.0000   0.2622
  14.000   0.9965   0.06758   0.06192  -0.0513  0.3174  1.0000  -1.8013   0.0000   0.2790
  17.000   1.4898   0.04125   0.03589  -0.0400  0.2897  0.9835  -3.2581   0.0000   0.2465
  18.000   1.5019   0.05016   0.04521  -0.0470  0.2646  0.9835  -3.4356   0.0000   0.2485
  20.000   1.4801   0.07739   0.07287  -0.0600  0.2091  0.9779  -3.6415   0.0000   0.2531
  21.000   1.5233   0.08431   0.07978  -0.0634  0.1805  0.9754  -3.9009   0.0000   0.2515
  22.000   1.4790   0.10483   0.10060  -0.0726  0.1553  0.9727  -3.8605   0.0000   0.2568
  23.000   1.4577   0.12312   0.11912  -0.0817  0.1346  0.9705  -3.8884   0.0000   0.2616
  24.000   1.1327   0.21611   0.21239  -0.1270  0.1099  0.9676  -2.1832   0.0000   0.3237
  25.000   1.1252   0.24719   0.24367  -0.1412  0.1102  0.9663  -1.9611   0.0000   0.3367


