XFLR5 v6.09.05 beta

 Calculated polar for: -20S1223

 1 1 Reynolds number fixed          Mach number fixed         

 xtrf =   1.000 (top)        1.000 (bottom)
 Mach =   0.000     Re =     0.270 e 6     Ncrit =   9.000

  alpha     CL        CD       CDp       Cm    Top Xtr Bot Xtr   Cpmin    Chinge    XCp    
 ------- -------- --------- --------- -------- ------- ------- -------- --------- ---------
   1.000   0.0512   0.04608   0.04096  -0.0779  0.4766  0.0307  -1.6568   0.0000   1.7517
   2.000   0.1574   0.03510   0.02929  -0.0862  0.4565  0.0395  -1.4403   0.0000   0.7845
   3.000   0.2796   0.02484   0.01801  -0.0921  0.4433  0.0536  -1.2399   0.0000   0.5674
   4.000   0.4106   0.01692   0.00839  -0.0916  0.4303  0.0309  -1.3432   0.0000   0.4617
   5.000   0.5257   0.01620   0.00770  -0.0913  0.4184  0.0431  -1.1469   0.0000   0.4117
   6.000   0.6466   0.01479   0.00716  -0.0924  0.4073  0.3498  -1.2641   0.0000   0.3801
   7.000   0.7387   0.01589   0.00926  -0.0857  0.3977  0.8274  -1.3676   0.0000   0.3521
   8.000   0.8201   0.01843   0.01174  -0.0770  0.3869  0.8543  -1.4704   0.0000   0.3287
   9.000   0.8973   0.01911   0.01252  -0.0676  0.3801  0.8741  -1.5842   0.0000   0.3089
  10.000   1.0039   0.02050   0.01392  -0.0664  0.3700  0.8840  -1.7349   0.0000   0.2983
  11.000   1.0822   0.02045   0.01389  -0.0588  0.3601  0.8989  -1.8877   0.0000   0.2850
  12.000   1.1737   0.02220   0.01585  -0.0557  0.3490  0.9117  -2.0644   0.0000   0.2764
  13.000   1.2852   0.02271   0.01653  -0.0574  0.3366  0.9065  -2.3103   0.0000   0.2719
  14.000   1.3996   0.02385   0.01777  -0.0603  0.3209  0.9012  -2.6664   0.0000   0.2683
  15.000   1.5164   0.02376   0.01798  -0.0637  0.3055  0.8961  -3.0452   0.0000   0.2652
  16.000   1.6309   0.02406   0.01850  -0.0672  0.2849  0.8919  -3.4407   0.0000   0.2621
  17.000   1.7350   0.02508   0.01972  -0.0698  0.2595  0.8887  -3.8766   0.0000   0.2587
  18.000   1.8131   0.02826   0.02325  -0.0710  0.2257  0.8868  -4.2610   0.0000   0.2552
  19.000   1.7940   0.04000   0.03533  -0.0724  0.1928  0.8877  -4.3874   0.0000   0.2540
  20.000   1.7158   0.06003   0.05558  -0.0773  0.1678  0.8901  -4.3285   0.0000   0.2564
  21.000   1.6501   0.08115   0.07687  -0.0839  0.1438  0.8913  -4.2802   0.0000   0.2599
  22.000   1.6007   0.10181   0.09768  -0.0918  0.1218  0.8921  -4.2576   0.0000   0.2641
  23.000   1.5687   0.12109   0.11709  -0.1004  0.1025  0.8929  -4.3064   0.0000   0.2685
  24.000   1.5514   0.13861   0.13476  -0.1096  0.0867  0.8938  -4.4241   0.0000   0.2727
  25.000   1.5526   0.15270   0.14887  -0.1181  0.0740  0.8949  -4.7321   0.0000   0.2754


