XFLR5 v6.09.05 beta

 Calculated polar for: -20S1223

 1 1 Reynolds number fixed          Mach number fixed         

 xtrf =   1.000 (top)        1.000 (bottom)
 Mach =   0.000     Re =     0.060 e 6     Ncrit =   9.000

  alpha     CL        CD       CDp       Cm    Top Xtr Bot Xtr   Cpmin    Chinge    XCp    
 ------- -------- --------- --------- -------- ------- ------- -------- --------- ---------
   0.000  -0.0170   0.08470   0.07930  -0.0572  0.6392  0.1787  -0.8937   0.0000  -3.1576
   1.000   0.0228   0.07701   0.07189  -0.0632  0.6219  0.2127  -0.8674   0.0000   3.0353
   2.000   0.0747   0.06978   0.06467  -0.0665  0.6065  0.2584  -0.8252   0.0000   1.1361
   3.000   0.1478   0.06263   0.05737  -0.0756  0.5902  0.2885  -0.8192   0.0000   0.7547
   4.000   0.3375   0.04793   0.03953  -0.1045  0.5777  0.1096  -1.1559   0.0000   0.5524
   5.000   0.4278   0.04725   0.03807  -0.0988  0.5663  0.1174  -0.9666   0.0000   0.4728
   6.000   0.4806   0.05192   0.04421  -0.0981  0.5604  0.4239  -1.0079   0.0000   0.4455
   8.000   0.3907   0.06885   0.06244  -0.0836  0.6452  1.0000  -0.9570   0.0000   0.4543
   9.000   0.4469   0.07608   0.06880  -0.0820  0.6114  1.0000  -0.7722   0.0000   0.4226
  10.000   0.4967   0.08387   0.07612  -0.0812  0.5793  1.0000  -0.8177   0.0000   0.4015
  11.000   0.5483   0.09242   0.08437  -0.0812  0.5460  1.0000  -0.8616   0.0000   0.3848
  12.000   0.6013   0.10281   0.09459  -0.0824  0.5204  1.0000  -0.9132   0.0000   0.3725
  13.000   0.7338   0.12292   0.11451  -0.0865  0.4927  1.0000  -1.0856   0.0000   0.3518
  15.000   0.7543   0.13476   0.12650  -0.0873  0.4268  1.0000  -1.1099   0.0000   0.3471
  16.000   0.7703   0.14460   0.13657  -0.0901  0.3969  1.0000  -1.1365   0.0000   0.3471
  17.000   0.7955   0.15699   0.14911  -0.0946  0.3743  1.0000  -1.1786   0.0000   0.3478
  18.000   0.8725   0.17791   0.17020  -0.0984  0.3525  1.0000  -1.3286   0.0000   0.3399
  19.000   0.9464   0.19839   0.19092  -0.1022  0.3217  1.0000  -1.4623   0.0000   0.3331
  20.000   0.9084   0.19551   0.18822  -0.1101  0.2972  1.0000  -1.3374   0.0000   0.3454
  21.000   0.9316   0.20787   0.20098  -0.1183  0.2746  1.0000  -1.3365   0.0000   0.3496
  22.000   1.0022   0.23747   0.23088  -0.1218  0.2609  1.0000  -1.4573   0.0000   0.3419
  23.000   1.0003   0.23835   0.23192  -0.1329  0.2394  1.0000  -1.3850   0.0000   0.3517
  24.000   1.0227   0.25512   0.24890  -0.1421  0.2258  1.0000  -1.3847   0.0000   0.3560
  25.000   1.0679   0.27505   0.26915  -0.1471  0.2088  1.0000  -1.5023   0.0000   0.3523


