XFLR5 v6.09.05 beta

 Calculated polar for: -20S1223

 1 1 Reynolds number fixed          Mach number fixed         

 xtrf =   1.000 (top)        1.000 (bottom)
 Mach =   0.000     Re =     0.020 e 6     Ncrit =   9.000

  alpha     CL        CD       CDp       Cm    Top Xtr Bot Xtr   Cpmin    Chinge    XCp    
 ------- -------- --------- --------- -------- ------- ------- -------- --------- ---------
   0.000   0.0319   0.08125   0.07488  -0.0199  1.0000  1.0000  -0.7220   0.0000   0.9087
   1.000   0.0499   0.07792   0.07170  -0.0258  0.9754  0.9921  -0.7394   0.0000   0.7821
   2.000  -0.1194   0.08760   0.08181   0.0077  0.9644  0.8519  -0.8512   0.0000   0.3028
   4.000  -0.4163   0.08485   0.07989   0.0539  1.0000  0.6946  -1.0915   0.0000   0.3740
   5.000  -0.1867   0.07510   0.06798  -0.0397  1.0000  0.3063  -1.2411   0.0000   0.0322
   6.000  -0.0334   0.06965   0.06076  -0.0643  1.0000  0.2648  -1.1850   0.0000  -1.6705
   7.000   0.0771   0.06958   0.05935  -0.0736  1.0000  0.3104  -1.0637   0.0000   1.1912
   9.000   0.2044   0.07086   0.05960  -0.0636  1.0000  1.0000  -1.1657   0.0000   0.5482
  10.000   0.2662   0.07877   0.06626  -0.0659  1.0000  1.0000  -0.8741   0.0000   0.4843
  11.000   0.3253   0.08746   0.07406  -0.0690  1.0000  1.0000  -0.6332   0.0000   0.4479
  12.000   0.3817   0.09691   0.08301  -0.0726  1.0000  1.0000  -0.6691   0.0000   0.4251
  13.000   0.4644   0.11018   0.09595  -0.0829  0.9758  1.0000  -0.7252   0.0000   0.4126
  14.000   0.5866   0.12774   0.11331  -0.0976  0.8303  1.0000  -0.8342   0.0000   0.3996
  15.000   0.6484   0.14216   0.12771  -0.1014  0.7548  1.0000  -0.9014   0.0000   0.3884
  16.000   0.7214   0.16243   0.14813  -0.1082  0.7053  1.0000  -0.9906   0.0000   0.3806
  17.000   0.7364   0.16725   0.15329  -0.1074  0.6557  1.0000  -1.0128   0.0000   0.3753
  18.000   0.7823   0.18129   0.16757  -0.1118  0.6113  1.0000  -1.0867   0.0000   0.3710
  19.000   0.8400   0.20229   0.18889  -0.1176  0.5678  1.0000  -1.1640   0.0000   0.3666
  20.000   0.8851   0.22293   0.20983  -0.1230  0.5285  1.0000  -1.2051   0.0000   0.3640
  23.000   0.9587   0.25147   0.23973  -0.1391  0.4338  1.0000  -1.2391   0.0000   0.3652
  24.000   0.9861   0.26722   0.25584  -0.1458  0.4069  1.0000  -1.2710   0.0000   0.3660
  25.000   1.0332   0.30042   0.28952  -0.1523  0.3865  1.0000  -1.3332   0.0000   0.3635


