XFLR5 v6.09.05 beta

 Calculated polar for: -20S1223

 1 1 Reynolds number fixed          Mach number fixed         

 xtrf =   1.000 (top)        1.000 (bottom)
 Mach =   0.000     Re =     0.280 e 6     Ncrit =   9.000

  alpha     CL        CD       CDp       Cm    Top Xtr Bot Xtr   Cpmin    Chinge    XCp    
 ------- -------- --------- --------- -------- ------- ------- -------- --------- ---------
   0.000  -0.0237   0.06503   0.06022  -0.0616  0.4892  0.0279  -1.4733   0.0000  -2.3377
   1.000   0.0570   0.04429   0.03910  -0.0801  0.4746  0.0297  -1.7764   0.0000   1.6373
   2.000   0.1569   0.03445   0.02871  -0.0863  0.4551  0.0370  -1.4577   0.0000   0.7871
   3.000   0.2808   0.02430   0.01746  -0.0922  0.4411  0.0519  -1.2612   0.0000   0.5666
   4.000   0.4113   0.01691   0.00840  -0.0917  0.4273  0.0300  -1.3392   0.0000   0.4615
   5.000   0.5266   0.01587   0.00742  -0.0914  0.4167  0.0425  -1.1490   0.0000   0.4117
   6.000   0.6478   0.01450   0.00689  -0.0926  0.4052  0.3447  -1.2671   0.0000   0.3802
   7.000   0.7436   0.01558   0.00894  -0.0869  0.3955  0.8248  -1.3730   0.0000   0.3530
   8.000   0.8283   0.01834   0.01169  -0.0787  0.3859  0.8499  -1.4789   0.0000   0.3299
   9.000   0.9022   0.01867   0.01213  -0.0687  0.3783  0.8697  -1.5902   0.0000   0.3097
  10.000   1.0055   0.01973   0.01317  -0.0667  0.3683  0.8811  -1.7389   0.0000   0.2984
  11.000   1.0919   0.02041   0.01385  -0.0612  0.3574  0.8941  -1.8983   0.0000   0.2866
  12.000   1.1768   0.02156   0.01526  -0.0561  0.3475  0.9086  -2.0701   0.0000   0.2766
  13.000   1.2919   0.02207   0.01589  -0.0586  0.3351  0.9027  -2.3238   0.0000   0.2725
  14.000   1.4087   0.02324   0.01721  -0.0620  0.3199  0.8970  -2.6842   0.0000   0.2692
  15.000   1.5291   0.02312   0.01733  -0.0662  0.3035  0.8918  -3.0710   0.0000   0.2664
  16.000   1.6421   0.02373   0.01821  -0.0695  0.2831  0.8876  -3.4663   0.0000   0.2631
  17.000   1.7390   0.02495   0.01964  -0.0703  0.2581  0.8845  -3.8880   0.0000   0.2589
  18.000   1.8162   0.02797   0.02297  -0.0712  0.2232  0.8832  -4.2714   0.0000   0.2552
  19.000   1.7949   0.03993   0.03523  -0.0724  0.1900  0.8831  -4.3926   0.0000   0.2540
  20.000   1.7152   0.06019   0.05572  -0.0774  0.1653  0.8838  -4.3303   0.0000   0.2564
  21.000   1.6493   0.08156   0.07725  -0.0843  0.1412  0.8847  -4.2811   0.0000   0.2602
  22.000   1.6001   0.10259   0.09841  -0.0929  0.1190  0.8864  -4.2575   0.0000   0.2648
  23.000   1.5688   0.12197   0.11792  -0.1018  0.0997  0.8879  -4.3075   0.0000   0.2693
  24.000   1.5526   0.13943   0.13558  -0.1110  0.0847  0.8893  -4.4277   0.0000   0.2735
  25.000   1.5549   0.15342   0.14964  -0.1195  0.0734  0.8906  -4.7412   0.0000   0.2762


