XFLR5 v6.09.05 beta

 Calculated polar for: -20S1223

 1 1 Reynolds number fixed          Mach number fixed         

 xtrf =   1.000 (top)        1.000 (bottom)
 Mach =   0.000     Re =     0.030 e 6     Ncrit =   9.000

  alpha     CL        CD       CDp       Cm    Top Xtr Bot Xtr   Cpmin    Chinge    XCp    
 ------- -------- --------- --------- -------- ------- ------- -------- --------- ---------
   0.000   0.0748   0.07761   0.07136  -0.0508  0.8311  0.6008  -0.7016   0.0000   0.9367
   1.000   0.2431   0.06358   0.05721  -0.0615  0.7947  0.8644  -0.7990   0.0000   0.5022
   2.000   0.1607   0.06675   0.06103  -0.0523  0.7899  0.7332  -0.7392   0.0000   0.5731
   3.000   0.0061   0.07267   0.06766  -0.0273  0.8045  0.6987  -0.7956   0.0000   4.7087
   4.000  -0.1769   0.07786   0.07349   0.0067  0.8496  0.7271  -0.8867   0.0000   0.2820
   5.000  -0.4157   0.07825   0.07459   0.0634  1.0000  0.7758  -0.9801   0.0000   0.3969
   6.000  -0.0181   0.06649   0.05890  -0.0711  1.0000  0.1920  -1.2358   0.0000  -3.6622
   7.000   0.0966   0.06595   0.05678  -0.0802  1.0000  0.1903  -1.1030   0.0000   1.0690
   8.000   0.1807   0.06937   0.05947  -0.0810  1.0000  0.2608  -1.0574   0.0000   0.6871
   9.000   0.2074   0.06894   0.06033  -0.0658  1.0000  1.0000  -1.1739   0.0000   0.5548
  10.000   0.3894   0.08447   0.07398  -0.0873  0.8594  1.0000  -0.6813   0.0000   0.4621
  11.000   0.4910   0.09787   0.08667  -0.0924  0.7688  1.0000  -0.7633   0.0000   0.4251
  12.000   0.5326   0.10723   0.09576  -0.0916  0.7215  1.0000  -0.7996   0.0000   0.4077
  13.000   0.6043   0.12083   0.10917  -0.0949  0.6757  1.0000  -0.8703   0.0000   0.3917
  14.000   0.6818   0.13938   0.12760  -0.0999  0.6359  1.0000  -0.9516   0.0000   0.3799
  15.000   0.7041   0.14702   0.13533  -0.0995  0.5986  1.0000  -0.9807   0.0000   0.3734
  16.000   0.7248   0.15382   0.14227  -0.0997  0.5556  1.0000  -1.0148   0.0000   0.3685
  17.000   0.7679   0.16719   0.15594  -0.1035  0.5220  1.0000  -1.0792   0.0000   0.3643
  18.000   0.8082   0.18060   0.16955  -0.1075  0.4869  1.0000  -1.1466   0.0000   0.3611
  19.000   0.8495   0.19554   0.18474  -0.1122  0.4529  1.0000  -1.1990   0.0000   0.3587
  20.000   0.9158   0.22328   0.21281  -0.1184  0.4214  1.0000  -1.2877   0.0000   0.3542
  21.000   0.9425   0.23309   0.22323  -0.1230  0.3886  1.0000  -1.3203   0.0000   0.3537
  22.000   0.9420   0.23156   0.22190  -0.1305  0.3666  1.0000  -1.2664   0.0000   0.3602
  23.000   0.9731   0.24789   0.23852  -0.1376  0.3451  1.0000  -1.2753   0.0000   0.3612
  25.000   1.0280   0.28033   0.27162  -0.1524  0.3042  1.0000  -1.3242   0.0000   0.3641


