XFLR5 v6.09.05 beta

 Calculated polar for: -20S1223

 1 1 Reynolds number fixed          Mach number fixed         

 xtrf =   1.000 (top)        1.000 (bottom)
 Mach =   0.000     Re =     0.025 e 6     Ncrit =   9.000

  alpha     CL        CD       CDp       Cm    Top Xtr Bot Xtr   Cpmin    Chinge    XCp    
 ------- -------- --------- --------- -------- ------- ------- -------- --------- ---------
   0.000   0.2701   0.05786   0.05128  -0.0741  0.8956  1.0000  -0.8042   0.0000   0.5236
   1.000   0.2158   0.06394   0.05756  -0.0618  0.8673  0.8605  -0.7738   0.0000   0.5352
   2.000   0.0575   0.07303   0.06730  -0.0374  0.8591  0.7347  -0.7731   0.0000   0.9031
   3.000  -0.1122   0.07991   0.07482  -0.0040  0.8806  0.7347  -0.8624   0.0000   0.2062
   4.000  -0.2834   0.08163   0.07706   0.0288  0.9317  0.7321  -0.9636   0.0000   0.3458
   5.000  -0.4338   0.07588   0.07171   0.0547  1.0000  0.6988  -1.0701   0.0000   0.3708
   6.000  -0.0273   0.06778   0.05977  -0.0678  1.0000  0.2214  -1.2078   0.0000  -2.2291
   7.000   0.0890   0.06747   0.05775  -0.0775  1.0000  0.2262  -1.0773   0.0000   1.1082
   8.000   0.1788   0.07003   0.06000  -0.0790  1.0000  0.3688  -1.0988   0.0000   0.6805
   9.000   0.2063   0.06971   0.05998  -0.0649  1.0000  1.0000  -1.1727   0.0000   0.5520
  10.000   0.2685   0.07778   0.06684  -0.0673  1.0000  1.0000  -0.8858   0.0000   0.4875
  12.000   0.5144   0.10720   0.09463  -0.0943  0.8258  1.0000  -0.7757   0.0000   0.4190
  13.000   0.5716   0.11851   0.10574  -0.0951  0.7480  1.0000  -0.8289   0.0000   0.4009
  15.000   0.6652   0.14203   0.12920  -0.0989  0.6577  1.0000  -0.9266   0.0000   0.3809
  16.000   0.7129   0.15444   0.14174  -0.1019  0.6129  1.0000  -0.9907   0.0000   0.3738
  17.000   0.7622   0.16862   0.15625  -0.1058  0.5724  1.0000  -1.0610   0.0000   0.3683
  18.000   0.8211   0.18797   0.17584  -0.1108  0.5314  1.0000  -1.1586   0.0000   0.3630
  20.000   0.8811   0.21078   0.19919  -0.1191  0.4617  1.0000  -1.2141   0.0000   0.3603
  21.000   0.9074   0.22064   0.20933  -0.1248  0.4301  1.0000  -1.2414   0.0000   0.3610
  22.000   0.9340   0.23334   0.22264  -0.1316  0.4060  1.0000  -1.2472   0.0000   0.3627
  23.000   0.9717   0.25310   0.24274  -0.1381  0.3827  1.0000  -1.2695   0.0000   0.3621
  24.000   1.0170   0.27741   0.26750  -0.1442  0.3557  1.0000  -1.3452   0.0000   0.3597
  25.000   1.0207   0.28250   0.27284  -0.1527  0.3405  1.0000  -1.3012   0.0000   0.3657


