XFLR5 v6.09.05 beta

 Calculated polar for: -20S1223

 1 1 Reynolds number fixed          Mach number fixed         

 xtrf =   1.000 (top)        1.000 (bottom)
 Mach =   0.000     Re =     0.195 e 6     Ncrit =   9.000

  alpha     CL        CD       CDp       Cm    Top Xtr Bot Xtr   Cpmin    Chinge    XCp    
 ------- -------- --------- --------- -------- ------- ------- -------- --------- ---------
   0.000  -0.0362   0.06696   0.06198  -0.0566  0.5163  0.0392  -1.2744   0.0000  -1.3128
   1.000   0.0528   0.04981   0.04434  -0.0782  0.4991  0.0464  -1.4956   0.0000   1.7120
   2.000   0.1607   0.04207   0.03603  -0.0848  0.4812  0.0631  -1.2573   0.0000   0.7649
   3.000   0.2666   0.02986   0.02314  -0.0908  0.4647  0.0926  -1.0466   0.0000   0.5787
   4.000   0.4052   0.01999   0.01122  -0.0914  0.4521  0.0393  -1.2716   0.0000   0.4646
   5.000   0.5177   0.01841   0.00964  -0.0903  0.4397  0.0521  -1.1244   0.0000   0.4127
   6.000   0.6313   0.01750   0.00961  -0.0896  0.4266  0.3984  -1.2356   0.0000   0.3794
   7.000   0.6967   0.01982   0.01298  -0.0764  0.4176  0.8569  -1.3157   0.0000   0.3459
   8.000   0.7526   0.02116   0.01441  -0.0616  0.4088  0.8966  -1.3967   0.0000   0.3170
   9.000   0.8395   0.02209   0.01522  -0.0554  0.3978  0.9171  -1.5167   0.0000   0.2997
  10.000   0.9173   0.02440   0.01751  -0.0491  0.3868  0.9285  -1.6338   0.0000   0.2860
  11.000   0.9999   0.02571   0.01909  -0.0443  0.3764  0.9434  -1.7766   0.0000   0.2754
  12.000   1.0872   0.02623   0.01974  -0.0404  0.3641  0.9527  -1.9436   0.0000   0.2665
  13.000   1.1991   0.02887   0.02246  -0.0437  0.3507  0.9464  -2.1684   0.0000   0.2641
  14.000   1.3076   0.03068   0.02474  -0.0468  0.3351  0.9415  -2.4765   0.0000   0.2616
  15.000   1.4220   0.03110   0.02514  -0.0490  0.3198  0.9386  -2.8436   0.0000   0.2582
  16.000   1.5303   0.03043   0.02476  -0.0511  0.3002  0.9364  -3.2163   0.0000   0.2548
  17.000   1.6279   0.03097   0.02571  -0.0528  0.2775  0.9353  -3.6094   0.0000   0.2514
  18.000   1.7003   0.03337   0.02842  -0.0538  0.2515  0.9359  -3.9709   0.0000   0.2482
  19.000   1.6886   0.04524   0.04062  -0.0594  0.2224  0.9377  -4.1001   0.0000   0.2493
  20.000   1.6308   0.06365   0.05921  -0.0659  0.1933  0.9375  -4.0866   0.0000   0.2522
  21.000   1.5845   0.08260   0.07833  -0.0730  0.1655  0.9366  -4.0851   0.0000   0.2555
  22.000   1.5535   0.10059   0.09646  -0.0803  0.1418  0.9355  -4.1047   0.0000   0.2588
  23.000   1.5271   0.11902   0.11515  -0.0886  0.1233  0.9345  -4.1442   0.0000   0.2629
  24.000   1.2029   0.20399   0.20072  -0.1305  0.0981  0.9327  -2.5736   0.0000   0.3179


