XFLR5 v6.09.05 beta

 Calculated polar for: -20S1223

 1 1 Reynolds number fixed          Mach number fixed         

 xtrf =   1.000 (top)        1.000 (bottom)
 Mach =   0.000     Re =     0.275 e 6     Ncrit =   9.000

  alpha     CL        CD       CDp       Cm    Top Xtr Bot Xtr   Cpmin    Chinge    XCp    
 ------- -------- --------- --------- -------- ------- ------- -------- --------- ---------
   0.000  -0.0221   0.06522   0.06038  -0.0621  0.4901  0.0280  -1.4774   0.0000  -2.5481
   1.000   0.0542   0.04481   0.03964  -0.0795  0.4757  0.0303  -1.7327   0.0000   1.6963
   2.000   0.1568   0.03480   0.02904  -0.0862  0.4558  0.0381  -1.4453   0.0000   0.7865
   4.000   0.4109   0.01689   0.00837  -0.0916  0.4289  0.0304  -1.3422   0.0000   0.4616
   5.000   0.5261   0.01603   0.00755  -0.0914  0.4176  0.0428  -1.1480   0.0000   0.4117
   6.000   0.6472   0.01464   0.00702  -0.0925  0.4063  0.3473  -1.2656   0.0000   0.3802
   7.000   0.7411   0.01572   0.00909  -0.0863  0.3966  0.8261  -1.3704   0.0000   0.3525
   8.000   0.8250   0.01830   0.01163  -0.0781  0.3864  0.8524  -1.4752   0.0000   0.3295
   9.000   0.8996   0.01888   0.01232  -0.0681  0.3792  0.8719  -1.5871   0.0000   0.3093
  10.000   1.0047   0.02008   0.01351  -0.0665  0.3691  0.8826  -1.7369   0.0000   0.2983
  11.000   1.0869   0.02036   0.01381  -0.0599  0.3589  0.8965  -1.8930   0.0000   0.2857
  12.000   1.1751   0.02186   0.01554  -0.0559  0.3482  0.9102  -2.0671   0.0000   0.2765
  13.000   1.2884   0.02238   0.01620  -0.0580  0.3358  0.9046  -2.3169   0.0000   0.2722
  14.000   1.4039   0.02352   0.01747  -0.0611  0.3204  0.8991  -2.6750   0.0000   0.2687
  15.000   1.5226   0.02342   0.01764  -0.0649  0.3045  0.8940  -3.0579   0.0000   0.2657
  16.000   1.6370   0.02387   0.01834  -0.0685  0.2840  0.8897  -3.4546   0.0000   0.2626
  17.000   1.7388   0.02499   0.01966  -0.0704  0.2587  0.8865  -3.8860   0.0000   0.2590
  18.000   1.8130   0.02821   0.02320  -0.0707  0.2247  0.8843  -4.2628   0.0000   0.2550
  19.000   1.7934   0.03999   0.03531  -0.0720  0.1916  0.8845  -4.3881   0.0000   0.2538
  20.000   1.7169   0.06018   0.05572  -0.0778  0.1663  0.8870  -4.3323   0.0000   0.2566
  21.000   1.6511   0.08146   0.07716  -0.0846  0.1423  0.8886  -4.2833   0.0000   0.2603
  22.000   1.6012   0.10226   0.09811  -0.0926  0.1203  0.8895  -4.2589   0.0000   0.2646
  23.000   1.5692   0.12157   0.11755  -0.1012  0.1010  0.8905  -4.3079   0.0000   0.2690
  24.000   1.5520   0.13909   0.13525  -0.1104  0.0857  0.8916  -4.4255   0.0000   0.2732
  25.000   1.5538   0.15309   0.14929  -0.1188  0.0737  0.8927  -4.7367   0.0000   0.2758


