XFLR5 v6.09.05 beta

 Calculated polar for: -20S1223

 1 1 Reynolds number fixed          Mach number fixed         

 xtrf =   1.000 (top)        1.000 (bottom)
 Mach =   0.000     Re =     0.035 e 6     Ncrit =   9.000

  alpha     CL        CD       CDp       Cm    Top Xtr Bot Xtr   Cpmin    Chinge    XCp    
 ------- -------- --------- --------- -------- ------- ------- -------- --------- ---------
   0.000   0.0355   0.08354   0.07753  -0.0589  0.7778  0.3795  -0.7727   0.0000   1.9306
   1.000   0.0617   0.07858   0.07297  -0.0499  0.7549  0.5356  -0.7280   0.0000   1.0656
   2.000   0.1600   0.06799   0.06250  -0.0483  0.7382  0.7131  -0.7476   0.0000   0.5503
   4.000   0.1893   0.06454   0.05715  -0.1093  0.7662  0.1752  -1.1426   0.0000   0.8216
   6.000  -0.0052   0.06563   0.05808  -0.0744  1.0000  0.1676  -1.2848   0.0000  -14.0421
   7.000   0.1049   0.06479   0.05588  -0.0825  1.0000  0.1649  -1.1436   0.0000   1.0262
   9.000   0.3655   0.07688   0.06786  -0.0880  0.8093  1.0000  -0.8730   0.0000   0.4797
  10.000   0.4430   0.08744   0.07751  -0.0894  0.7474  1.0000  -0.7352   0.0000   0.4398
  11.000   0.5245   0.10040   0.08997  -0.0927  0.7072  1.0000  -0.8017   0.0000   0.4137
  12.000   0.5678   0.11030   0.09962  -0.0921  0.6674  1.0000  -0.8409   0.0000   0.3981
  13.000   0.6012   0.11822   0.10744  -0.0914  0.6261  1.0000  -0.8732   0.0000   0.3866
  14.000   0.6471   0.12841   0.11758  -0.0925  0.5821  1.0000  -0.9193   0.0000   0.3764
  15.000   0.6894   0.13970   0.12891  -0.0947  0.5473  1.0000  -0.9716   0.0000   0.3696
  16.000   0.7309   0.15138   0.14071  -0.0975  0.5110  1.0000  -1.0322   0.0000   0.3642
  17.000   0.7701   0.16360   0.15322  -0.1010  0.4777  1.0000  -1.0936   0.0000   0.3607
  18.000   0.8145   0.17876   0.16858  -0.1057  0.4509  1.0000  -1.1665   0.0000   0.3578
  19.000   0.8633   0.19639   0.18645  -0.1106  0.4191  1.0000  -1.2327   0.0000   0.3545
  20.000   0.9294   0.22275   0.21312  -0.1162  0.3871  1.0000  -1.3301   0.0000   0.3498
  21.000   0.9262   0.21870   0.20928  -0.1218  0.3590  1.0000  -1.2962   0.0000   0.3546
  22.000   0.9460   0.22950   0.22061  -0.1297  0.3368  1.0000  -1.2783   0.0000   0.3586
  23.000   0.9943   0.25551   0.24694  -0.1356  0.3200  1.0000  -1.3354   0.0000   0.3560
  24.000   1.0113   0.26266   0.25438  -0.1440  0.2978  1.0000  -1.3354   0.0000   0.3600
  25.000   1.0328   0.27915   0.27115  -0.1522  0.2809  1.0000  -1.3395   0.0000   0.3631


