XFLR5 v6.09.05 beta

 Calculated polar for: -20S1223

 1 1 Reynolds number fixed          Mach number fixed         

 xtrf =   1.000 (top)        1.000 (bottom)
 Mach =   0.000     Re =     0.065 e 6     Ncrit =   9.000

  alpha     CL        CD       CDp       Cm    Top Xtr Bot Xtr   Cpmin    Chinge    XCp    
 ------- -------- --------- --------- -------- ------- ------- -------- --------- ---------
   0.000  -0.0215   0.09048   0.08500  -0.0701  0.6257  0.1669  -1.0151   0.0000  -3.0508
   2.000   0.0811   0.06845   0.06330  -0.0710  0.5924  0.2422  -0.8517   0.0000   1.1197
   3.000   0.2369   0.04792   0.04046  -0.0976  0.5749  0.0826  -1.3575   0.0000   0.6552
   4.000   0.3459   0.04461   0.03612  -0.1000  0.5630  0.1049  -1.1448   0.0000   0.5313
   5.000   0.4289   0.04606   0.03715  -0.1010  0.5496  0.1090  -0.9635   0.0000   0.4773
   6.000   0.4853   0.04984   0.04219  -0.0976  0.5430  0.3929  -0.9913   0.0000   0.4423
   8.000   0.3915   0.06825   0.06210  -0.0818  0.6260  1.0000  -0.9504   0.0000   0.4494
   9.000   0.5311   0.08332   0.07600  -0.0852  0.6011  1.0000  -0.8658   0.0000   0.3995
  10.000   0.5594   0.08698   0.07935  -0.0825  0.5674  1.0000  -0.8950   0.0000   0.3851
  11.000   0.6009   0.09390   0.08604  -0.0813  0.5325  1.0000  -0.9345   0.0000   0.3718
  12.000   0.6232   0.10116   0.09321  -0.0810  0.5003  1.0000  -0.9512   0.0000   0.3652
  13.000   0.6573   0.11034   0.10233  -0.0817  0.4679  1.0000  -0.9887   0.0000   0.3584
  14.000   0.6899   0.12102   0.11303  -0.0838  0.4408  1.0000  -1.0186   0.0000   0.3544
  15.000   0.8082   0.14235   0.13440  -0.0875  0.4212  1.0000  -1.2057   0.0000   0.3395
  17.000   0.8220   0.15617   0.14859  -0.0925  0.3596  1.0000  -1.2486   0.0000   0.3410
  18.000   0.8381   0.16765   0.16025  -0.0980  0.3332  1.0000  -1.2637   0.0000   0.3442
  19.000   0.8699   0.18176   0.17454  -0.1039  0.3136  1.0000  -1.2901   0.0000   0.3452
  20.000   0.9640   0.20903   0.20228  -0.1068  0.2906  1.0000  -1.4868   0.0000   0.3343
  21.000   0.9654   0.21125   0.20470  -0.1138  0.2636  1.0000  -1.4554   0.0000   0.3398
  22.000   0.9648   0.22150   0.21511  -0.1255  0.2476  1.0000  -1.3486   0.0000   0.3509
  23.000   1.0360   0.25109   0.24499  -0.1282  0.2330  1.0000  -1.5124   0.0000   0.3420
  24.000   1.0305   0.25299   0.24706  -0.1407  0.2129  1.0000  -1.4250   0.0000   0.3533
  25.000   1.0695   0.27852   0.27284  -0.1466  0.2053  1.0000  -1.5074   0.0000   0.3516


