XFLR5 v6.09.05 beta

 Calculated polar for: -25S1223

 1 1 Reynolds number fixed          Mach number fixed         

 xtrf =   1.000 (top)        1.000 (bottom)
 Mach =   0.000     Re =     0.155 e 6     Ncrit =   9.000

  alpha     CL        CD       CDp       Cm    Top Xtr Bot Xtr   Cpmin    Chinge    XCp    
 ------- -------- --------- --------- -------- ------- ------- -------- --------- ---------
   0.000  -0.2102   0.08811   0.08316  -0.0259  0.5331  0.0437  -1.4746   0.0000   0.1223
   1.000  -0.1760   0.07134   0.06652  -0.0308  0.5176  0.0475  -1.4476   0.0000   0.0728
   2.000  -0.1109   0.05993   0.05483  -0.0371  0.5028  0.0578  -1.3328   0.0000  -0.0807
   3.000  -0.0294   0.04769   0.04219  -0.0432  0.4886  0.0719  -1.2563   0.0000  -1.1763
   4.000   0.0704   0.03833   0.03211  -0.0465  0.4742  0.1146  -1.0934   0.0000   0.8761
   5.000   0.1979   0.02492   0.01623  -0.0433  0.4636  0.0402  -1.4838   0.0000   0.4513
   6.000   0.2990   0.02369   0.01508  -0.0401  0.4513  0.0587  -0.9976   0.0000   0.3680
   7.000   0.3946   0.02321   0.01461  -0.0348  0.4383  0.0696  -1.0533   0.0000   0.3223
   8.000   0.4505   0.02676   0.02032  -0.0159  0.4295  0.8313  -1.1323   0.0000   0.2688
  10.000   0.5837   0.03574   0.02950   0.0015  0.4024  0.9144  -1.2814   0.0000   0.2293
  11.000   0.7024   0.03478   0.02819   0.0030  0.3935  0.9409  -1.4500   0.0000   0.2264
  12.000   0.7400   0.04784   0.04188  -0.0053  0.3651  0.9542  -1.4620   0.0000   0.2373
  14.000   0.7057   0.06202   0.05610   0.0106  0.3293  0.9379  -1.4810   0.0000   0.2119
  17.000   0.8766   0.08404   0.07840  -0.0080  0.2672  0.9172  -1.8898   0.0000   0.2311
  20.000   0.9171   0.12277   0.11778  -0.0291  0.1927  0.9061  -2.0573   0.0000   0.2494
  21.000   1.0574   0.11311   0.10827  -0.0283  0.1858  0.9019  -2.6009   0.0000   0.2403
  25.000   0.9729   0.21245   0.20833  -0.0844  0.1179  0.8903  -1.8458   0.0000   0.2992


