XFLR5 v6.09.05 beta

 Calculated polar for: -25S1223

 1 1 Reynolds number fixed          Mach number fixed         

 xtrf =   1.000 (top)        1.000 (bottom)
 Mach =   0.000     Re =     0.055 e 6     Ncrit =   9.000

  alpha     CL        CD       CDp       Cm    Top Xtr Bot Xtr   Cpmin    Chinge    XCp    
 ------- -------- --------- --------- -------- ------- ------- -------- --------- ---------
   0.000  -0.1670   0.09998   0.09488  -0.0330  0.6533  0.1727  -1.0136   0.0000   0.0416
   1.000  -0.1541   0.09425   0.08923  -0.0406  0.6415  0.2027  -1.0442   0.0000  -0.0216
   2.000  -0.1094   0.08408   0.07924  -0.0426  0.6304  0.2417  -0.9708   0.0000  -0.1465
   3.000  -0.0633   0.07523   0.07054  -0.0434  0.6159  0.2894  -0.9048   0.0000  -0.4397
   4.000  -0.0089   0.06875   0.06395  -0.0485  0.6128  0.3355  -0.8839   0.0000  -5.1428
   5.000   0.1496   0.05565   0.04806  -0.0752  0.6147  0.1205  -1.2579   0.0000   0.7429
   8.000   0.3604   0.06592   0.05944  -0.0756  0.6779  1.0000  -1.0111   0.0000   0.4500
   9.000   0.3821   0.07175   0.06440  -0.0671  0.6463  1.0000  -0.8063   0.0000   0.4143
  10.000   0.4132   0.07808   0.07016  -0.0601  0.6122  1.0000  -0.7722   0.0000   0.3830
  11.000   0.4323   0.08427   0.07598  -0.0530  0.5823  1.0000  -0.7917   0.0000   0.3588
  12.000   0.4583   0.09109   0.08253  -0.0469  0.5507  1.0000  -0.8243   0.0000   0.3375
  13.000   0.5419   0.10640   0.09760  -0.0465  0.5296  1.0000  -0.9216   0.0000   0.3197
  14.000   0.5797   0.11398   0.10506  -0.0411  0.4959  1.0000  -0.9859   0.0000   0.3034
  15.000   0.5444   0.11397   0.10502  -0.0325  0.4654  1.0000  -0.9501   0.0000   0.2910
  16.000   0.5507   0.12084   0.11190  -0.0298  0.4372  1.0000  -0.9604   0.0000   0.2842
  17.000   0.5806   0.13120   0.12233  -0.0303  0.4151  1.0000  -1.0097   0.0000   0.2812
  18.000   0.6999   0.15721   0.14855  -0.0342  0.3897  1.0000  -1.2331   0.0000   0.2763
  19.000   0.6755   0.15491   0.14639  -0.0348  0.3595  1.0000  -1.1923   0.0000   0.2777
  20.000   0.6747   0.16261   0.15426  -0.0398  0.3372  1.0000  -1.1526   0.0000   0.2844
  21.000   0.7099   0.17603   0.16786  -0.0453  0.3172  1.0000  -1.1795   0.0000   0.2878
  22.000   0.7965   0.20391   0.19623  -0.0501  0.2931  1.0000  -1.3459   0.0000   0.2849
  23.000   0.7835   0.20012   0.19261  -0.0581  0.2700  1.0000  -1.2521   0.0000   0.2951
  24.000   0.8146   0.21557   0.20827  -0.0665  0.2602  1.0000  -1.2486   0.0000   0.3010


