XFLR5 v6.09.05 beta

 Calculated polar for: -25S1223

 1 1 Reynolds number fixed          Mach number fixed         

 xtrf =   1.000 (top)        1.000 (bottom)
 Mach =   0.000     Re =     0.330 e 6     Ncrit =   9.000

  alpha     CL        CD       CDp       Cm    Top Xtr Bot Xtr   Cpmin    Chinge    XCp    
 ------- -------- --------- --------- -------- ------- ------- -------- --------- ---------
   0.000  -0.2221   0.07933   0.07503  -0.0163  0.4816  0.0193  -1.5649   0.0000   0.1726
   1.000  -0.1849   0.06612   0.06169  -0.0274  0.4660  0.0209  -1.6096   0.0000   0.1012
   2.000  -0.1109   0.05138   0.04666  -0.0388  0.4530  0.0239  -1.6677   0.0000  -0.0931
   3.000  -0.0054   0.03862   0.03299  -0.0446  0.4391  0.0279  -1.7272   0.0000  -7.6560
   4.000   0.0903   0.02598   0.01941  -0.0464  0.4238  0.0363  -1.5409   0.0000   0.7339
   5.000   0.2082   0.01721   0.00920  -0.0428  0.4167  0.0222  -1.6591   0.0000   0.4365
   6.000   0.3164   0.01545   0.00730  -0.0400  0.4060  0.0304  -1.0870   0.0000   0.3594
   7.000   0.4236   0.01482   0.00654  -0.0378  0.3939  0.0400  -1.1366   0.0000   0.3223
   8.000   0.5183   0.01490   0.00873  -0.0326  0.3864  0.6514  -1.2335   0.0000   0.2958
   9.000   0.6184   0.01903   0.01294  -0.0255  0.3788  0.8079  -1.3511   0.0000   0.2733
  10.000   0.6948   0.02044   0.01435  -0.0134  0.3697  0.8394  -1.4642   0.0000   0.2502
  11.000   0.8550   0.02086   0.01472  -0.0177  0.3559  0.9366  -1.6625   0.0000   0.2507
  12.000   0.9807   0.02007   0.01410  -0.0211  0.3481  0.9514  -1.8573   0.0000   0.2502
  13.000   1.1018   0.01964   0.01368  -0.0239  0.3365  0.9695  -2.0817   0.0000   0.2488
  14.000   1.1860   0.02068   0.01477  -0.0199  0.3233  0.9701  -2.3124   0.0000   0.2421
  15.000   1.2771   0.02057   0.01506  -0.0173  0.3121  0.9728  -2.6296   0.0000   0.2370
  16.000   1.3626   0.02065   0.01508  -0.0138  0.2934  0.9775  -2.9518   0.0000   0.2315
  17.000   1.4518   0.02066   0.01555  -0.0123  0.2764  0.9826  -3.2892   0.0000   0.2277
  18.000   1.5267   0.02185   0.01701  -0.0095  0.2530  0.9848  -3.6485   0.0000   0.2232
  19.000   1.4546   0.02619   0.02144   0.0175  0.2354  0.9425  -3.6931   0.0000   0.2029
  21.000   1.5288   0.05788   0.05334  -0.0327  0.1603  0.8464  -4.0906   0.0000   0.2313
  22.000   1.4858   0.07584   0.07145  -0.0413  0.1350  0.8425  -4.0921   0.0000   0.2354
  23.000   1.4521   0.09408   0.08980  -0.0502  0.1126  0.8396  -4.1066   0.0000   0.2400
  24.000   1.4283   0.11157   0.10735  -0.0593  0.0932  0.8371  -4.1629   0.0000   0.2448
  25.000   1.4178   0.12826   0.12423  -0.0691  0.0804  0.8346  -4.2813   0.0000   0.2497


