XFLR5 v6.09.05 beta

 Calculated polar for: -25S1223

 1 1 Reynolds number fixed          Mach number fixed         

 xtrf =   1.000 (top)        1.000 (bottom)
 Mach =   0.000     Re =     0.305 e 6     Ncrit =   9.000

  alpha     CL        CD       CDp       Cm    Top Xtr Bot Xtr   Cpmin    Chinge    XCp    
 ------- -------- --------- --------- -------- ------- ------- -------- --------- ---------
   0.000  -0.2190   0.08025   0.07587  -0.0157  0.4858  0.0211  -1.4947   0.0000   0.1742
   1.000  -0.1834   0.06681   0.06235  -0.0272  0.4715  0.0231  -1.5740   0.0000   0.1009
   2.000  -0.0955   0.05296   0.04807  -0.0400  0.4563  0.0275  -1.6845   0.0000  -0.1612
   3.000  -0.0161   0.03406   0.02825  -0.0459  0.4448  0.0306  -1.8743   0.0000  -2.4985
   4.000   0.0901   0.02742   0.02081  -0.0460  0.4304  0.0410  -1.4831   0.0000   0.7303
   5.000   0.2074   0.01796   0.00984  -0.0428  0.4202  0.0235  -1.6332   0.0000   0.4374
   6.000   0.3146   0.01594   0.00774  -0.0398  0.4101  0.0331  -1.0793   0.0000   0.3595
   7.000   0.4223   0.01519   0.00687  -0.0375  0.3993  0.0417  -1.1327   0.0000   0.3220
   8.000   0.5023   0.01600   0.00979  -0.0283  0.3889  0.6611  -1.2189   0.0000   0.2891
   9.000   0.6198   0.02100   0.01481  -0.0253  0.3822  0.8127  -1.3478   0.0000   0.2729
  10.000   0.6958   0.02187   0.01572  -0.0139  0.3730  0.8458  -1.4600   0.0000   0.2510
  11.000   0.9072   0.01982   0.01348  -0.0283  0.3589  0.9673  -1.7106   0.0000   0.2614
  12.000   1.0753   0.01901   0.01289  -0.0417  0.3486  0.9951  -1.9498   0.0000   0.2677
  14.000   1.2543   0.02046   0.01444  -0.0351  0.3234  0.9950  -2.4177   0.0000   0.2534
  15.000   1.3451   0.02047   0.01488  -0.0326  0.3117  0.9958  -2.7392   0.0000   0.2477
  16.000   1.4365   0.02037   0.01473  -0.0303  0.2926  0.9969  -3.0775   0.0000   0.2424
  17.000   1.5275   0.02068   0.01550  -0.0293  0.2738  0.9986  -3.4347   0.0000   0.2383
  18.000   1.6042   0.02223   0.01733  -0.0271  0.2483  0.9996  -3.8060   0.0000   0.2338
  20.000   1.5559   0.04002   0.03546  -0.0188  0.1951  0.8641  -4.0387   0.0000   0.2243
  21.000   1.5250   0.05833   0.05382  -0.0322  0.1654  0.8517  -4.0769   0.0000   0.2310
  22.000   1.4742   0.07587   0.07157  -0.0367  0.1429  0.8497  -4.0664   0.0000   0.2326
  24.000   1.4259   0.11093   0.10675  -0.0574  0.0991  0.8415  -4.1542   0.0000   0.2435
  25.000   1.4140   0.12755   0.12357  -0.0670  0.0843  0.8394  -4.2689   0.0000   0.2483


