XFLR5 v6.09.05 beta

 Calculated polar for: -25S1223

 1 1 Reynolds number fixed          Mach number fixed         

 xtrf =   1.000 (top)        1.000 (bottom)
 Mach =   0.000     Re =     0.285 e 6     Ncrit =   9.000

  alpha     CL        CD       CDp       Cm    Top Xtr Bot Xtr   Cpmin    Chinge    XCp    
 ------- -------- --------- --------- -------- ------- ------- -------- --------- ---------
   0.000  -0.2176   0.08079   0.07632  -0.0158  0.4895  0.0231  -1.4705   0.0000   0.1733
   1.000  -0.1784   0.06718   0.06267  -0.0287  0.4759  0.0258  -1.5998   0.0000   0.0884
   2.000  -0.0908   0.05340   0.04834  -0.0409  0.4587  0.0278  -1.7128   0.0000  -0.1924
   3.000  -0.0186   0.03648   0.03090  -0.0453  0.4483  0.0325  -1.7023   0.0000  -2.0990
   4.000   0.0888   0.02701   0.02025  -0.0465  0.4353  0.0475  -1.4910   0.0000   0.7426
   5.000   0.2068   0.01867   0.01044  -0.0428  0.4227  0.0247  -1.6142   0.0000   0.4382
   6.000   0.3137   0.01655   0.00830  -0.0399  0.4138  0.0357  -1.0573   0.0000   0.3601
   7.000   0.4209   0.01573   0.00738  -0.0373  0.4029  0.0430  -1.1275   0.0000   0.3219
   8.000   0.4883   0.01660   0.01036  -0.0238  0.3933  0.6716  -1.2088   0.0000   0.2814
   9.000   0.6053   0.02063   0.01436  -0.0224  0.3854  0.8175  -1.3333   0.0000   0.2691
  10.000   0.6879   0.02253   0.01633  -0.0125  0.3761  0.8529  -1.4492   0.0000   0.2492
  12.000   1.0920   0.01948   0.01327  -0.0458  0.3506  1.0000  -1.9635   0.0000   0.2709
  13.000   1.1846   0.01992   0.01384  -0.0430  0.3390  1.0000  -2.1693   0.0000   0.2636
  14.000   1.2721   0.02111   0.01513  -0.0396  0.3242  1.0000  -2.4423   0.0000   0.2566
  15.000   1.3601   0.02118   0.01555  -0.0365  0.3132  1.0000  -2.7598   0.0000   0.2504
  16.000   1.4487   0.02101   0.01527  -0.0335  0.2936  1.0000  -3.0950   0.0000   0.2445
  17.000   1.5295   0.02146   0.01627  -0.0303  0.2759  1.0000  -3.4334   0.0000   0.2390
  18.000   1.5983   0.02300   0.01810  -0.0264  0.2516  1.0000  -3.7879   0.0000   0.2335
  19.000   1.6309   0.02703   0.02237  -0.0204  0.2213  1.0000  -4.0603   0.0000   0.2272
  21.000   1.5219   0.05837   0.05387  -0.0321  0.1691  0.8542  -4.0633   0.0000   0.2310
  22.000   1.4774   0.07597   0.07166  -0.0382  0.1458  0.8510  -4.0647   0.0000   0.2335
  24.000   1.4259   0.11006   0.10596  -0.0555  0.1041  0.8451  -4.1516   0.0000   0.2421
  25.000   1.4114   0.12692   0.12296  -0.0652  0.0882  0.8432  -4.2573   0.0000   0.2472


