XFLR5 v6.09.05 beta

 Calculated polar for: -25S1223

 1 1 Reynolds number fixed          Mach number fixed         

 xtrf =   1.000 (top)        1.000 (bottom)
 Mach =   0.000     Re =     0.290 e 6     Ncrit =   9.000

  alpha     CL        CD       CDp       Cm    Top Xtr Bot Xtr   Cpmin    Chinge    XCp    
 ------- -------- --------- --------- -------- ------- ------- -------- --------- ---------
   1.000  -0.1807   0.06707   0.06257  -0.0280  0.4748  0.0250  -1.5843   0.0000   0.0944
   2.000  -0.0915   0.05335   0.04833  -0.0407  0.4582  0.0278  -1.7042   0.0000  -0.1868
   3.000  -0.0180   0.03584   0.03022  -0.0455  0.4474  0.0320  -1.7431   0.0000  -2.1830
   4.000   0.0940   0.03122   0.02458  -0.0453  0.4336  0.0439  -1.3921   0.0000   0.7028
   5.000   0.2070   0.01848   0.01028  -0.0428  0.4222  0.0244  -1.6190   0.0000   0.4380
   6.000   0.3139   0.01638   0.00815  -0.0399  0.4129  0.0350  -1.0630   0.0000   0.3599
   7.000   0.4213   0.01558   0.00724  -0.0373  0.4020  0.0427  -1.1289   0.0000   0.3219
   8.000   0.4919   0.01651   0.01028  -0.0251  0.3915  0.6687  -1.2109   0.0000   0.2836
   9.000   0.6099   0.02055   0.01428  -0.0236  0.3846  0.8162  -1.3376   0.0000   0.2708
  11.000   0.9563   0.01899   0.01255  -0.0389  0.3608  0.9868  -1.7554   0.0000   0.2711
  12.000   1.0933   0.01924   0.01305  -0.0460  0.3499  1.0000  -1.9659   0.0000   0.2710
  13.000   1.1863   0.01965   0.01357  -0.0432  0.3384  1.0000  -2.1725   0.0000   0.2637
  14.000   1.2739   0.02082   0.01485  -0.0398  0.3239  1.0000  -2.4463   0.0000   0.2567
  15.000   1.3621   0.02089   0.01527  -0.0368  0.3125  1.0000  -2.7645   0.0000   0.2505
  16.000   1.4504   0.02077   0.01507  -0.0337  0.2931  1.0000  -3.0990   0.0000   0.2446
  17.000   1.5318   0.02121   0.01603  -0.0307  0.2752  1.0000  -3.4395   0.0000   0.2392
  18.000   1.6007   0.02279   0.01789  -0.0268  0.2507  1.0000  -3.7946   0.0000   0.2337
  19.000   1.6335   0.02686   0.02219  -0.0208  0.2200  1.0000  -4.0676   0.0000   0.2274
  20.000   1.5472   0.04034   0.03579  -0.0173  0.1991  0.8664  -4.0152   0.0000   0.2235
  21.000   1.5235   0.05838   0.05387  -0.0324  0.1680  0.8534  -4.0687   0.0000   0.2311
  22.000   1.4769   0.07591   0.07161  -0.0378  0.1451  0.8506  -4.0660   0.0000   0.2333
  24.000   1.4263   0.11023   0.10612  -0.0560  0.1029  0.8442  -4.1541   0.0000   0.2425
  25.000   1.4120   0.12711   0.12315  -0.0657  0.0872  0.8422  -4.2600   0.0000   0.2475


