XFLR5 v6.09.05 beta

 Calculated polar for: -25S1223

 1 1 Reynolds number fixed          Mach number fixed         

 xtrf =   1.000 (top)        1.000 (bottom)
 Mach =   0.000     Re =     0.030 e 6     Ncrit =   9.000

  alpha     CL        CD       CDp       Cm    Top Xtr Bot Xtr   Cpmin    Chinge    XCp    
 ------- -------- --------- --------- -------- ------- ------- -------- --------- ---------
   0.000  -0.1026   0.09670   0.09054  -0.0332  0.8341  0.4448  -0.8414   0.0000  -0.0853
   1.000   0.0652   0.07637   0.07029  -0.0318  0.8019  0.7572  -0.6796   0.0000   0.7465
   2.000   0.1298   0.06981   0.06392  -0.0409  0.7931  0.7951  -0.7094   0.0000   0.5638
   4.000  -0.1473   0.07247   0.06796  -0.0110  0.8378  0.6444  -0.9146   0.0000   0.1718
   5.000  -0.3217   0.07362   0.06968   0.0303  0.9307  0.7011  -0.9832   0.0000   0.3390
   6.000  -0.2224   0.06732   0.06071  -0.0315  1.0000  0.2308  -1.2848   0.0000   0.1042
   7.000  -0.1027   0.06018   0.05203  -0.0431  1.0000  0.1860  -1.2991   0.0000  -0.1701
   8.000  -0.0125   0.05964   0.04991  -0.0443  1.0000  0.1881  -1.1662   0.0000  -3.2199
   9.000   0.0552   0.06204   0.05172  -0.0396  1.0000  0.2451  -1.1191   0.0000   0.9422
  10.000   0.0864   0.06268   0.05372  -0.0206  1.0000  1.0000  -1.2224   0.0000   0.4667
  11.000   0.3135   0.08122   0.07026  -0.0485  0.8043  1.0000  -0.6704   0.0000   0.3904
  12.000   0.3721   0.09151   0.08002  -0.0468  0.7437  1.0000  -0.7210   0.0000   0.3606
  13.000   0.4372   0.10570   0.09383  -0.0473  0.7044  1.0000  -0.7812   0.0000   0.3420
  14.000   0.4469   0.10962   0.09762  -0.0414  0.6655  1.0000  -0.7958   0.0000   0.3253
  15.000   0.4798   0.11727   0.10517  -0.0394  0.6200  1.0000  -0.8290   0.0000   0.3138
  16.000   0.5178   0.12704   0.11492  -0.0397  0.5854  1.0000  -0.8763   0.0000   0.3073
  17.000   0.5577   0.13728   0.12524  -0.0409  0.5461  1.0000  -0.9331   0.0000   0.3028
  18.000   0.5932   0.14803   0.13613  -0.0431  0.5144  1.0000  -0.9824   0.0000   0.3011
  19.000   0.6304   0.15960   0.14799  -0.0463  0.4818  1.0000  -1.0440   0.0000   0.3007
  20.000   0.6697   0.17259   0.16119  -0.0506  0.4510  1.0000  -1.0922   0.0000   0.3014
  21.000   0.7350   0.19723   0.18612  -0.0568  0.4229  1.0000  -1.1698   0.0000   0.3018
  23.000   0.7731   0.20840   0.19808  -0.0678  0.3679  1.0000  -1.1758   0.0000   0.3094
  24.000   0.8063   0.22190   0.21188  -0.0751  0.3462  1.0000  -1.1802   0.0000   0.3132


