XFLR5 v6.09.05 beta

 Calculated polar for: -25S1223

 1 1 Reynolds number fixed          Mach number fixed         

 xtrf =   1.000 (top)        1.000 (bottom)
 Mach =   0.000     Re =     0.125 e 6     Ncrit =   9.000

  alpha     CL        CD       CDp       Cm    Top Xtr Bot Xtr   Cpmin    Chinge    XCp    
 ------- -------- --------- --------- -------- ------- ------- -------- --------- ---------
   0.000  -0.1987   0.08760   0.08275  -0.0197  0.5459  0.0576  -1.2276   0.0000   0.1447
   1.000  -0.1676   0.07552   0.07041  -0.0377  0.5349  0.0639  -1.4756   0.0000   0.0229
   2.000  -0.1134   0.06412   0.05918  -0.0366  0.5183  0.0751  -1.2252   0.0000  -0.0704
   3.000  -0.0360   0.05272   0.04738  -0.0420  0.5035  0.0973  -1.1360   0.0000  -0.8865
   4.000   0.0536   0.04474   0.03893  -0.0442  0.4911  0.1466  -0.9760   0.0000   1.0356
   5.000   0.1888   0.02978   0.02124  -0.0449  0.4777  0.0465  -1.4927   0.0000   0.4716
   6.000   0.2899   0.02769   0.01897  -0.0409  0.4657  0.0654  -1.0158   0.0000   0.3758
   7.000   0.3728   0.02936   0.02082  -0.0347  0.4532  0.0811  -1.0001   0.0000   0.3281
   8.000   0.4081   0.03745   0.03151  -0.0214  0.4369  0.8374  -1.0154   0.0000   0.2873
   9.000   0.4785   0.03817   0.03173  -0.0035  0.4286  0.9133  -1.1297   0.0000   0.2408
  10.000   0.4806   0.05166   0.04561  -0.0069  0.4056  0.9297  -1.0691   0.0000   0.2478
  11.000   0.5385   0.05442   0.04813   0.0009  0.3952  0.9418  -1.1643   0.0000   0.2302
  12.000   0.4909   0.06676   0.06057   0.0001  0.3750  0.9373  -1.0668   0.0000   0.2309
  13.000   0.5624   0.06824   0.06188   0.0076  0.3613  0.9517  -1.1989   0.0000   0.2160
  15.000   0.6045   0.08623   0.07992   0.0024  0.3138  0.9507  -1.2442   0.0000   0.2233
  16.000   0.7073   0.08965   0.08340  -0.0003  0.2971  0.9444  -1.4537   0.0000   0.2256
  17.000   0.7286   0.10194   0.09581  -0.0082  0.2702  0.9398  -1.4975   0.0000   0.2353
  18.000   0.7434   0.11454   0.10857  -0.0147  0.2460  0.9360  -1.5412   0.0000   0.2427
  19.000   0.7742   0.12643   0.12061  -0.0211  0.2246  0.9321  -1.6142   0.0000   0.2489
  20.000   0.8959   0.12293   0.11737  -0.0205  0.2096  0.9278  -2.0158   0.0000   0.2408
  21.000   0.9114   0.13673   0.13138  -0.0296  0.1851  0.9242  -2.0548   0.0000   0.2490
  22.000   0.9146   0.15509   0.14994  -0.0409  0.1622  0.9210  -2.0161   0.0000   0.2603
  23.000   0.8777   0.18469   0.17974  -0.0580  0.1474  0.9184  -1.6821   0.0000   0.2826
  24.000   0.9396   0.19278   0.18799  -0.0637  0.1341  0.9156  -1.8884   0.0000   0.2814
  25.000   0.9438   0.23157   0.22705  -0.0768  0.1585  0.9140  -1.6474   0.0000   0.2955


