XFLR5 v6.09.05 beta

 Calculated polar for: -25S1223

 1 1 Reynolds number fixed          Mach number fixed         

 xtrf =   1.000 (top)        1.000 (bottom)
 Mach =   0.000     Re =     0.145 e 6     Ncrit =   9.000

  alpha     CL        CD       CDp       Cm    Top Xtr Bot Xtr   Cpmin    Chinge    XCp    
 ------- -------- --------- --------- -------- ------- ------- -------- --------- ---------
   0.000  -0.2208   0.08468   0.07983  -0.0254  0.5387  0.0456  -1.5148   0.0000   0.1300
   1.000  -0.1740   0.07347   0.06865  -0.0274  0.5221  0.0519  -1.3141   0.0000   0.0901
   2.000  -0.1020   0.05943   0.05409  -0.0432  0.5079  0.0643  -1.4883   0.0000  -0.1693
   3.000  -0.0158   0.05230   0.04637  -0.0444  0.4929  0.0849  -1.2563   0.0000  -2.4716
   4.000   0.0646   0.04030   0.03434  -0.0456  0.4790  0.1188  -1.0448   0.0000   0.9207
   5.000   0.1964   0.02638   0.01777  -0.0437  0.4680  0.0421  -1.4708   0.0000   0.4553
   6.000   0.2964   0.02497   0.01625  -0.0401  0.4560  0.0608  -0.9975   0.0000   0.3696
   7.000   0.3877   0.02501   0.01649  -0.0346  0.4424  0.0734  -1.0368   0.0000   0.3236
   9.000   0.5142   0.03241   0.02591  -0.0041  0.4218  0.8966  -1.1967   0.0000   0.2409
  10.000   0.5400   0.04200   0.03595  -0.0001  0.4007  0.9154  -1.1998   0.0000   0.2326
  13.000   0.7603   0.05264   0.04647   0.0050  0.3584  0.9651  -1.5326   0.0000   0.2220
  14.000   0.6663   0.06740   0.06135   0.0082  0.3296  0.9418  -1.3967   0.0000   0.2150
  15.000   0.6748   0.07929   0.07334   0.0013  0.3029  0.9353  -1.3910   0.0000   0.2244
  16.000   0.8036   0.07713   0.07120   0.0029  0.2947  0.9300  -1.6910   0.0000   0.2202
  17.000   0.8280   0.08862   0.08282  -0.0061  0.2675  0.9237  -1.7706   0.0000   0.2299
  18.000   0.8506   0.10193   0.09629  -0.0156  0.2414  0.9186  -1.8426   0.0000   0.2395
  19.000   0.8662   0.11673   0.11127  -0.0242  0.2164  0.9147  -1.8847   0.0000   0.2479
  23.000   0.9814   0.16174   0.15712  -0.0510  0.1384  0.9031  -2.2512   0.0000   0.2647
  24.000   0.9290   0.19549   0.19105  -0.0700  0.1239  0.9006  -1.7960   0.0000   0.2896
  25.000   0.9284   0.22218   0.21796  -0.0851  0.1409  0.8982  -1.5616   0.0000   0.3061


