XFLR5 v6.09.05 beta

 Calculated polar for: -25S1223

 1 1 Reynolds number fixed          Mach number fixed         

 xtrf =   1.000 (top)        1.000 (bottom)
 Mach =   0.000     Re =     0.315 e 6     Ncrit =   9.000

  alpha     CL        CD       CDp       Cm    Top Xtr Bot Xtr   Cpmin    Chinge    XCp    
 ------- -------- --------- --------- -------- ------- ------- -------- --------- ---------
   0.000  -0.2200   0.07992   0.07557  -0.0159  0.4840  0.0203  -1.5174   0.0000   0.1739
   1.000  -0.1842   0.06658   0.06213  -0.0272  0.4694  0.0221  -1.5830   0.0000   0.1019
   2.000  -0.1053   0.05167   0.04686  -0.0395  0.4552  0.0261  -1.6924   0.0000  -0.1181
   3.000  -0.0143   0.03371   0.02782  -0.0459  0.4430  0.0297  -1.9286   0.0000  -2.8498
   4.000   0.0897   0.02663   0.02004  -0.0462  0.4277  0.0387  -1.5083   0.0000   0.7349
   5.000   0.2077   0.01764   0.00957  -0.0428  0.4188  0.0230  -1.6431   0.0000   0.4370
   6.000   0.3152   0.01570   0.00751  -0.0399  0.4084  0.0320  -1.0870   0.0000   0.3594
   7.000   0.4229   0.01499   0.00669  -0.0376  0.3973  0.0410  -1.1347   0.0000   0.3221
   8.000   0.5089   0.01553   0.00933  -0.0301  0.3879  0.6572  -1.2249   0.0000   0.2919
  10.000   0.6943   0.02116   0.01504  -0.0134  0.3716  0.8431  -1.4609   0.0000   0.2503
  11.000   0.8857   0.02042   0.01419  -0.0241  0.3564  0.9508  -1.6894   0.0000   0.2574
  12.000   1.0228   0.01976   0.01371  -0.0301  0.3488  0.9757  -1.8965   0.0000   0.2582
  13.000   1.1403   0.01945   0.01344  -0.0325  0.3370  0.9858  -2.1240   0.0000   0.2556
  14.000   1.2245   0.02057   0.01459  -0.0284  0.3234  0.9857  -2.3716   0.0000   0.2485
  15.000   1.3153   0.02054   0.01498  -0.0258  0.3120  0.9873  -2.6909   0.0000   0.2431
  16.000   1.4049   0.02048   0.01487  -0.0232  0.2930  0.9896  -3.0236   0.0000   0.2379
  17.000   1.4930   0.02072   0.01557  -0.0215  0.2752  0.9925  -3.3666   0.0000   0.2336
  18.000   1.5679   0.02210   0.01723  -0.0188  0.2508  0.9937  -3.7317   0.0000   0.2290
  20.000   1.5615   0.03996   0.03539  -0.0201  0.1924  0.8624  -4.0529   0.0000   0.2251
  21.000   1.5245   0.05831   0.05379  -0.0318  0.1637  0.8511  -4.0788   0.0000   0.2307
  23.000   1.4508   0.09362   0.08928  -0.0490  0.1149  0.8421  -4.1018   0.0000   0.2392
  24.000   1.4260   0.11124   0.10701  -0.0582  0.0961  0.8397  -4.1552   0.0000   0.2440
  25.000   1.4154   0.12783   0.12384  -0.0678  0.0826  0.8375  -4.2739   0.0000   0.2489


