XFLR5 v6.09.05 beta

 Calculated polar for: -25S1223

 1 1 Reynolds number fixed          Mach number fixed         

 xtrf =   1.000 (top)        1.000 (bottom)
 Mach =   0.000     Re =     0.090 e 6     Ncrit =   9.000

  alpha     CL        CD       CDp       Cm    Top Xtr Bot Xtr   Cpmin    Chinge    XCp    
 ------- -------- --------- --------- -------- ------- ------- -------- --------- ---------
   0.000  -0.2056   0.09898   0.09396  -0.0350  0.5755  0.0850  -1.3283   0.0000   0.0732
   1.000  -0.1627   0.08250   0.07769  -0.0294  0.5615  0.0987  -1.1267   0.0000   0.0638
   2.000  -0.1151   0.07241   0.06767  -0.0381  0.5452  0.1193  -1.1063   0.0000  -0.0833
   3.000  -0.0432   0.06499   0.05956  -0.0442  0.5333  0.1687  -1.0490   0.0000  -0.7597
   4.000   0.0257   0.05735   0.05228  -0.0449  0.5184  0.2116  -0.8990   0.0000   1.9517
   5.000   0.1755   0.04170   0.03344  -0.0538  0.5068  0.0634  -1.4149   0.0000   0.5438
   6.000   0.2690   0.03838   0.02961  -0.0467  0.4958  0.0826  -1.0381   0.0000   0.4101
   7.000   0.3378   0.04456   0.03613  -0.0480  0.4848  0.0966  -0.9152   0.0000   0.3797
   9.000   0.6613   0.05647   0.04963  -0.0673  0.4547  1.0000  -1.1284   0.0000   0.3385
  10.000   0.6653   0.06914   0.06238  -0.0675  0.4540  1.0000  -1.1048   0.0000   0.3377
  11.000   0.5523   0.08104   0.07449  -0.0574  0.4731  1.0000  -0.9396   0.0000   0.3398
  12.000   0.7028   0.09633   0.08951  -0.0601  0.4588  1.0000  -1.1344   0.0000   0.3199
  13.000   0.6417   0.09584   0.08898  -0.0466  0.4278  1.0000  -1.0853   0.0000   0.3057
  14.000   0.5992   0.10217   0.09531  -0.0396  0.4018  1.0000  -1.0305   0.0000   0.2980
  15.000   0.6902   0.11685   0.10995  -0.0368  0.3888  1.0000  -1.1884   0.0000   0.2837
  16.000   0.6976   0.11922   0.11240  -0.0298  0.3582  1.0000  -1.2434   0.0000   0.2714
  17.000   0.6251   0.12417   0.11734  -0.0243  0.3345  0.9990  -1.1283   0.0000   0.2668
  18.000   0.6880   0.13866   0.13192  -0.0194  0.3233  0.9955  -1.2966   0.0000   0.2543
  20.000   0.6904   0.15230   0.14578  -0.0244  0.2699  0.9877  -1.2881   0.0000   0.2591
  21.000   0.7046   0.16661   0.16026  -0.0320  0.2552  0.9840  -1.2513   0.0000   0.2684
  23.000   0.7845   0.19208   0.18624  -0.0466  0.2142  0.9779  -1.3421   0.0000   0.2792
  24.000   0.8083   0.20578   0.20010  -0.0576  0.1994  0.9756  -1.3039   0.0000   0.2898
  25.000   0.8713   0.22151   0.21607  -0.0633  0.1852  0.9739  -1.4697   0.0000   0.2886


