XFLR5 v6.09.05 beta

 Calculated polar for: -25S1223

 1 1 Reynolds number fixed          Mach number fixed         

 xtrf =   1.000 (top)        1.000 (bottom)
 Mach =   0.000     Re =     0.175 e 6     Ncrit =   9.000

  alpha     CL        CD       CDp       Cm    Top Xtr Bot Xtr   Cpmin    Chinge    XCp    
 ------- -------- --------- --------- -------- ------- ------- -------- --------- ---------
   0.000  -0.2088   0.08407   0.07930  -0.0169  0.5231  0.0385  -1.3282   0.0000   0.1642
   1.000  -0.1612   0.07288   0.06795  -0.0337  0.5081  0.0435  -1.5044   0.0000   0.0401
   2.000  -0.1119   0.05685   0.05168  -0.0389  0.4938  0.0482  -1.4647   0.0000  -0.0927
   3.000  -0.0201   0.04364   0.03775  -0.0460  0.4798  0.0654  -1.4561   0.0000  -1.9673
   4.000   0.0745   0.03516   0.02878  -0.0463  0.4662  0.0922  -1.1532   0.0000   0.8377
   5.000   0.1993   0.02337   0.01480  -0.0431  0.4552  0.0363  -1.5146   0.0000   0.4482
   6.000   0.3035   0.02158   0.01304  -0.0399  0.4427  0.0546  -0.9996   0.0000   0.3652
   7.000   0.4052   0.02059   0.01181  -0.0355  0.4313  0.0627  -1.0800   0.0000   0.3215
   8.000   0.4702   0.02492   0.01845  -0.0209  0.4216  0.8185  -1.1574   0.0000   0.2778
   9.000   0.5355   0.02804   0.02171  -0.0062  0.4109  0.8707  -1.2383   0.0000   0.2442
  10.000   0.6328   0.02919   0.02273  -0.0012  0.3992  0.9094  -1.3611   0.0000   0.2336
  11.000   0.7505   0.03119   0.02464  -0.0030  0.3875  0.9426  -1.5132   0.0000   0.2346
  12.000   0.7516   0.03749   0.03146   0.0097  0.3708  0.9404  -1.5463   0.0000   0.2163
  14.000   1.0534   0.04253   0.03692  -0.0182  0.3362  0.9855  -2.0158   0.0000   0.2438
  15.000   1.2562   0.03394   0.02815  -0.0255  0.3293  0.9974  -2.5246   0.0000   0.2445
  16.000   0.9365   0.06266   0.05717   0.0011  0.2964  0.9152  -1.9961   0.0000   0.2216
  17.000   1.1222   0.05022   0.04490   0.0064  0.2956  0.9124  -2.5380   0.0000   0.2145
  18.000   0.9515   0.08680   0.08174  -0.0133  0.2420  0.9038  -2.1396   0.0000   0.2336
  19.000   1.1201   0.07574   0.07082  -0.0124  0.2393  0.8989  -2.6753   0.0000   0.2274
  21.000   1.1890   0.09601   0.09157  -0.0292  0.1909  0.8892  -3.0344   0.0000   0.2365
  22.000   1.2236   0.10591   0.10164  -0.0361  0.1686  0.8857  -3.2245   0.0000   0.2391
  23.000   1.1758   0.12822   0.12413  -0.0458  0.1438  0.8835  -3.1077   0.0000   0.2472
  24.000   1.0814   0.16376   0.15983  -0.0632  0.1178  0.8819  -2.6567   0.0000   0.2673


