XFLR5 v6.09.05 beta

 Calculated polar for: -25S1223

 1 1 Reynolds number fixed          Mach number fixed         

 xtrf =   1.000 (top)        1.000 (bottom)
 Mach =   0.000     Re =     0.200 e 6     Ncrit =   9.000

  alpha     CL        CD       CDp       Cm    Top Xtr Bot Xtr   Cpmin    Chinge    XCp    
 ------- -------- --------- --------- -------- ------- ------- -------- --------- ---------
   0.000  -0.2180   0.08193   0.07727  -0.0179  0.5141  0.0316  -1.4658   0.0000   0.1633
   1.000  -0.1803   0.07000   0.06520  -0.0265  0.4984  0.0352  -1.4305   0.0000   0.1016
   2.000  -0.0927   0.05749   0.05229  -0.0409  0.4846  0.0436  -1.5393   0.0000  -0.1847
   3.000  -0.0242   0.04277   0.03720  -0.0440  0.4702  0.0514  -1.4054   0.0000  -1.5070
   4.000   0.0786   0.03302   0.02658  -0.0464  0.4567  0.0731  -1.2253   0.0000   0.8077
   5.000   0.2022   0.02138   0.01287  -0.0428  0.4462  0.0321  -1.5715   0.0000   0.4432
   6.000   0.3077   0.01957   0.01099  -0.0397  0.4344  0.0494  -1.0117   0.0000   0.3624
   7.000   0.4084   0.01946   0.01077  -0.0357  0.4223  0.0569  -1.0925   0.0000   0.3212
   8.000   0.4897   0.02244   0.01606  -0.0252  0.4136  0.8083  -1.1827   0.0000   0.2847
   9.000   0.5608   0.02545   0.01906  -0.0116  0.4037  0.8534  -1.2741   0.0000   0.2530
  10.000   0.6649   0.02578   0.01916  -0.0050  0.3929  0.9021  -1.4101   0.0000   0.2390
  12.000   1.0615   0.02499   0.01853  -0.0425  0.3648  1.0000  -1.9048   0.0000   0.2694
  13.000   1.1420   0.02730   0.02100  -0.0386  0.3522  1.0000  -2.0871   0.0000   0.2615
  14.000   1.2198   0.02896   0.02300  -0.0347  0.3380  1.0000  -2.3199   0.0000   0.2544
  15.000   1.3092   0.02901   0.02307  -0.0310  0.3240  1.0000  -2.6391   0.0000   0.2476
  16.000   1.3777   0.03007   0.02463  -0.0266  0.3079  1.0000  -2.9227   0.0000   0.2412
  17.000   1.2603   0.03424   0.02879   0.0114  0.3003  0.9126  -2.8786   0.0000   0.2107
  18.000   1.3410   0.03546   0.03033   0.0075  0.2779  0.9032  -3.1817   0.0000   0.2119
  19.000   1.4225   0.03921   0.03442  -0.0019  0.2526  0.8929  -3.5275   0.0000   0.2164
  20.000   1.4321   0.05224   0.04766  -0.0146  0.2225  0.8846  -3.6766   0.0000   0.2228
  21.000   1.4184   0.06514   0.06064  -0.0216  0.1936  0.8801  -3.7670   0.0000   0.2255
  22.000   1.4092   0.07855   0.07406  -0.0286  0.1655  0.8768  -3.8599   0.0000   0.2282
  23.000   1.3933   0.09418   0.08987  -0.0367  0.1420  0.8737  -3.9111   0.0000   0.2321
  24.000   1.3632   0.11273   0.10874  -0.0462  0.1240  0.8711  -3.9089   0.0000   0.2376
  25.000   1.0559   0.19067   0.18713  -0.0815  0.0986  0.8699  -2.4194   0.0000   0.2861


