XFLR5 v6.09.05 beta

 Calculated polar for: -5s1223

 1 1 Reynolds number fixed          Mach number fixed         

 xtrf =   1.000 (top)        1.000 (bottom)
 Mach =   0.000     Re =     0.130 e 6     Ncrit =   9.000

  alpha     CL        CD       CDp       Cm    Top Xtr Bot Xtr   Cpmin    Chinge    XCp    
 ------- -------- --------- --------- -------- ------- ------- -------- --------- ---------
   0.000   0.8648   0.02160   0.01254  -0.2263  0.5374  0.0685  -1.2384   0.0000   0.5093
   1.000   1.0113   0.02035   0.01078  -0.2325  0.5093  0.0840  -1.3653   0.0000   0.4760
   2.000   1.1380   0.02207   0.01303  -0.2351  0.4885  0.4318  -1.4950   0.0000   0.4513
   3.000   1.2550   0.02297   0.01410  -0.2360  0.4730  0.5229  -1.6156   0.0000   0.4312
   4.000   1.3409   0.02370   0.01530  -0.2297  0.4578  1.0000  -1.7211   0.0000   0.4128
   5.000   1.4466   0.02672   0.01829  -0.2291  0.4463  1.0000  -1.8460   0.0000   0.3984
   6.000   1.5463   0.02936   0.02111  -0.2272  0.4331  1.0000  -1.9855   0.0000   0.3853
   7.000   1.6481   0.03280   0.02443  -0.2261  0.4200  1.0000  -2.1571   0.0000   0.3738
   8.000   1.7237   0.03684   0.02898  -0.2208  0.4069  1.0000  -2.3134   0.0000   0.3630
   9.000   1.8082   0.03957   0.03211  -0.2165  0.3918  1.0000  -2.5284   0.0000   0.3528
  10.000   1.8728   0.04457   0.03750  -0.2101  0.3766  1.0000  -2.8016   0.0000   0.3433
  11.000   1.9255   0.04779   0.04117  -0.2013  0.3592  1.0000  -3.0733   0.0000   0.3336
  12.000   1.9664   0.05189   0.04576  -0.1912  0.3419  1.0000  -3.3321   0.0000   0.3242
  13.000   2.0176   0.05214   0.04623  -0.1813  0.3224  1.0000  -3.6325   0.0000   0.3145
  15.000   1.9849   0.06608   0.06106  -0.1575  0.2817  1.0000  -3.9903   0.0000   0.2991
  16.000   1.9483   0.07915   0.07453  -0.1545  0.2574  1.0000  -4.0943   0.0000   0.2963
  17.000   1.8631   0.10315   0.09899  -0.1591  0.2284  1.0000  -4.0249   0.0000   0.2997


