XFLR5 v6.09.05 beta

 Calculated polar for: -5s1223

 1 1 Reynolds number fixed          Mach number fixed         

 xtrf =   1.000 (top)        1.000 (bottom)
 Mach =   0.000     Re =     0.035 e 6     Ncrit =   9.000

  alpha     CL        CD       CDp       Cm    Top Xtr Bot Xtr   Cpmin    Chinge    XCp    
 ------- -------- --------- --------- -------- ------- ------- -------- --------- ---------
   0.000   0.0137   0.09668   0.09148  -0.0556  0.7739  0.3661  -0.7821   0.0000   4.4198
   1.000  -0.0146   0.09560   0.09068  -0.0445  0.7613  0.4234  -0.7699   0.0000  -2.8887
   2.000  -0.0275   0.09361   0.08899  -0.0328  0.7691  0.5584  -0.7453   0.0000  -0.9844
   5.000   0.6040   0.10517   0.09797  -0.1957  0.9122  0.5413  -0.9383   0.0000   0.5687
   7.000   0.7891   0.12518   0.11657  -0.2070  0.8058  1.0000  -0.8610   0.0000   0.5036
   8.000   0.8439   0.13558   0.12641  -0.2075  0.7527  1.0000  -0.9081   0.0000   0.4856
  10.000   0.9620   0.16151   0.15184  -0.2112  0.6671  1.0000  -1.0207   0.0000   0.4560
  11.000   0.9952   0.17053   0.16084  -0.2113  0.6212  1.0000  -1.0625   0.0000   0.4471
  12.000   1.0412   0.18255   0.17290  -0.2129  0.5774  1.0000  -1.1267   0.0000   0.4375
  13.000   1.0854   0.19524   0.18584  -0.2150  0.5370  1.0000  -1.2009   0.0000   0.4293
  14.000   1.1181   0.20735   0.19810  -0.2178  0.5019  1.0000  -1.2633   0.0000   0.4241
  15.000   1.1514   0.22089   0.21185  -0.2208  0.4650  1.0000  -1.3379   0.0000   0.4191
  16.000   1.1780   0.23523   0.22642  -0.2246  0.4316  1.0000  -1.3805   0.0000   0.4160
  17.000   1.2014   0.25156   0.24302  -0.2289  0.4037  1.0000  -1.3934   0.0000   0.4139
  18.000   1.2268   0.26984   0.26188  -0.2328  0.3746  1.0000  -1.4355   0.0000   0.4109
  19.000   1.2850   0.30512   0.29753  -0.2346  0.3484  1.0000  -1.5391   0.0000   0.4015
  20.000   1.2707   0.30821   0.30089  -0.2398  0.3206  1.0000  -1.4640   0.0000   0.4053
  21.000   1.2616   0.32659   0.31955  -0.2448  0.3063  1.0000  -1.4183   0.0000   0.4084
  22.000   1.3070   0.36190   0.35546  -0.2453  0.2845  1.0000  -1.5333   0.0000   0.3994


