XFLR5 v6.09.05 beta

 Calculated polar for: -5s1223

 1 1 Reynolds number fixed          Mach number fixed         

 xtrf =   1.000 (top)        1.000 (bottom)
 Mach =   0.000     Re =     0.170 e 6     Ncrit =   9.000

  alpha     CL        CD       CDp       Cm    Top Xtr Bot Xtr   Cpmin    Chinge    XCp    
 ------- -------- --------- --------- -------- ------- ------- -------- --------- ---------
   0.000   0.8668   0.01965   0.01093  -0.2260  0.5086  0.0564  -1.2491   0.0000   0.5083
   1.000   1.0132   0.01862   0.00930  -0.2323  0.4825  0.0639  -1.3784   0.0000   0.4753
   2.000   1.1425   0.01924   0.01047  -0.2354  0.4637  0.3960  -1.5135   0.0000   0.4506
   3.000   1.2657   0.02049   0.01175  -0.2377  0.4487  0.4792  -1.6424   0.0000   0.4308
   4.000   1.3517   0.02058   0.01272  -0.2312  0.4355  1.0000  -1.7469   0.0000   0.4124
   5.000   1.4661   0.02256   0.01433  -0.2318  0.4233  1.0000  -1.8885   0.0000   0.3979
   6.000   1.5712   0.02530   0.01724  -0.2310  0.4125  1.0000  -2.0318   0.0000   0.3851
   7.000   1.6701   0.02737   0.01949  -0.2289  0.4007  1.0000  -2.2002   0.0000   0.3734
   8.000   1.7723   0.02945   0.02151  -0.2274  0.3878  1.0000  -2.3992   0.0000   0.3628
   9.000   1.8556   0.03267   0.02532  -0.2231  0.3746  1.0000  -2.6275   0.0000   0.3529
  10.000   1.9411   0.03441   0.02732  -0.2187  0.3600  1.0000  -2.9558   0.0000   0.3433
  11.000   2.0196   0.03708   0.03023  -0.2136  0.3440  1.0000  -3.2840   0.0000   0.3343
  12.000   2.0869   0.03754   0.03110  -0.2058  0.3254  1.0000  -3.6093   0.0000   0.3249
  14.000   2.1545   0.04146   0.03559  -0.1808  0.2871  1.0000  -4.2162   0.0000   0.3056
  15.000   2.1274   0.04840   0.04336  -0.1650  0.2667  1.0000  -4.3823   0.0000   0.2969
  16.000   2.0899   0.06020   0.05563  -0.1570  0.2417  1.0000  -4.5049   0.0000   0.2918
  17.000   2.0176   0.08059   0.07639  -0.1565  0.2121  1.0000  -4.5067   0.0000   0.2915
  18.000   1.9393   0.10472   0.10065  -0.1616  0.1813  1.0000  -4.4548   0.0000   0.2944
  19.000   1.9021   0.12253   0.11840  -0.1665  0.1517  1.0000  -4.5008   0.0000   0.2958
  20.000   1.8672   0.14023   0.13632  -0.1742  0.1302  1.0000  -4.5538   0.0000   0.2987


