XFLR5 v6.09.05 beta

 Calculated polar for: -5s1223

 1 1 Reynolds number fixed          Mach number fixed         

 xtrf =   1.000 (top)        1.000 (bottom)
 Mach =   0.000     Re =     0.040 e 6     Ncrit =   9.000

  alpha     CL        CD       CDp       Cm    Top Xtr Bot Xtr   Cpmin    Chinge    XCp    
 ------- -------- --------- --------- -------- ------- ------- -------- --------- ---------
   0.000   0.1600   0.09025   0.08491  -0.0852  0.7309  0.3594  -0.7299   0.0000   0.7876
   1.000   0.4037   0.06882   0.06281  -0.1307  0.7063  0.2847  -0.8682   0.0000   0.5728
   2.000   0.1102   0.08499   0.08023  -0.0573  0.7024  0.5138  -0.6919   0.0000   0.7736
   3.000   0.1181   0.08474   0.08020  -0.0525  0.7033  0.6263  -0.6708   0.0000   0.6945
   4.000   0.7110   0.09193   0.08471  -0.2046  0.7450  0.5471  -0.8872   0.0000   0.5335
   5.000   0.6529   0.10442   0.09789  -0.1995  0.8499  0.6555  -0.8738   0.0000   0.5502
   6.000   0.7832   0.11678   0.10937  -0.2104  0.8011  1.0000  -0.8723   0.0000   0.5116
   7.000   0.8156   0.12388   0.11574  -0.2078  0.7490  1.0000  -0.8891   0.0000   0.4961
   8.000   0.9141   0.13969   0.13090  -0.2131  0.7080  1.0000  -0.9829   0.0000   0.4728
   9.000   0.9393   0.14934   0.14041  -0.2109  0.6679  1.0000  -1.0043   0.0000   0.4626
  10.000   0.9708   0.15765   0.14862  -0.2097  0.6180  1.0000  -1.0370   0.0000   0.4524
  11.000   1.0193   0.16957   0.16050  -0.2109  0.5763  1.0000  -1.0997   0.0000   0.4415
  12.000   1.0592   0.18162   0.17261  -0.2124  0.5393  1.0000  -1.1575   0.0000   0.4335
  13.000   1.0992   0.19369   0.18492  -0.2144  0.5010  1.0000  -1.2289   0.0000   0.4261
  14.000   1.1293   0.20570   0.19708  -0.2173  0.4677  1.0000  -1.2899   0.0000   0.4216
  15.000   1.1585   0.21929   0.21086  -0.2208  0.4357  1.0000  -1.3543   0.0000   0.4178
  16.000   1.1871   0.23426   0.22606  -0.2245  0.4036  1.0000  -1.4009   0.0000   0.4144
  17.000   1.2273   0.25650   0.24856  -0.2277  0.3797  1.0000  -1.4586   0.0000   0.4087
  18.000   1.2814   0.28598   0.27867  -0.2297  0.3484  1.0000  -1.5733   0.0000   0.4002
  19.000   1.2711   0.28895   0.28188  -0.2352  0.3197  1.0000  -1.5160   0.0000   0.4037
  20.000   1.2633   0.30516   0.29833  -0.2420  0.3007  1.0000  -1.4341   0.0000   0.4080
  21.000   1.3185   0.34271   0.33624  -0.2422  0.2846  1.0000  -1.5764   0.0000   0.3977
  22.000   1.2699   0.34530   0.33914  -0.2452  0.2606  1.0000  -1.4427   0.0000   0.4047


