XFLR5 v6.09.05 beta

 Calculated polar for: -5s1223

 1 1 Reynolds number fixed          Mach number fixed         

 xtrf =   1.000 (top)        1.000 (bottom)
 Mach =   0.000     Re =     0.280 e 6     Ncrit =   9.000

  alpha     CL        CD       CDp       Cm    Top Xtr Bot Xtr   Cpmin    Chinge    XCp    
 ------- -------- --------- --------- -------- ------- ------- -------- --------- ---------
   0.000   0.8764   0.01621   0.00791  -0.2270  0.4649  0.0343  -1.2678   0.0000   0.5064
   1.000   1.0145   0.01571   0.00715  -0.2320  0.4430  0.0449  -1.3953   0.0000   0.4745
   2.000   1.1521   0.01573   0.00750  -0.2371  0.4257  0.3364  -1.5393   0.0000   0.4501
   3.000   1.2728   0.01659   0.00838  -0.2385  0.4126  0.4113  -1.6730   0.0000   0.4302
   4.000   1.3905   0.01685   0.00953  -0.2393  0.4014  0.8103  -1.8077   0.0000   0.4133
   5.000   1.4820   0.01768   0.01027  -0.2344  0.3910  1.0000  -1.9303   0.0000   0.3977
   6.000   1.5947   0.01961   0.01221  -0.2348  0.3803  1.0000  -2.0822   0.0000   0.3851
   7.000   1.6991   0.02078   0.01350  -0.2334  0.3715  1.0000  -2.2581   0.0000   0.3734
   8.000   1.8004   0.02194   0.01468  -0.2314  0.3600  1.0000  -2.4593   0.0000   0.3627
   9.000   1.8995   0.02418   0.01715  -0.2297  0.3468  1.0000  -2.7335   0.0000   0.3531
  10.000   1.9865   0.02508   0.01835  -0.2251  0.3350  1.0000  -3.0715   0.0000   0.3435
  11.000   2.0716   0.02667   0.02001  -0.2207  0.3160  1.0000  -3.4204   0.0000   0.3346
  12.000   2.1272   0.02749   0.02130  -0.2102  0.3027  1.0000  -3.7274   0.0000   0.3247
  13.000   2.1749   0.02958   0.02355  -0.1994  0.2844  1.0000  -4.0665   0.0000   0.3153
  14.000   2.2087   0.03224   0.02677  -0.1873  0.2648  1.0000  -4.3822   0.0000   0.3062
  15.000   2.2097   0.03810   0.03283  -0.1736  0.2325  1.0000  -4.6255   0.0000   0.2975
  16.000   2.1641   0.05189   0.04684  -0.1643  0.1916  1.0000  -4.7378   0.0000   0.2923
  17.000   2.0752   0.07524   0.07053  -0.1629  0.1618  1.0000  -4.7045   0.0000   0.2921
  18.000   1.9762   0.10339   0.09907  -0.1680  0.1391  1.0000  -4.6019   0.0000   0.2958
  19.000   1.9031   0.12836   0.12427  -0.1759  0.1167  1.0000  -4.5400   0.0000   0.3006
  20.000   1.8603   0.14803   0.14408  -0.1846  0.0969  1.0000  -4.5715   0.0000   0.3046
  21.000   1.8379   0.16543   0.16167  -0.1930  0.0830  1.0000  -4.6962   0.0000   0.3074
  22.000   1.8232   0.18263   0.17908  -0.2013  0.0726  1.0000  -5.0577   0.0000   0.3098


