XFLR5 v6.09.05 beta

 Calculated polar for: -5s1223

 1 1 Reynolds number fixed          Mach number fixed         

 xtrf =   1.000 (top)        1.000 (bottom)
 Mach =   0.000     Re =     0.140 e 6     Ncrit =   9.000

  alpha     CL        CD       CDp       Cm    Top Xtr Bot Xtr   Cpmin    Chinge    XCp    
 ------- -------- --------- --------- -------- ------- ------- -------- --------- ---------
   0.000   0.8651   0.02183   0.01274  -0.2259  0.5276  0.0658  -1.2419   0.0000   0.5088
   1.000   1.0122   0.01972   0.01020  -0.2325  0.5013  0.0780  -1.3702   0.0000   0.4758
   2.000   1.1390   0.02113   0.01223  -0.2352  0.4820  0.4208  -1.4996   0.0000   0.4511
   3.000   1.2587   0.02203   0.01315  -0.2365  0.4657  0.5100  -1.6253   0.0000   0.4310
   4.000   1.3445   0.02324   0.01499  -0.2304  0.4512  1.0000  -1.7273   0.0000   0.4129
   5.000   1.4515   0.02540   0.01710  -0.2297  0.4396  1.0000  -1.8569   0.0000   0.3982
   6.000   1.5570   0.02769   0.01939  -0.2287  0.4270  1.0000  -2.0049   0.0000   0.3852
   7.000   1.6525   0.03169   0.02351  -0.2267  0.4147  1.0000  -2.1660   0.0000   0.3738
   8.000   1.7371   0.03454   0.02673  -0.2224  0.4011  1.0000  -2.3372   0.0000   0.3628
   9.000   1.8346   0.03687   0.02923  -0.2203  0.3868  1.0000  -2.5771   0.0000   0.3529
  10.000   1.8921   0.04159   0.03458  -0.2124  0.3717  1.0000  -2.8447   0.0000   0.3432
  11.000   1.9786   0.04270   0.03582  -0.2081  0.3550  1.0000  -3.1870   0.0000   0.3340
  13.000   2.0978   0.04641   0.04016  -0.1916  0.3155  1.0000  -3.8257   0.0000   0.3156
  14.000   2.0344   0.05347   0.04808  -0.1687  0.2980  1.0000  -3.9062   0.0000   0.3051
  15.000   2.0314   0.06002   0.05502  -0.1591  0.2778  1.0000  -4.1184   0.0000   0.2979
  16.000   2.0274   0.06843   0.06376  -0.1542  0.2533  1.0000  -4.3199   0.0000   0.2929
  17.000   1.9513   0.08949   0.08523  -0.1554  0.2252  1.0000  -4.2983   0.0000   0.2938


