XFLR5 v6.09.05 beta

 Calculated polar for: -5s1223

 1 1 Reynolds number fixed          Mach number fixed         

 xtrf =   1.000 (top)        1.000 (bottom)
 Mach =   0.000     Re =     0.300 e 6     Ncrit =   9.000

  alpha     CL        CD       CDp       Cm    Top Xtr Bot Xtr   Cpmin    Chinge    XCp    
 ------- -------- --------- --------- -------- ------- ------- -------- --------- ---------
   0.000   0.8779   0.01600   0.00771  -0.2272  0.4577  0.0326  -1.2698   0.0000   0.5062
   1.000   1.0160   0.01528   0.00683  -0.2323  0.4385  0.0437  -1.3985   0.0000   0.4745
   2.000   1.1558   0.01564   0.00740  -0.2379  0.4184  0.3276  -1.5426   0.0000   0.4502
   3.000   1.2730   0.01608   0.00799  -0.2385  0.4089  0.4022  -1.6760   0.0000   0.4301
   4.000   1.3964   0.01644   0.00906  -0.2407  0.3973  0.7048  -1.8161   0.0000   0.4135
   5.000   1.4860   0.01757   0.01022  -0.2353  0.3850  1.0000  -1.9349   0.0000   0.3978
   6.000   1.5960   0.01883   0.01158  -0.2349  0.3776  1.0000  -2.0865   0.0000   0.3850
   7.000   1.7013   0.01999   0.01280  -0.2337  0.3680  1.0000  -2.2634   0.0000   0.3733
   8.000   1.8031   0.02125   0.01402  -0.2319  0.3562  1.0000  -2.4654   0.0000   0.3627
   9.000   1.9013   0.02318   0.01628  -0.2298  0.3446  1.0000  -2.7398   0.0000   0.3531
  10.000   1.9897   0.02406   0.01737  -0.2255  0.3320  1.0000  -3.0810   0.0000   0.3435
  11.000   2.0716   0.02554   0.01900  -0.2204  0.3144  1.0000  -3.4244   0.0000   0.3344
  12.000   2.1296   0.02652   0.02039  -0.2105  0.3001  1.0000  -3.7368   0.0000   0.3247
  13.000   2.1785   0.02867   0.02275  -0.1998  0.2827  1.0000  -4.0784   0.0000   0.3154
  14.000   2.2142   0.03141   0.02591  -0.1881  0.2610  1.0000  -4.3994   0.0000   0.3063
  15.000   2.2127   0.03764   0.03232  -0.1742  0.2231  1.0000  -4.6374   0.0000   0.2977
  16.000   2.1582   0.05279   0.04762  -0.1650  0.1803  1.0000  -4.7265   0.0000   0.2927
  17.000   2.0638   0.07735   0.07255  -0.1642  0.1533  1.0000  -4.6752   0.0000   0.2931
  18.000   1.9680   0.10526   0.10084  -0.1694  0.1317  1.0000  -4.5801   0.0000   0.2969
  19.000   1.8972   0.12998   0.12579  -0.1774  0.1104  1.0000  -4.5244   0.0000   0.3016
  20.000   1.8595   0.14882   0.14481  -0.1857  0.0925  1.0000  -4.5709   0.0000   0.3052
  21.000   1.8422   0.16531   0.16156  -0.1934  0.0803  1.0000  -4.7172   0.0000   0.3074
  22.000   1.8270   0.18244   0.17883  -0.2017  0.0692  1.0000  -5.0983   0.0000   0.3098


