XFLR5 v6.09.05 beta

 Calculated polar for: -5s1223

 1 1 Reynolds number fixed          Mach number fixed         

 xtrf =   1.000 (top)        1.000 (bottom)
 Mach =   0.000     Re =     0.285 e 6     Ncrit =   9.000

  alpha     CL        CD       CDp       Cm    Top Xtr Bot Xtr   Cpmin    Chinge    XCp    
 ------- -------- --------- --------- -------- ------- ------- -------- --------- ---------
   0.000   0.8768   0.01614   0.00783  -0.2270  0.4633  0.0338  -1.2683   0.0000   0.5064
   1.000   1.0149   0.01559   0.00706  -0.2321  0.4419  0.0446  -1.3961   0.0000   0.4745
   2.000   1.1527   0.01567   0.00744  -0.2372  0.4240  0.3341  -1.5401   0.0000   0.4501
   3.000   1.2727   0.01646   0.00828  -0.2385  0.4117  0.4083  -1.6737   0.0000   0.4301
   4.000   1.3912   0.01672   0.00942  -0.2395  0.4003  0.7909  -1.8092   0.0000   0.4133
   5.000   1.4827   0.01760   0.01020  -0.2345  0.3897  1.0000  -1.9315   0.0000   0.3977
   6.000   1.5950   0.01940   0.01204  -0.2348  0.3796  1.0000  -2.0833   0.0000   0.3850
   7.000   1.6997   0.02057   0.01332  -0.2334  0.3706  1.0000  -2.2595   0.0000   0.3734
   8.000   1.8011   0.02174   0.01448  -0.2315  0.3591  1.0000  -2.4609   0.0000   0.3627
   9.000   1.9000   0.02391   0.01692  -0.2297  0.3463  1.0000  -2.7351   0.0000   0.3531
  10.000   1.9874   0.02481   0.01809  -0.2252  0.3342  1.0000  -3.0740   0.0000   0.3435
  11.000   2.0716   0.02637   0.01974  -0.2206  0.3156  1.0000  -3.4214   0.0000   0.3345
  12.000   2.1278   0.02723   0.02106  -0.2103  0.3021  1.0000  -3.7298   0.0000   0.3247
  13.000   2.1756   0.02934   0.02334  -0.1994  0.2840  1.0000  -4.0692   0.0000   0.3153
  14.000   2.2103   0.03201   0.02653  -0.1875  0.2639  1.0000  -4.3871   0.0000   0.3062
  15.000   2.2090   0.03807   0.03276  -0.1736  0.2302  1.0000  -4.6251   0.0000   0.2975
  16.000   2.1638   0.05198   0.04690  -0.1645  0.1885  1.0000  -4.7382   0.0000   0.2924
  17.000   2.0731   0.07567   0.07094  -0.1632  0.1595  1.0000  -4.6993   0.0000   0.2923
  18.000   1.9747   0.10378   0.09943  -0.1683  0.1372  1.0000  -4.5982   0.0000   0.2961
  19.000   1.9020   0.12873   0.12461  -0.1763  0.1151  1.0000  -4.5373   0.0000   0.3008
  20.000   1.8602   0.14822   0.14426  -0.1849  0.0956  1.0000  -4.5719   0.0000   0.3047
  21.000   1.8391   0.16539   0.16164  -0.1931  0.0824  1.0000  -4.7019   0.0000   0.3074
  22.000   1.8235   0.18274   0.17917  -0.2015  0.0717  1.0000  -5.0625   0.0000   0.3099


