XFLR5 v6.09.05 beta

 Calculated polar for: -5s1223

 1 1 Reynolds number fixed          Mach number fixed         

 xtrf =   1.000 (top)        1.000 (bottom)
 Mach =   0.000     Re =     0.200 e 6     Ncrit =   9.000

  alpha     CL        CD       CDp       Cm    Top Xtr Bot Xtr   Cpmin    Chinge    XCp    
 ------- -------- --------- --------- -------- ------- ------- -------- --------- ---------
   0.000   0.8676   0.01923   0.01048  -0.2254  0.4907  0.0452  -1.2543   0.0000   0.5073
   1.000   1.0139   0.01738   0.00832  -0.2322  0.4683  0.0571  -1.3853   0.0000   0.4750
   2.000   1.1481   0.01821   0.00959  -0.2366  0.4499  0.3779  -1.5233   0.0000   0.4505
   3.000   1.2670   0.01884   0.01027  -0.2376  0.4360  0.4527  -1.6534   0.0000   0.4304
   5.000   1.4726   0.02113   0.01324  -0.2330  0.4123  1.0000  -1.9022   0.0000   0.3979
   6.000   1.5794   0.02273   0.01494  -0.2321  0.4013  1.0000  -2.0511   0.0000   0.3849
   7.000   1.6855   0.02448   0.01662  -0.2312  0.3900  1.0000  -2.2294   0.0000   0.3734
   8.000   1.7825   0.02732   0.01966  -0.2291  0.3781  1.0000  -2.4192   0.0000   0.3629
   9.000   1.8738   0.02876   0.02153  -0.2254  0.3647  1.0000  -2.6718   0.0000   0.3528
  10.000   1.9676   0.03174   0.02454  -0.2231  0.3488  1.0000  -3.0155   0.0000   0.3438
  11.000   2.0395   0.03263   0.02592  -0.2160  0.3356  1.0000  -3.3363   0.0000   0.3342
  12.000   2.1186   0.03358   0.02697  -0.2104  0.3152  1.0000  -3.6870   0.0000   0.3254
  13.000   2.1444   0.03524   0.02923  -0.1955  0.2993  1.0000  -3.9726   0.0000   0.3151
  14.000   2.1715   0.03806   0.03234  -0.1826  0.2807  1.0000  -4.2706   0.0000   0.3057
  15.000   2.1716   0.04307   0.03779  -0.1688  0.2576  1.0000  -4.5078   0.0000   0.2969
  16.000   2.1364   0.05447   0.04962  -0.1595  0.2295  1.0000  -4.6432   0.0000   0.2912
  17.000   2.0617   0.07487   0.07039  -0.1576  0.1988  1.0000  -4.6459   0.0000   0.2902
  18.000   1.9714   0.10092   0.09677  -0.1623  0.1703  1.0000  -4.5649   0.0000   0.2933
  19.000   1.9065   0.12393   0.11999  -0.1696  0.1442  1.0000  -4.5229   0.0000   0.2971
  20.000   1.8684   0.14231   0.13850  -0.1776  0.1215  1.0000  -4.5728   0.0000   0.3004
  21.000   1.8424   0.16016   0.15647  -0.1864  0.1025  1.0000  -4.6990   0.0000   0.3036


