XFLR5 v6.09.05 beta

 Calculated polar for: -5s1223

 1 1 Reynolds number fixed          Mach number fixed         

 xtrf =   1.000 (top)        1.000 (bottom)
 Mach =   0.000     Re =     0.005 e 6     Ncrit =   9.000

  alpha     CL        CD       CDp       Cm    Top Xtr Bot Xtr   Cpmin    Chinge    XCp    
 ------- -------- --------- --------- -------- ------- ------- -------- --------- ---------
   0.000   0.0052   0.09900   0.08404  -0.0158  1.0000  1.0000  -0.9851   0.0000   3.4656
   1.000  -0.0206   0.09758   0.08322  -0.0118  1.0000  1.0000  -1.0142   0.0000  -0.3666
   2.000  -0.0457   0.09509   0.08129  -0.0083  1.0000  1.0000  -1.0589   0.0000   0.0530
   3.000  -0.0715   0.09129   0.07802  -0.0050  1.0000  1.0000  -1.1246   0.0000   0.1725
   4.000  -0.0961   0.08585   0.07307  -0.0024  1.0000  1.0000  -1.1952   0.0000   0.2199
   5.000   0.2957   0.09712   0.07952  -0.1111  1.0000  1.0000  -1.2596   0.0000   0.6195
   6.000   0.4493   0.11077   0.08813  -0.1383  1.0000  1.0000  -0.9557   0.0000   0.5498
   7.000   0.5281   0.12143   0.09624  -0.1465  1.0000  1.0000  -0.7453   0.0000   0.5180
   8.000   0.5945   0.13216   0.10537  -0.1526  1.0000  1.0000  -0.7840   0.0000   0.4955
   9.000   0.6546   0.14321   0.11538  -0.1578  1.0000  1.0000  -0.8215   0.0000   0.4784
  10.000   0.7100   0.15468   0.12621  -0.1628  1.0000  1.0000  -0.8575   0.0000   0.4650
  11.000   0.7618   0.16660   0.13786  -0.1678  1.0000  1.0000  -0.9001   0.0000   0.4543
  12.000   0.8104   0.17911   0.15024  -0.1729  1.0000  1.0000  -0.9434   0.0000   0.4458
  13.000   0.8561   0.19219   0.16344  -0.1783  1.0000  1.0000  -0.9866   0.0000   0.4389
  14.000   0.8990   0.20592   0.17749  -0.1840  1.0000  1.0000  -1.0377   0.0000   0.4334
  15.000   0.9394   0.22035   0.19269  -0.1901  1.0000  1.0000  -1.0914   0.0000   0.4291
  16.000   0.9775   0.23554   0.20841  -0.1964  1.0000  1.0000  -1.1387   0.0000   0.4258
  17.000   1.0133   0.25155   0.22505  -0.2031  1.0000  1.0000  -1.1928   0.0000   0.4232
  18.000   1.0472   0.26823   0.24246  -0.2101  1.0000  1.0000  -1.2345   0.0000   0.4212
  19.000   1.0791   0.28580   0.26081  -0.2173  1.0000  1.0000  -1.2588   0.0000   0.4197
  20.000   1.1090   0.30442   0.28094  -0.2246  1.0000  1.0000  -1.2931   0.0000   0.4186
  21.000   1.1367   0.32401   0.30140  -0.2320  1.0000  1.0000  -1.3157   0.0000   0.4177
  22.000   1.1622   0.34455   0.32283  -0.2394  1.0000  1.0000  -1.3244   0.0000   0.4170
  23.000   1.1853   0.36595   0.34514  -0.2466  1.0000  1.0000  -1.3530   0.0000   0.4165
  24.000   1.2060   0.38822   0.36832  -0.2537  1.0000  1.0000  -1.3670   0.0000   0.4160
  25.000   1.2243   0.41133   0.39299  -0.2605  1.0000  1.0000  -1.4034   0.0000   0.4156


