XFLR5 v6.09.05 beta

 Calculated polar for: -5s1223

 1 1 Reynolds number fixed          Mach number fixed         

 xtrf =   1.000 (top)        1.000 (bottom)
 Mach =   0.000     Re =     0.240 e 6     Ncrit =   9.000

  alpha     CL        CD       CDp       Cm    Top Xtr Bot Xtr   Cpmin    Chinge    XCp    
 ------- -------- --------- --------- -------- ------- ------- -------- --------- ---------
   0.000   0.8733   0.01720   0.00877  -0.2265  0.4776  0.0383  -1.2620   0.0000   0.5068
   1.000   1.0169   0.01663   0.00771  -0.2327  0.4520  0.0493  -1.3922   0.0000   0.4747
   2.000   1.1489   0.01673   0.00837  -0.2365  0.4372  0.3552  -1.5315   0.0000   0.4502
   3.000   1.2713   0.01767   0.00921  -0.2384  0.4209  0.4315  -1.6660   0.0000   0.4303
   4.000   1.3784   0.01803   0.01055  -0.2367  0.4109  0.8777  -1.7894   0.0000   0.4129
   5.000   1.4778   0.01901   0.01145  -0.2337  0.4007  1.0000  -1.9180   0.0000   0.3977
   6.000   1.5882   0.02055   0.01289  -0.2334  0.3895  1.0000  -2.0715   0.0000   0.3849
   7.000   1.6944   0.02283   0.01526  -0.2328  0.3791  1.0000  -2.2459   0.0000   0.3735
   8.000   1.7928   0.02414   0.01676  -0.2304  0.3680  1.0000  -2.4420   0.0000   0.3628
   9.000   1.8910   0.02548   0.01823  -0.2280  0.3547  1.0000  -2.7138   0.0000   0.3529
  10.000   1.9785   0.02769   0.02078  -0.2242  0.3422  1.0000  -3.0480   0.0000   0.3436
  11.000   2.0592   0.02842   0.02180  -0.2185  0.3265  1.0000  -3.3889   0.0000   0.3343
  12.000   2.1227   0.02992   0.02358  -0.2101  0.3087  1.0000  -3.7087   0.0000   0.3249
  13.000   2.1633   0.03150   0.02546  -0.1977  0.2919  1.0000  -4.0311   0.0000   0.3151
  14.000   2.1913   0.03465   0.02917  -0.1849  0.2727  1.0000  -4.3312   0.0000   0.3059
  15.000   2.1973   0.03993   0.03480  -0.1719  0.2475  1.0000  -4.5831   0.0000   0.2973
  16.000   2.1627   0.05173   0.04691  -0.1624  0.2136  1.0000  -4.7237   0.0000   0.2915
  17.000   2.0769   0.07398   0.06943  -0.1605  0.1817  1.0000  -4.7001   0.0000   0.2909
  18.000   1.9787   0.10149   0.09722  -0.1652  0.1550  1.0000  -4.6005   0.0000   0.2944
  19.000   1.9065   0.12591   0.12178  -0.1729  0.1294  1.0000  -4.5407   0.0000   0.2988
  20.000   1.8617   0.14573   0.14169  -0.1818  0.1067  1.0000  -4.5686   0.0000   0.3030
  21.000   1.8310   0.16499   0.16115  -0.1914  0.0899  1.0000  -4.6612   0.0000   0.3070


