XFLR5 v6.09.05 beta

 Calculated polar for: -5s1223

 1 1 Reynolds number fixed          Mach number fixed         

 xtrf =   1.000 (top)        1.000 (bottom)
 Mach =   0.000     Re =     0.015 e 6     Ncrit =   9.000

  alpha     CL        CD       CDp       Cm    Top Xtr Bot Xtr   Cpmin    Chinge    XCp    
 ------- -------- --------- --------- -------- ------- ------- -------- --------- ---------
   0.000  -0.0241   0.09624   0.08888  -0.0085  1.0000  1.0000  -0.7932   0.0000  -0.1589
   1.000  -0.1496   0.09778   0.09097   0.0188  1.0000  0.9364  -0.8726   0.0000   0.3663
   2.000  -0.2884   0.09844   0.09214   0.0449  1.0000  0.8535  -0.9743   0.0000   0.3999
   3.000  -0.3166   0.09553   0.08930   0.0306  1.0000  0.6738  -1.0557   0.0000   0.3409
   4.000   0.0731   0.09381   0.08586  -0.0829  1.0000  0.4185  -0.9350   0.0000   1.3844
   5.000   0.3215   0.09909   0.09002  -0.1310  1.0000  0.5116  -0.8992   0.0000   0.6519
   7.000   0.6120   0.12054   0.10744  -0.1750  1.0000  1.0000  -0.7518   0.0000   0.5270
   8.000   0.6741   0.13254   0.11839  -0.1802  1.0000  1.0000  -0.7873   0.0000   0.5067
   9.000   0.7302   0.14486   0.13009  -0.1848  1.0000  1.0000  -0.8240   0.0000   0.4908
  10.000   0.7822   0.15760   0.14253  -0.1894  1.0000  1.0000  -0.8623   0.0000   0.4781
  11.000   0.8309   0.17081   0.15554  -0.1941  1.0000  1.0000  -0.9000   0.0000   0.4679
  12.000   0.8837   0.18432   0.16906  -0.2009  0.9893  1.0000  -0.9465   0.0000   0.4598
  13.000   0.9479   0.19664   0.18157  -0.2101  0.9285  1.0000  -1.0126   0.0000   0.4524
  14.000   1.0167   0.21592   0.20130  -0.2189  0.8568  1.0000  -1.0998   0.0000   0.4443
  15.000   1.0579   0.22666   0.21229  -0.2229  0.7974  1.0000  -1.1612   0.0000   0.4380
  16.000   1.1069   0.24651   0.23249  -0.2282  0.7381  1.0000  -1.2413   0.0000   0.4316
  17.000   1.1361   0.25731   0.24369  -0.2309  0.6788  1.0000  -1.2798   0.0000   0.4267
  18.000   1.1754   0.28175   0.26855  -0.2357  0.6352  1.0000  -1.3219   0.0000   0.4220
  19.000   1.1862   0.29076   0.27842  -0.2379  0.5890  1.0000  -1.3321   0.0000   0.4199
  20.000   1.2053   0.30890   0.29703  -0.2411  0.5463  1.0000  -1.3387   0.0000   0.4172
  21.000   1.2184   0.32844   0.31706  -0.2438  0.5102  1.0000  -1.3366   0.0000   0.4150
  22.000   1.2231   0.34901   0.33815  -0.2454  0.4795  1.0000  -1.3366   0.0000   0.4132
  23.000   1.2201   0.37142   0.36115  -0.2448  0.4495  1.0000  -1.3311   0.0000   0.4110
  24.000   1.2109   0.39481   0.38563  -0.2419  0.4188  1.0000  -1.3348   0.0000   0.4080
  25.000   1.0753   0.36739   0.35923  -0.2177  0.3844  1.0000  -1.1126   0.0000   0.4100


