XFLR5 v6.09.05 beta

 Calculated polar for: -5s1223

 1 1 Reynolds number fixed          Mach number fixed         

 xtrf =   1.000 (top)        1.000 (bottom)
 Mach =   0.000     Re =     0.185 e 6     Ncrit =   9.000

  alpha     CL        CD       CDp       Cm    Top Xtr Bot Xtr   Cpmin    Chinge    XCp    
 ------- -------- --------- --------- -------- ------- ------- -------- --------- ---------
   0.000   0.8695   0.01889   0.01011  -0.2262  0.5002  0.0505  -1.2534   0.0000   0.5077
   1.000   1.0136   0.01793   0.00877  -0.2323  0.4749  0.0605  -1.3820   0.0000   0.4751
   2.000   1.1477   0.01898   0.01020  -0.2366  0.4543  0.3869  -1.5199   0.0000   0.4506
   3.000   1.2665   0.01957   0.01095  -0.2377  0.4422  0.4658  -1.6481   0.0000   0.4306
   4.000   1.3551   0.01963   0.01183  -0.2317  0.4289  1.0000  -1.7573   0.0000   0.4123
   5.000   1.4704   0.02227   0.01418  -0.2328  0.4164  1.0000  -1.8952   0.0000   0.3980
   6.000   1.5753   0.02390   0.01602  -0.2315  0.4067  1.0000  -2.0417   0.0000   0.3850
   7.000   1.6785   0.02571   0.01785  -0.2301  0.3950  1.0000  -2.2162   0.0000   0.3733
   8.000   1.7771   0.02902   0.02122  -0.2285  0.3815  1.0000  -2.4078   0.0000   0.3630
   9.000   1.8648   0.03058   0.02332  -0.2242  0.3693  1.0000  -2.6502   0.0000   0.3528
  10.000   1.9592   0.03199   0.02479  -0.2213  0.3554  1.0000  -2.9969   0.0000   0.3435
  12.000   2.1081   0.03482   0.02821  -0.2087  0.3204  1.0000  -3.6610   0.0000   0.3251
  13.000   2.1327   0.03727   0.03126  -0.1941  0.3027  1.0000  -3.9386   0.0000   0.3150
  14.000   2.1665   0.03959   0.03376  -0.1822  0.2834  1.0000  -4.2520   0.0000   0.3057
  15.000   2.1547   0.04515   0.03999  -0.1672  0.2621  1.0000  -4.4588   0.0000   0.2968
  16.000   2.1190   0.05663   0.05194  -0.1584  0.2354  1.0000  -4.5902   0.0000   0.2914
  17.000   2.0468   0.07666   0.07226  -0.1569  0.2050  1.0000  -4.5983   0.0000   0.2905
  18.000   1.9675   0.10059   0.09630  -0.1609  0.1740  1.0000  -4.5503   0.0000   0.2928
  19.000   1.9055   0.12302   0.11898  -0.1680  0.1479  1.0000  -4.5161   0.0000   0.2964
  20.000   1.8732   0.14014   0.13624  -0.1751  0.1256  1.0000  -4.5847   0.0000   0.2989


