XFLR5 v6.09.05 beta

 Calculated polar for: -5s1223

 1 1 Reynolds number fixed          Mach number fixed         

 xtrf =   1.000 (top)        1.000 (bottom)
 Mach =   0.000     Re =     0.155 e 6     Ncrit =   9.000

  alpha     CL        CD       CDp       Cm    Top Xtr Bot Xtr   Cpmin    Chinge    XCp    
 ------- -------- --------- --------- -------- ------- ------- -------- --------- ---------
   0.000   0.8643   0.02071   0.01189  -0.2256  0.5181  0.0620  -1.2447   0.0000   0.5086
   1.000   1.0163   0.01937   0.00982  -0.2332  0.4895  0.0704  -1.3768   0.0000   0.4755
   2.000   1.1406   0.02013   0.01128  -0.2352  0.4721  0.4055  -1.5065   0.0000   0.4508
   3.000   1.2646   0.02153   0.01256  -0.2377  0.4550  0.4936  -1.6365   0.0000   0.4309
   4.000   1.3479   0.02176   0.01376  -0.2307  0.4433  1.0000  -1.7366   0.0000   0.4126
   5.000   1.4592   0.02368   0.01546  -0.2307  0.4308  1.0000  -1.8740   0.0000   0.3979
   6.000   1.5659   0.02718   0.01891  -0.2305  0.4175  1.0000  -2.0199   0.0000   0.3854
   7.000   1.6615   0.02932   0.02134  -0.2277  0.4075  1.0000  -2.1835   0.0000   0.3735
   8.000   1.7566   0.03149   0.02364  -0.2250  0.3939  1.0000  -2.3717   0.0000   0.3627
   9.000   1.8453   0.03523   0.02772  -0.2219  0.3800  1.0000  -2.6023   0.0000   0.3530
  10.000   1.9175   0.03771   0.03070  -0.2155  0.3652  1.0000  -2.9025   0.0000   0.3432
  11.000   2.0079   0.04016   0.03316  -0.2125  0.3480  1.0000  -3.2525   0.0000   0.3344
  12.000   2.0514   0.04189   0.03564  -0.2011  0.3308  1.0000  -3.5258   0.0000   0.3245
  13.000   2.1060   0.04275   0.03664  -0.1916  0.3114  1.0000  -3.8582   0.0000   0.3151
  14.000   2.1148   0.04536   0.03971  -0.1762  0.2922  1.0000  -4.1120   0.0000   0.3052
  15.000   2.0897   0.05297   0.04799  -0.1622  0.2719  1.0000  -4.2776   0.0000   0.2971
  16.000   2.0568   0.06438   0.05981  -0.1555  0.2477  1.0000  -4.4083   0.0000   0.2924
  17.000   1.9795   0.08579   0.08163  -0.1562  0.2192  1.0000  -4.3882   0.0000   0.2929
  18.000   1.8900   0.11218   0.10832  -0.1634  0.1885  1.0000  -4.2875   0.0000   0.2977
  19.000   1.8536   0.13027   0.12648  -0.1698  0.1592  1.0000  -4.3189   0.0000   0.3001


