XFLR5 v6.09.05 beta

 Calculated polar for: -5s1223

 1 1 Reynolds number fixed          Mach number fixed         

 xtrf =   1.000 (top)        1.000 (bottom)
 Mach =   0.000     Re =     0.260 e 6     Ncrit =   9.000

  alpha     CL        CD       CDp       Cm    Top Xtr Bot Xtr   Cpmin    Chinge    XCp    
 ------- -------- --------- --------- -------- ------- ------- -------- --------- ---------
   0.000   0.8749   0.01663   0.00829  -0.2267  0.4712  0.0361  -1.2651   0.0000   0.5066
   1.000   1.0138   0.01619   0.00749  -0.2319  0.4477  0.0462  -1.3926   0.0000   0.4746
   2.000   1.1503   0.01613   0.00787  -0.2367  0.4315  0.3461  -1.5357   0.0000   0.4501
   3.000   1.2732   0.01721   0.00889  -0.2387  0.4159  0.4217  -1.6699   0.0000   0.4303
   4.000   1.3852   0.01740   0.01002  -0.2382  0.4060  0.8466  -1.7994   0.0000   0.4131
   5.000   1.4799   0.01823   0.01076  -0.2340  0.3958  1.0000  -1.9247   0.0000   0.3976
   6.000   1.5932   0.02058   0.01302  -0.2347  0.3825  1.0000  -2.0770   0.0000   0.3851
   7.000   1.6968   0.02171   0.01430  -0.2331  0.3753  1.0000  -2.2523   0.0000   0.3734
   8.000   1.7971   0.02293   0.01562  -0.2310  0.3638  1.0000  -2.4516   0.0000   0.3627
   9.000   1.8968   0.02543   0.01826  -0.2294  0.3486  1.0000  -2.7252   0.0000   0.3532
  10.000   1.9827   0.02627   0.01947  -0.2246  0.3384  1.0000  -3.0604   0.0000   0.3435
  11.000   2.0646   0.02709   0.02043  -0.2192  0.3221  1.0000  -3.4048   0.0000   0.3343
  12.000   2.1247   0.02861   0.02236  -0.2101  0.3056  1.0000  -3.7176   0.0000   0.3248
  13.000   2.1694   0.03039   0.02432  -0.1985  0.2880  1.0000  -4.0502   0.0000   0.3152
  14.000   2.2009   0.03332   0.02786  -0.1862  0.2686  1.0000  -4.3591   0.0000   0.3060
  15.000   2.2072   0.03871   0.03357  -0.1731  0.2410  1.0000  -4.6132   0.0000   0.2974
  16.000   2.1608   0.05204   0.04706  -0.1633  0.2030  1.0000  -4.7248   0.0000   0.2920
  17.000   2.0751   0.07472   0.07008  -0.1617  0.1720  1.0000  -4.7000   0.0000   0.2916
  18.000   1.9779   0.10238   0.09809  -0.1667  0.1471  1.0000  -4.6029   0.0000   0.2951
  19.000   1.9056   0.12712   0.12305  -0.1745  0.1234  1.0000  -4.5430   0.0000   0.2997
  20.000   1.8599   0.14728   0.14335  -0.1835  0.1023  1.0000  -4.5657   0.0000   0.3040
  21.000   1.8330   0.16552   0.16168  -0.1924  0.0855  1.0000  -4.6730   0.0000   0.3074
  22.000   1.8239   0.18168   0.17819  -0.2002  0.0757  1.0000  -5.0520   0.0000   0.3092


