XFLR5 v6.09.05 beta

 Calculated polar for: -5s1223

 1 1 Reynolds number fixed          Mach number fixed         

 xtrf =   1.000 (top)        1.000 (bottom)
 Mach =   0.000     Re =     0.105 e 6     Ncrit =   9.000

  alpha     CL        CD       CDp       Cm    Top Xtr Bot Xtr   Cpmin    Chinge    XCp    
 ------- -------- --------- --------- -------- ------- ------- -------- --------- ---------
   0.000   0.8634   0.02379   0.01458  -0.2269  0.5637  0.0799  -1.2284   0.0000   0.5106
   2.000   1.1256   0.02411   0.01513  -0.2331  0.5128  0.4630  -1.4713   0.0000   0.4520
   3.000   1.2449   0.02545   0.01635  -0.2346  0.4953  0.5660  -1.5925   0.0000   0.4317
   4.000   1.3215   0.02703   0.01859  -0.2270  0.4802  1.0000  -1.6838   0.0000   0.4136
   5.000   1.4248   0.03009   0.02148  -0.2261  0.4660  1.0000  -1.8067   0.0000   0.3989
   6.000   1.5225   0.03485   0.02613  -0.2246  0.4526  1.0000  -1.9417   0.0000   0.3862
   7.000   1.5932   0.03945   0.03134  -0.2190  0.4389  1.0000  -2.0682   0.0000   0.3745
   8.000   1.6806   0.04305   0.03500  -0.2155  0.4239  1.0000  -2.2399   0.0000   0.3635
   9.000   1.6945   0.05257   0.04521  -0.2037  0.4078  1.0000  -2.3342   0.0000   0.3538
  10.000   1.7276   0.05879   0.05198  -0.1940  0.3905  1.0000  -2.5041   0.0000   0.3441
  13.000   1.3150   0.15470   0.14902  -0.1939  0.2927  1.0000  -1.8652   0.0000   0.3753
  14.000   1.3146   0.17046   0.16498  -0.1991  0.2667  1.0000  -1.9006   0.0000   0.3775
  15.000   1.3372   0.18168   0.17657  -0.2024  0.2414  1.0000  -1.9977   0.0000   0.3752
  16.000   1.4476   0.17335   0.16839  -0.1923  0.2273  1.0000  -2.4419   0.0000   0.3530


