XFLR5 v6.09.05 beta

 Calculated polar for: -5s1223

 1 1 Reynolds number fixed          Mach number fixed         

 xtrf =   1.000 (top)        1.000 (bottom)
 Mach =   0.000     Re =     0.295 e 6     Ncrit =   9.000

  alpha     CL        CD       CDp       Cm    Top Xtr Bot Xtr   Cpmin    Chinge    XCp    
 ------- -------- --------- --------- -------- ------- ------- -------- --------- ---------
   1.000   1.0156   0.01538   0.00690  -0.2322  0.4396  0.0440  -1.3977   0.0000   0.4745
   2.000   1.1545   0.01562   0.00738  -0.2376  0.4204  0.3297  -1.5418   0.0000   0.4501
   3.000   1.2727   0.01621   0.00808  -0.2384  0.4098  0.4032  -1.6751   0.0000   0.4301
   4.000   1.3949   0.01652   0.00918  -0.2403  0.3983  0.7191  -1.8140   0.0000   0.4134
   5.000   1.4847   0.01754   0.01017  -0.2350  0.3867  1.0000  -1.9338   0.0000   0.3978
   6.000   1.5957   0.01901   0.01173  -0.2349  0.3783  1.0000  -2.0855   0.0000   0.3850
   7.000   1.7008   0.02017   0.01297  -0.2336  0.3688  1.0000  -2.2621   0.0000   0.3734
   8.000   1.8024   0.02139   0.01415  -0.2317  0.3572  1.0000  -2.4639   0.0000   0.3627
   9.000   1.9009   0.02341   0.01648  -0.2298  0.3452  1.0000  -2.7383   0.0000   0.3531
  10.000   1.9890   0.02430   0.01760  -0.2254  0.3327  1.0000  -3.0788   0.0000   0.3435
  11.000   2.0715   0.02580   0.01923  -0.2204  0.3148  1.0000  -3.4234   0.0000   0.3344
  12.000   2.1290   0.02675   0.02061  -0.2104  0.3008  1.0000  -3.7345   0.0000   0.3247
  13.000   2.1774   0.02889   0.02294  -0.1997  0.2831  1.0000  -4.0751   0.0000   0.3154
  14.000   2.2131   0.03160   0.02610  -0.1879  0.2620  1.0000  -4.3957   0.0000   0.3062
  15.000   2.2102   0.03787   0.03254  -0.1739  0.2256  1.0000  -4.6302   0.0000   0.2976
  16.000   2.1607   0.05245   0.04731  -0.1648  0.1829  1.0000  -4.7320   0.0000   0.2926
  17.000   2.0670   0.07678   0.07200  -0.1638  0.1553  1.0000  -4.6837   0.0000   0.2928
  18.000   1.9705   0.10473   0.10033  -0.1690  0.1335  1.0000  -4.5872   0.0000   0.2966
  19.000   1.8990   0.12954   0.12537  -0.1770  0.1120  1.0000  -4.5295   0.0000   0.3013
  20.000   1.8597   0.14863   0.14464  -0.1854  0.0935  1.0000  -4.5713   0.0000   0.3050
  21.000   1.8413   0.16533   0.16158  -0.1933  0.0810  1.0000  -4.7125   0.0000   0.3074
  22.000   1.8258   0.18254   0.17893  -0.2016  0.0698  1.0000  -5.0859   0.0000   0.3098


