XFLR5 v6.09.05 beta

 Calculated polar for: -5s1223

 1 1 Reynolds number fixed          Mach number fixed         

 xtrf =   1.000 (top)        1.000 (bottom)
 Mach =   0.000     Re =     0.010 e 6     Ncrit =   9.000

  alpha     CL        CD       CDp       Cm    Top Xtr Bot Xtr   Cpmin    Chinge    XCp    
 ------- -------- --------- --------- -------- ------- ------- -------- --------- ---------
   0.000  -0.1404   0.10201   0.09279   0.0174  1.0000  0.9096  -0.9457   0.0000   0.3641
   1.000  -0.2533   0.10359   0.09499   0.0363  1.0000  0.8232  -1.0407   0.0000   0.3873
   2.000  -0.3317   0.10169   0.09352   0.0436  1.0000  0.7372  -1.1294   0.0000   0.3763
   3.000  -0.2731   0.09612   0.08779   0.0189  1.0000  0.6556  -1.1335   0.0000   0.3137
   4.000  -0.0257   0.09348   0.08409  -0.0469  1.0000  0.5800  -0.9958   0.0000  -1.5861
   5.000   0.1765   0.09403   0.08394  -0.0838  1.0000  0.7035  -0.9990   0.0000   0.7186
   6.000   0.5045   0.10821   0.09367  -0.1569  1.0000  1.0000  -0.9463   0.0000   0.5534
   7.000   0.5830   0.11992   0.10323  -0.1652  1.0000  1.0000  -0.7507   0.0000   0.5242
   8.000   0.6466   0.13149   0.11358  -0.1707  1.0000  1.0000  -0.7846   0.0000   0.5031
   9.000   0.7040   0.14339   0.12472  -0.1755  1.0000  1.0000  -0.8246   0.0000   0.4868
  10.000   0.7572   0.15566   0.13655  -0.1802  1.0000  1.0000  -0.8616   0.0000   0.4739
  11.000   0.8069   0.16839   0.14910  -0.1850  1.0000  1.0000  -0.8987   0.0000   0.4635
  12.000   0.8537   0.18165   0.16230  -0.1901  1.0000  1.0000  -0.9443   0.0000   0.4551
  13.000   0.8979   0.19549   0.17627  -0.1955  1.0000  1.0000  -0.9900   0.0000   0.4483
  14.000   0.9396   0.20998   0.19103  -0.2012  1.0000  1.0000  -1.0382   0.0000   0.4429
  15.000   0.9791   0.22518   0.20679  -0.2074  1.0000  1.0000  -1.0915   0.0000   0.4386
  16.000   1.0166   0.24107   0.22307  -0.2139  1.0000  1.0000  -1.1444   0.0000   0.4352
  17.000   1.0656   0.25260   0.23521  -0.2241  0.9494  1.0000  -1.2033   0.0000   0.4330
  18.000   1.1157   0.27319   0.25639  -0.2334  0.8802  1.0000  -1.2478   0.0000   0.4299
  19.000   1.1478   0.28824   0.27256  -0.2384  0.8102  1.0000  -1.2825   0.0000   0.4264
  20.000   1.1808   0.31030   0.29526  -0.2434  0.7447  1.0000  -1.3144   0.0000   0.4228
  21.000   1.1997   0.33041   0.31595  -0.2470  0.7008  1.0000  -1.3097   0.0000   0.4203
  22.000   1.2129   0.35001   0.33624  -0.2488  0.6446  1.0000  -1.3291   0.0000   0.4174
  23.000   1.2212   0.37280   0.35972  -0.2505  0.6054  1.0000  -1.3267   0.0000   0.4151
  24.000   1.2358   0.40277   0.39076  -0.2527  0.5639  1.0000  -1.3688   0.0000   0.4121
  25.000   1.0794   0.37546   0.36480  -0.2233  0.5236  1.0000  -1.1040   0.0000   0.4141


