XFLR5 v6.09.05 beta

 Calculated polar for: 0s1223

 1 1 Reynolds number fixed          Mach number fixed         

 xtrf =   1.000 (top)        1.000 (bottom)
 Mach =   0.000     Re =     0.245 e 6     Ncrit =   9.000

  alpha     CL        CD       CDp       Cm    Top Xtr Bot Xtr   Cpmin    Chinge    XCp    
 ------- -------- --------- --------- -------- ------- ------- -------- --------- ---------
   0.000   1.1665   0.01714   0.00835  -0.2665  0.4617  0.0542  -1.4842   0.0000   0.4760
   1.000   1.2986   0.01800   0.00968  -0.2704  0.4428  0.3543  -1.6238   0.0000   0.4542
   2.000   1.4190   0.01888   0.01046  -0.2719  0.4273  0.4145  -1.7619   0.0000   0.4359
   3.000   1.5442   0.02022   0.01203  -0.2746  0.4131  0.5581  -1.9033   0.0000   0.4204
   4.000   1.6371   0.02083   0.01323  -0.2701  0.4032  1.0000  -2.0265   0.0000   0.4059
   5.000   1.7439   0.02239   0.01471  -0.2692  0.3926  1.0000  -2.1774   0.0000   0.3934
   6.000   1.8543   0.02492   0.01721  -0.2695  0.3803  1.0000  -2.3568   0.0000   0.3826
   7.000   1.9414   0.02633   0.01886  -0.2647  0.3707  1.0000  -2.5447   0.0000   0.3717
   8.000   2.0247   0.02773   0.02048  -0.2592  0.3578  1.0000  -2.8075   0.0000   0.3614
   9.000   2.1081   0.03033   0.02330  -0.2545  0.3445  1.0000  -3.1411   0.0000   0.3520
  10.000   2.1514   0.03183   0.02526  -0.2416  0.3310  1.0000  -3.4183   0.0000   0.3415
  11.000   2.1996   0.03400   0.02755  -0.2306  0.3128  1.0000  -3.7141   0.0000   0.3318
  12.000   2.2244   0.03696   0.03105  -0.2165  0.2983  1.0000  -3.9976   0.0000   0.3221
  13.000   2.2477   0.04115   0.03554  -0.2041  0.2802  1.0000  -4.2908   0.0000   0.3132
  14.000   2.2487   0.04741   0.04225  -0.1914  0.2573  1.0000  -4.5345   0.0000   0.3050
  15.000   2.2212   0.05892   0.05406  -0.1812  0.2247  1.0000  -4.7017   0.0000   0.2987
  16.000   2.1559   0.07877   0.07427  -0.1770  0.1880  1.0000  -4.7492   0.0000   0.2963


