XFLR5 v6.09.05 beta

 Calculated polar for: 0s1223

 1 1 Reynolds number fixed          Mach number fixed         

 xtrf =   1.000 (top)        1.000 (bottom)
 Mach =   0.000     Re =     0.120 e 6     Ncrit =   9.000

  alpha     CL        CD       CDp       Cm    Top Xtr Bot Xtr   Cpmin    Chinge    XCp    
 ------- -------- --------- --------- -------- ------- ------- -------- --------- ---------
   0.000   1.1830   0.02157   0.01260  -0.2709  0.5340  0.3392  -1.4691   0.0000   0.4768
   1.000   1.2949   0.02333   0.01428  -0.2702  0.5081  0.4402  -1.5922   0.0000   0.4549
   2.000   1.4263   0.02528   0.01602  -0.2745  0.4884  0.5184  -1.7280   0.0000   0.4371
   3.000   1.5297   0.02664   0.01785  -0.2725  0.4719  0.7043  -1.8440   0.0000   0.4211
   4.000   1.6264   0.02870   0.01984  -0.2696  0.4579  1.0000  -1.9717   0.0000   0.4070
   5.000   1.7215   0.03250   0.02391  -0.2672  0.4463  1.0000  -2.1047   0.0000   0.3948
   6.000   1.8071   0.03565   0.02727  -0.2628  0.4319  1.0000  -2.2600   0.0000   0.3832
   7.000   1.8983   0.04063   0.03223  -0.2603  0.4169  1.0000  -2.4438   0.0000   0.3730
   8.000   1.9459   0.04471   0.03720  -0.2496  0.4035  1.0000  -2.6135   0.0000   0.3623
   9.000   2.0230   0.04748   0.04011  -0.2439  0.3874  1.0000  -2.9274   0.0000   0.3525
  10.000   1.5698   0.09959   0.09392  -0.2000  0.3573  1.0000  -2.1992   0.0000   0.3581
  11.000   2.0300   0.05901   0.05285  -0.2114  0.3544  1.0000  -3.3048   0.0000   0.3321


