XFLR5 v6.09.05 beta

 Calculated polar for: 0s1223

 1 1 Reynolds number fixed          Mach number fixed         

 xtrf =   1.000 (top)        1.000 (bottom)
 Mach =   0.000     Re =     0.035 e 6     Ncrit =   9.000

  alpha     CL        CD       CDp       Cm    Top Xtr Bot Xtr   Cpmin    Chinge    XCp    
 ------- -------- --------- --------- -------- ------- ------- -------- --------- ---------
   0.000   0.0209   0.10620   0.10106  -0.0607  0.7703  0.3636  -0.7664   0.0000   3.2245
   1.000   0.0017   0.10277   0.09794  -0.0492  0.7707  0.4201  -0.7398   0.0000  30.7876
   2.000  -0.1005   0.10889   0.10463  -0.0420  0.9264  0.4158  -0.7970   0.0000  -0.1844
   5.000   0.7254   0.12555   0.11886  -0.2083  0.8609  0.7453  -0.8026   0.0000   0.5308
   6.000   0.8038   0.13330   0.12627  -0.2163  0.8137  1.0000  -0.8492   0.0000   0.5110
   7.000   0.9356   0.15301   0.14458  -0.2334  0.7748  1.0000  -0.9510   0.0000   0.4897
   8.000   0.9623   0.15868   0.14997  -0.2315  0.7244  1.0000  -0.9681   0.0000   0.4789
   9.000   1.0320   0.17228   0.16326  -0.2344  0.6794  1.0000  -1.0435   0.0000   0.4637
  10.000   1.1034   0.19039   0.18124  -0.2376  0.6397  1.0000  -1.1328   0.0000   0.4501
  11.000   1.1278   0.19944   0.19033  -0.2376  0.5985  1.0000  -1.1689   0.0000   0.4435
  12.000   1.1564   0.20842   0.19956  -0.2390  0.5588  1.0000  -1.2188   0.0000   0.4376
  13.000   1.1874   0.22018   0.21147  -0.2411  0.5192  1.0000  -1.2805   0.0000   0.4320
  14.000   1.2168   0.23356   0.22504  -0.2436  0.4800  1.0000  -1.3542   0.0000   0.4270
  15.000   1.2543   0.25328   0.24501  -0.2464  0.4494  1.0000  -1.4279   0.0000   0.4211
  16.000   1.2907   0.27516   0.26746  -0.2488  0.4155  1.0000  -1.4820   0.0000   0.4153
  17.000   1.3228   0.29766   0.29030  -0.2511  0.3812  1.0000  -1.5501   0.0000   0.4101
  18.000   1.3131   0.30459   0.29753  -0.2552  0.3522  1.0000  -1.5054   0.0000   0.4121
  19.000   1.3042   0.32158   0.31480  -0.2587  0.3254  1.0000  -1.4416   0.0000   0.4137


