XFLR5 v6.09.05 beta

 Calculated polar for: 0s1223

 1 1 Reynolds number fixed          Mach number fixed         

 xtrf =   1.000 (top)        1.000 (bottom)
 Mach =   0.000     Re =     0.135 e 6     Ncrit =   9.000

  alpha     CL        CD       CDp       Cm    Top Xtr Bot Xtr   Cpmin    Chinge    XCp    
 ------- -------- --------- --------- -------- ------- ------- -------- --------- ---------
   0.000   1.1875   0.02070   0.01169  -0.2717  0.5197  0.3173  -1.4759   0.0000   0.4766
   1.000   1.3020   0.02239   0.01328  -0.2716  0.4941  0.4238  -1.6041   0.0000   0.4548
   2.000   1.4244   0.02382   0.01476  -0.2738  0.4770  0.4970  -1.7339   0.0000   0.4368
   3.000   1.5387   0.02524   0.01638  -0.2741  0.4598  0.6815  -1.8631   0.0000   0.4209
   4.000   1.6307   0.02745   0.01886  -0.2702  0.4476  1.0000  -1.9826   0.0000   0.4068
   5.000   1.7290   0.03009   0.02168  -0.2680  0.4352  1.0000  -2.1227   0.0000   0.3944
   6.000   1.8305   0.03297   0.02444  -0.2665  0.4216  1.0000  -2.2981   0.0000   0.3832
   7.000   1.9064   0.03704   0.02894  -0.2607  0.4088  1.0000  -2.4635   0.0000   0.3725
   8.000   1.9792   0.04002   0.03244  -0.2540  0.3940  1.0000  -2.6840   0.0000   0.3622
   9.000   2.0528   0.04443   0.03707  -0.2483  0.3790  1.0000  -2.9921   0.0000   0.3528
  10.000   2.0722   0.04830   0.04159  -0.2329  0.3630  1.0000  -3.2127   0.0000   0.3422
  11.000   2.1361   0.05095   0.04450  -0.2253  0.3454  1.0000  -3.5284   0.0000   0.3330
  12.000   2.0824   0.05765   0.05196  -0.2016  0.3281  1.0000  -3.6171   0.0000   0.3222


