XFLR5 v6.09.05 beta

 Calculated polar for: 0s1223

 1 1 Reynolds number fixed          Mach number fixed         

 xtrf =   1.000 (top)        1.000 (bottom)
 Mach =   0.000     Re =     0.220 e 6     Ncrit =   9.000

  alpha     CL        CD       CDp       Cm    Top Xtr Bot Xtr   Cpmin    Chinge    XCp    
 ------- -------- --------- --------- -------- ------- ------- -------- --------- ---------
   0.000   1.1711   0.01758   0.00870  -0.2675  0.4714  0.0610  -1.4837   0.0000   0.4760
   1.000   1.3027   0.01884   0.01026  -0.2714  0.4498  0.3636  -1.6232   0.0000   0.4543
   2.000   1.4223   0.01959   0.01112  -0.2727  0.4354  0.4288  -1.7591   0.0000   0.4360
   3.000   1.5500   0.02129   0.01287  -0.2761  0.4178  0.5827  -1.9021   0.0000   0.4207
   4.000   1.6399   0.02193   0.01411  -0.2709  0.4099  1.0000  -2.0230   0.0000   0.4061
   5.000   1.7453   0.02357   0.01578  -0.2697  0.3993  1.0000  -2.1721   0.0000   0.3937
   6.000   1.8493   0.02552   0.01762  -0.2684  0.3873  1.0000  -2.3489   0.0000   0.3824
   7.000   1.9438   0.02798   0.02030  -0.2656  0.3764  1.0000  -2.5418   0.0000   0.3720
   8.000   2.0240   0.02949   0.02221  -0.2595  0.3634  1.0000  -2.7992   0.0000   0.3616
   9.000   2.1149   0.03243   0.02519  -0.2565  0.3476  1.0000  -3.1460   0.0000   0.3526
  10.000   2.1540   0.03386   0.02723  -0.2427  0.3361  1.0000  -3.4148   0.0000   0.3420
  11.000   2.2035   0.03544   0.02882  -0.2317  0.3167  1.0000  -3.7149   0.0000   0.3322
  12.000   2.2189   0.03877   0.03281  -0.2160  0.3027  1.0000  -3.9768   0.0000   0.3222
  13.000   2.2454   0.04252   0.03672  -0.2039  0.2832  1.0000  -4.2778   0.0000   0.3132
  14.000   2.2364   0.04907   0.04401  -0.1900  0.2632  1.0000  -4.4966   0.0000   0.3049
  15.000   2.2146   0.05972   0.05504  -0.1800  0.2351  1.0000  -4.6761   0.0000   0.2985
  16.000   2.1500   0.07884   0.07438  -0.1754  0.2009  1.0000  -4.7259   0.0000   0.2959


