XFLR5 v6.09.05 beta

 Calculated polar for: 0s1223

 1 1 Reynolds number fixed          Mach number fixed         

 xtrf =   1.000 (top)        1.000 (bottom)
 Mach =   0.000     Re =     0.325 e 6     Ncrit =   9.000

  alpha     CL        CD       CDp       Cm    Top Xtr Bot Xtr   Cpmin    Chinge    XCp    
 ------- -------- --------- --------- -------- ------- ------- -------- --------- ---------
   0.000   1.1595   0.01584   0.00759  -0.2649  0.4425  0.0437  -1.4864   0.0000   0.4759
   1.000   1.2946   0.01652   0.00846  -0.2695  0.4209  0.3268  -1.6285   0.0000   0.4540
   2.000   1.4134   0.01724   0.00929  -0.2705  0.4096  0.3850  -1.7665   0.0000   0.4356
   3.000   1.5269   0.01808   0.01026  -0.2706  0.3974  0.4997  -1.9035   0.0000   0.4197
   4.000   1.6516   0.01948   0.01211  -0.2732  0.3828  0.8316  -2.0494   0.0000   0.4062
   5.000   1.7438   0.02039   0.01319  -0.2690  0.3769  1.0000  -2.1869   0.0000   0.3932
   6.000   1.8389   0.02165   0.01451  -0.2655  0.3677  1.0000  -2.3523   0.0000   0.3816
   7.000   1.9276   0.02308   0.01592  -0.2610  0.3564  1.0000  -2.5414   0.0000   0.3707
   8.000   2.0206   0.02509   0.01821  -0.2579  0.3444  1.0000  -2.8113   0.0000   0.3609
   9.000   2.0848   0.02647   0.01985  -0.2488  0.3333  1.0000  -3.1151   0.0000   0.3505
  10.000   2.1516   0.02860   0.02209  -0.2409  0.3146  1.0000  -3.4343   0.0000   0.3410
  11.000   2.1947   0.03059   0.02454  -0.2289  0.3034  1.0000  -3.7194   0.0000   0.3312
  12.000   2.2354   0.03375   0.02787  -0.2178  0.2857  1.0000  -4.0397   0.0000   0.3220
  13.000   2.2708   0.03759   0.03225  -0.2073  0.2675  1.0000  -4.3607   0.0000   0.3135
  14.000   2.2627   0.04556   0.04025  -0.1942  0.2269  1.0000  -4.5868   0.0000   0.3055
  15.000   2.2148   0.06044   0.05523  -0.1837  0.1793  1.0000  -4.7033   0.0000   0.2999
  16.000   2.1308   0.08428   0.07938  -0.1810  0.1481  1.0000  -4.6948   0.0000   0.2990
  17.000   2.0374   0.11166   0.10717  -0.1857  0.1262  1.0000  -4.6186   0.0000   0.3023


