XFLR5 v6.09.05 beta

 Calculated polar for: 0s1223

 1 1 Reynolds number fixed          Mach number fixed         

 xtrf =   1.000 (top)        1.000 (bottom)
 Mach =   0.000     Re =     0.030 e 6     Ncrit =   9.000

  alpha     CL        CD       CDp       Cm    Top Xtr Bot Xtr   Cpmin    Chinge    XCp    
 ------- -------- --------- --------- -------- ------- ------- -------- --------- ---------
   0.000  -0.1498   0.11439   0.10937  -0.0234  0.8543  0.3848  -0.8315   0.0000   0.0802
   1.000  -0.2752   0.11380   0.10935  -0.0029  0.9848  0.3824  -0.9029   0.0000   0.2317
   2.000  -0.2294   0.10899   0.10471  -0.0070  0.9795  0.5048  -0.8488   0.0000   0.2113
   6.000   0.7682   0.13477   0.12723  -0.2131  0.8804  1.0000  -0.8193   0.0000   0.5193
   8.000   0.9354   0.15984   0.15042  -0.2304  0.7834  1.0000  -0.9382   0.0000   0.4847
   9.000   1.0218   0.17923   0.16946  -0.2366  0.7426  1.0000  -1.0265   0.0000   0.4681
  10.000   1.0400   0.18230   0.17248  -0.2349  0.6918  1.0000  -1.0496   0.0000   0.4606
  11.000   1.0988   0.19634   0.18651  -0.2375  0.6448  1.0000  -1.1250   0.0000   0.4491
  13.000   1.2016   0.23388   0.22442  -0.2427  0.5637  1.0000  -1.2983   0.0000   0.4311
  14.000   1.2228   0.24363   0.23439  -0.2446  0.5254  1.0000  -1.3584   0.0000   0.4270
  15.000   1.2528   0.26010   0.25112  -0.2471  0.4884  1.0000  -1.4188   0.0000   0.4221
  16.000   1.2715   0.27402   0.26532  -0.2498  0.4509  1.0000  -1.4392   0.0000   0.4191
  17.000   1.3093   0.29971   0.29169  -0.2523  0.4165  1.0000  -1.5098   0.0000   0.4131
  19.000   1.2989   0.32303   0.31564  -0.2584  0.3561  1.0000  -1.4323   0.0000   0.4145
  20.000   1.2808   0.34250   0.33549  -0.2587  0.3354  1.0000  -1.3800   0.0000   0.4152


