XFLR5 v6.09.05 beta

 Calculated polar for: 0s1223

 1 1 Reynolds number fixed          Mach number fixed         

 xtrf =   1.000 (top)        1.000 (bottom)
 Mach =   0.000     Re =     0.285 e 6     Ncrit =   9.000

  alpha     CL        CD       CDp       Cm    Top Xtr Bot Xtr   Cpmin    Chinge    XCp    
 ------- -------- --------- --------- -------- ------- ------- -------- --------- ---------
   0.000   1.1607   0.01658   0.00807  -0.2652  0.4500  0.0462  -1.4838   0.0000   0.4760
   1.000   1.2936   0.01701   0.00891  -0.2693  0.4323  0.3407  -1.6250   0.0000   0.4541
   2.000   1.4220   0.01823   0.00998  -0.2725  0.4155  0.3990  -1.7682   0.0000   0.4359
   3.000   1.5364   0.01897   0.01103  -0.2728  0.4048  0.5279  -1.9048   0.0000   0.4201
   4.000   1.6324   0.01956   0.01218  -0.2689  0.3941  1.0000  -2.0304   0.0000   0.4055
   5.000   1.7522   0.02177   0.01425  -0.2710  0.3813  1.0000  -2.1890   0.0000   0.3937
   6.000   1.8470   0.02299   0.01562  -0.2675  0.3740  1.0000  -2.3558   0.0000   0.3820
   7.000   1.9366   0.02436   0.01707  -0.2632  0.3630  1.0000  -2.5466   0.0000   0.3712
   8.000   2.0357   0.02682   0.01966  -0.2615  0.3475  1.0000  -2.8309   0.0000   0.3617
   9.000   2.0929   0.02806   0.02128  -0.2508  0.3387  1.0000  -3.1228   0.0000   0.3511
  10.000   2.1457   0.02957   0.02303  -0.2398  0.3240  1.0000  -3.4184   0.0000   0.3409
  11.000   2.1941   0.03205   0.02585  -0.2291  0.3081  1.0000  -3.7121   0.0000   0.3314
  12.000   2.2310   0.03491   0.02903  -0.2172  0.2923  1.0000  -4.0228   0.0000   0.3220
  13.000   2.2592   0.03917   0.03378  -0.2056  0.2741  1.0000  -4.3265   0.0000   0.3133
  14.000   2.2642   0.04567   0.04057  -0.1936  0.2460  1.0000  -4.5813   0.0000   0.3053
  15.000   2.2229   0.05905   0.05403  -0.1828  0.2023  1.0000  -4.7167   0.0000   0.2993
  16.000   2.1473   0.08096   0.07623  -0.1791  0.1664  1.0000  -4.7350   0.0000   0.2975
  17.000   2.0529   0.10814   0.10379  -0.1831  0.1410  1.0000  -4.6602   0.0000   0.3004


