XFLR5 v6.09.05 beta

 Calculated polar for: 0s1223

 1 1 Reynolds number fixed          Mach number fixed         

 xtrf =   1.000 (top)        1.000 (bottom)
 Mach =   0.000     Re =     0.020 e 6     Ncrit =   9.000

  alpha     CL        CD       CDp       Cm    Top Xtr Bot Xtr   Cpmin    Chinge    XCp    
 ------- -------- --------- --------- -------- ------- ------- -------- --------- ---------
   0.000  -0.0447   0.10260   0.09665  -0.0054  1.0000  1.0000  -0.7191   0.0000   0.0961
   1.000  -0.0548   0.10061   0.09490  -0.0037  1.0000  1.0000  -0.7419   0.0000   0.1590
   2.000  -0.1023   0.09755   0.09213   0.0071  1.0000  0.9856  -0.7805   0.0000   0.3083
   3.000  -0.2441   0.09330   0.08830   0.0382  1.0000  0.9262  -0.8707   0.0000   0.4005
   4.000   0.3070   0.10446   0.09719  -0.1388  1.0000  0.3267  -0.7651   0.0000   0.6986
   5.000   0.5124   0.11694   0.10932  -0.1661  1.0000  0.6922  -0.8989   0.0000   0.5676
   6.000   0.6725   0.13227   0.12298  -0.1955  1.0000  1.0000  -0.7620   0.0000   0.5323
   7.000   0.7648   0.14780   0.13699  -0.2094  0.9974  1.0000  -0.8116   0.0000   0.5136
   8.000   0.8393   0.16013   0.14858  -0.2182  0.9663  1.0000  -0.8624   0.0000   0.4980
   9.000   0.9075   0.17254   0.16064  -0.2252  0.9221  1.0000  -0.9155   0.0000   0.4844
  10.000   0.9651   0.18374   0.17163  -0.2303  0.8752  1.0000  -0.9663   0.0000   0.4731
  11.000   1.0211   0.19543   0.18327  -0.2349  0.8208  1.0000  -1.0247   0.0000   0.4627
  12.000   1.0827   0.21386   0.20177  -0.2404  0.7715  1.0000  -1.1028   0.0000   0.4528
  13.000   1.1196   0.22251   0.21078  -0.2427  0.7175  1.0000  -1.1655   0.0000   0.4456
  14.000   1.1638   0.24033   0.22881  -0.2463  0.6694  1.0000  -1.2422   0.0000   0.4385
  15.000   1.1894   0.25134   0.24012  -0.2486  0.6204  1.0000  -1.2954   0.0000   0.4339
  16.000   1.2254   0.26992   0.25906  -0.2517  0.5729  1.0000  -1.3489   0.0000   0.4282
  18.000   1.2890   0.31711   0.30746  -0.2577  0.4917  1.0000  -1.4402   0.0000   0.4182
  19.000   1.2990   0.33453   0.32529  -0.2596  0.4553  1.0000  -1.4345   0.0000   0.4158
  20.000   1.2745   0.34466   0.33582  -0.2597  0.4265  1.0000  -1.3661   0.0000   0.4173
  21.000   1.1496   0.34306   0.33516  -0.2366  0.3894  1.0000  -1.1578   0.0000   0.4181


