XFLR5 v6.09.05 beta

 Calculated polar for: 0s1223

 1 1 Reynolds number fixed          Mach number fixed         

 xtrf =   1.000 (top)        1.000 (bottom)
 Mach =   0.000     Re =     0.180 e 6     Ncrit =   9.000

  alpha     CL        CD       CDp       Cm    Top Xtr Bot Xtr   Cpmin    Chinge    XCp    
 ------- -------- --------- --------- -------- ------- ------- -------- --------- ---------
   0.000   1.1915   0.01864   0.00985  -0.2723  0.4875  0.2712  -1.4898   0.0000   0.4762
   1.000   1.2997   0.01994   0.01124  -0.2709  0.4673  0.3871  -1.6146   0.0000   0.4544
   2.000   1.4296   0.02146   0.01260  -0.2746  0.4501  0.4550  -1.7544   0.0000   0.4364
   3.000   1.5436   0.02244   0.01398  -0.2747  0.4355  0.6181  -1.8859   0.0000   0.4207
   4.000   1.6382   0.02364   0.01539  -0.2708  0.4232  1.0000  -2.0123   0.0000   0.4063
   5.000   1.7469   0.02633   0.01817  -0.2707  0.4126  1.0000  -2.1608   0.0000   0.3942
   6.000   1.8412   0.02831   0.02031  -0.2674  0.4009  1.0000  -2.3275   0.0000   0.3827
   7.000   1.9387   0.03039   0.02236  -0.2650  0.3880  1.0000  -2.5267   0.0000   0.3722
   8.000   2.0190   0.03356   0.02606  -0.2597  0.3752  1.0000  -2.7761   0.0000   0.3622
   9.000   2.0895   0.03556   0.02840  -0.2523  0.3612  1.0000  -3.0867   0.0000   0.3522
  10.000   2.1616   0.03831   0.03143  -0.2457  0.3450  1.0000  -3.4122   0.0000   0.3430
  11.000   2.1787   0.04014   0.03375  -0.2287  0.3289  1.0000  -3.6477   0.0000   0.3322
  12.000   2.2119   0.04275   0.03659  -0.2160  0.3108  1.0000  -3.9429   0.0000   0.3226
  13.000   2.2115   0.04710   0.04149  -0.2001  0.2932  1.0000  -4.1810   0.0000   0.3131
  14.000   2.2007   0.05395   0.04893  -0.1865  0.2734  1.0000  -4.3919   0.0000   0.3048


