XFLR5 v6.09.05 beta

 Calculated polar for: 0s1223

 1 1 Reynolds number fixed          Mach number fixed         

 xtrf =   1.000 (top)        1.000 (bottom)
 Mach =   0.000     Re =     0.115 e 6     Ncrit =   9.000

  alpha     CL        CD       CDp       Cm    Top Xtr Bot Xtr   Cpmin    Chinge    XCp    
 ------- -------- --------- --------- -------- ------- ------- -------- --------- ---------
   0.000   1.1794   0.02190   0.01300  -0.2702  0.5399  0.3462  -1.4645   0.0000   0.4770
   1.000   1.2940   0.02382   0.01471  -0.2701  0.5133  0.4464  -1.5890   0.0000   0.4550
   2.000   1.4239   0.02555   0.01624  -0.2740  0.4928  0.5257  -1.7245   0.0000   0.4370
   3.000   1.5270   0.02725   0.01844  -0.2721  0.4767  0.7143  -1.8383   0.0000   0.4211
   4.000   1.6207   0.02917   0.02035  -0.2686  0.4624  1.0000  -1.9622   0.0000   0.4070
   5.000   1.7199   0.03347   0.02476  -0.2672  0.4500  1.0000  -2.0996   0.0000   0.3950
   6.000   1.7994   0.03689   0.02850  -0.2618  0.4359  1.0000  -2.2469   0.0000   0.3834
   7.000   1.8918   0.04038   0.03199  -0.2589  0.4214  1.0000  -2.4342   0.0000   0.3728
   8.000   1.9334   0.04648   0.03896  -0.2480  0.4072  1.0000  -2.5908   0.0000   0.3624
   9.000   1.9872   0.05026   0.04308  -0.2387  0.3906  1.0000  -2.8558   0.0000   0.3523
  10.000   1.9720   0.05883   0.05224  -0.2206  0.3757  1.0000  -3.0010   0.0000   0.3421
  11.000   1.7043   0.09199   0.08643  -0.1922  0.3521  1.0000  -2.6231   0.0000   0.3411


