XFLR5 v6.09.05 beta

 Calculated polar for: 0s1223

 1 1 Reynolds number fixed          Mach number fixed         

 xtrf =   1.000 (top)        1.000 (bottom)
 Mach =   0.000     Re =     0.215 e 6     Ncrit =   9.000

  alpha     CL        CD       CDp       Cm    Top Xtr Bot Xtr   Cpmin    Chinge    XCp    
 ------- -------- --------- --------- -------- ------- ------- -------- --------- ---------
   0.000   1.1721   0.01770   0.00879  -0.2678  0.4733  0.0625  -1.4835   0.0000   0.4761
   1.000   1.3045   0.01901   0.01039  -0.2718  0.4510  0.3674  -1.6236   0.0000   0.4544
   2.000   1.4231   0.01977   0.01128  -0.2729  0.4371  0.4318  -1.7585   0.0000   0.4361
   3.000   1.5462   0.02119   0.01276  -0.2751  0.4206  0.5846  -1.8992   0.0000   0.4206
   4.000   1.6406   0.02218   0.01431  -0.2711  0.4113  1.0000  -2.0224   0.0000   0.4062
   5.000   1.7455   0.02385   0.01604  -0.2698  0.4008  1.0000  -2.1707   0.0000   0.3937
   6.000   1.8476   0.02567   0.01777  -0.2681  0.3891  1.0000  -2.3461   0.0000   0.3824
   7.000   1.9444   0.02836   0.02064  -0.2658  0.3775  1.0000  -2.5412   0.0000   0.3721
   8.000   2.0235   0.02992   0.02262  -0.2596  0.3647  1.0000  -2.7967   0.0000   0.3617
   9.000   2.1125   0.03227   0.02499  -0.2559  0.3498  1.0000  -3.1414   0.0000   0.3525
  10.000   2.1546   0.03432   0.02767  -0.2430  0.3372  1.0000  -3.4141   0.0000   0.3421
  11.000   2.1984   0.03567   0.02909  -0.2308  0.3189  1.0000  -3.7038   0.0000   0.3320
  12.000   2.2177   0.03919   0.03321  -0.2159  0.3036  1.0000  -3.9723   0.0000   0.3222
  13.000   2.2438   0.04283   0.03702  -0.2037  0.2842  1.0000  -4.2725   0.0000   0.3132
  14.000   2.2328   0.04954   0.04450  -0.1896  0.2644  1.0000  -4.4860   0.0000   0.3049
  15.000   2.2112   0.06012   0.05547  -0.1797  0.2367  1.0000  -4.6656   0.0000   0.2985
  16.000   2.1496   0.07881   0.07441  -0.1751  0.2034  1.0000  -4.7226   0.0000   0.2958


