XFLR5 v6.09.05 beta

 Calculated polar for: 0s1223

 1 1 Reynolds number fixed          Mach number fixed         

 xtrf =   1.000 (top)        1.000 (bottom)
 Mach =   0.000     Re =     0.205 e 6     Ncrit =   9.000

  alpha     CL        CD       CDp       Cm    Top Xtr Bot Xtr   Cpmin    Chinge    XCp    
 ------- -------- --------- --------- -------- ------- ------- -------- --------- ---------
   0.000   1.1739   0.01799   0.00898  -0.2682  0.4774  0.0655  -1.4829   0.0000   0.4761
   1.000   1.3076   0.01943   0.01071  -0.2726  0.4532  0.3738  -1.6242   0.0000   0.4544
   2.000   1.4245   0.02019   0.01161  -0.2733  0.4407  0.4380  -1.7572   0.0000   0.4362
   3.000   1.5429   0.02132   0.01289  -0.2744  0.4253  0.5913  -1.8948   0.0000   0.4205
   4.000   1.6423   0.02276   0.01476  -0.2716  0.4139  1.0000  -2.0211   0.0000   0.4063
   5.000   1.7457   0.02446   0.01658  -0.2700  0.4040  1.0000  -2.1679   0.0000   0.3938
   6.000   1.8460   0.02622   0.01830  -0.2679  0.3923  1.0000  -2.3416   0.0000   0.3824
   7.000   1.9450   0.02923   0.02141  -0.2661  0.3795  1.0000  -2.5392   0.0000   0.3723
   8.000   2.0221   0.03084   0.02351  -0.2596  0.3674  1.0000  -2.7911   0.0000   0.3618
   9.000   2.1048   0.03256   0.02531  -0.2543  0.3539  1.0000  -3.1256   0.0000   0.3522
  10.000   2.1561   0.03531   0.02861  -0.2436  0.3394  1.0000  -3.4132   0.0000   0.3423
  11.000   2.1927   0.03654   0.03002  -0.2299  0.3221  1.0000  -3.6890   0.0000   0.3320
  12.000   2.2154   0.04009   0.03408  -0.2158  0.3056  1.0000  -3.9630   0.0000   0.3223
  13.000   2.2354   0.04370   0.03795  -0.2026  0.2873  1.0000  -4.2494   0.0000   0.3131
  14.000   2.2246   0.05061   0.04560  -0.1888  0.2668  1.0000  -4.4620   0.0000   0.3048
  15.000   2.2030   0.06109   0.05648  -0.1790  0.2401  1.0000  -4.6407   0.0000   0.2985


