XFLR5 v6.09.05 beta

 Calculated polar for: 0s1223

 1 1 Reynolds number fixed          Mach number fixed         

 xtrf =   1.000 (top)        1.000 (bottom)
 Mach =   0.000     Re =     0.170 e 6     Ncrit =   9.000

  alpha     CL        CD       CDp       Cm    Top Xtr Bot Xtr   Cpmin    Chinge    XCp    
 ------- -------- --------- --------- -------- ------- ------- -------- --------- ---------
   0.000   1.1915   0.01904   0.01014  -0.2724  0.4925  0.2807  -1.4881   0.0000   0.4763
   1.000   1.3004   0.02042   0.01166  -0.2710  0.4724  0.3941  -1.6123   0.0000   0.4545
   2.000   1.4333   0.02211   0.01313  -0.2755  0.4532  0.4652  -1.7541   0.0000   0.4366
   3.000   1.5439   0.02306   0.01454  -0.2749  0.4402  0.6307  -1.8819   0.0000   0.4208
   4.000   1.6356   0.02413   0.01587  -0.2703  0.4280  1.0000  -2.0059   0.0000   0.4063
   5.000   1.7473   0.02732   0.01902  -0.2710  0.4156  1.0000  -2.1573   0.0000   0.3944
   6.000   1.8392   0.02933   0.02126  -0.2673  0.4050  1.0000  -2.3213   0.0000   0.3828
   7.000   1.9320   0.03137   0.02338  -0.2639  0.3919  1.0000  -2.5145   0.0000   0.3721
   8.000   2.0170   0.03492   0.02733  -0.2597  0.3783  1.0000  -2.7685   0.0000   0.3624
   9.000   2.0812   0.03720   0.03006  -0.2512  0.3645  1.0000  -3.0661   0.0000   0.3523
  10.000   2.1614   0.03993   0.03296  -0.2462  0.3470  1.0000  -3.4063   0.0000   0.3433
  11.000   2.1686   0.04218   0.03583  -0.2276  0.3322  1.0000  -3.6208   0.0000   0.3323
  12.000   2.2135   0.04401   0.03776  -0.2167  0.3128  1.0000  -3.9403   0.0000   0.3229
  13.000   2.1973   0.04909   0.04353  -0.1986  0.2957  1.0000  -4.1415   0.0000   0.3131
  14.000   2.1900   0.05556   0.05052  -0.1856  0.2762  1.0000  -4.3602   0.0000   0.3049


