XFLR5 v6.09.05 beta

 Calculated polar for: 0s1223

 1 1 Reynolds number fixed          Mach number fixed         

 xtrf =   1.000 (top)        1.000 (bottom)
 Mach =   0.000     Re =     0.290 e 6     Ncrit =   9.000

  alpha     CL        CD       CDp       Cm    Top Xtr Bot Xtr   Cpmin    Chinge    XCp    
 ------- -------- --------- --------- -------- ------- ------- -------- --------- ---------
   0.000   1.1603   0.01647   0.00800  -0.2651  0.4491  0.0459  -1.4840   0.0000   0.4760
   1.000   1.2932   0.01691   0.00883  -0.2692  0.4311  0.3391  -1.6252   0.0000   0.4540
   2.000   1.4210   0.01808   0.00988  -0.2723  0.4148  0.3973  -1.7681   0.0000   0.4358
   3.000   1.5355   0.01884   0.01092  -0.2726  0.4038  0.5245  -1.9050   0.0000   0.4200
   5.000   1.7511   0.02156   0.01409  -0.2707  0.3808  1.0000  -2.1887   0.0000   0.3936
   6.000   1.8462   0.02280   0.01546  -0.2673  0.3732  1.0000  -2.3557   0.0000   0.3820
   7.000   1.9355   0.02416   0.01689  -0.2629  0.3621  1.0000  -2.5461   0.0000   0.3711
   8.000   2.0343   0.02656   0.01944  -0.2611  0.3472  1.0000  -2.8295   0.0000   0.3616
   9.000   2.0916   0.02783   0.02108  -0.2505  0.3380  1.0000  -3.1214   0.0000   0.3510
  10.000   2.1453   0.02938   0.02284  -0.2397  0.3230  1.0000  -3.4187   0.0000   0.3409
  11.000   2.1939   0.03185   0.02567  -0.2290  0.3075  1.0000  -3.7127   0.0000   0.3313
  12.000   2.2316   0.03472   0.02884  -0.2172  0.2916  1.0000  -4.0252   0.0000   0.3220
  13.000   2.2608   0.03894   0.03357  -0.2059  0.2733  1.0000  -4.3312   0.0000   0.3133
  14.000   2.2655   0.04551   0.04040  -0.1938  0.2438  1.0000  -4.5857   0.0000   0.3053
  15.000   2.2204   0.05938   0.05432  -0.1828  0.1994  1.0000  -4.7114   0.0000   0.2994
  16.000   2.1468   0.08114   0.07639  -0.1793  0.1636  1.0000  -4.7347   0.0000   0.2977
  17.000   2.0521   0.10840   0.10404  -0.1834  0.1388  1.0000  -4.6590   0.0000   0.3006


