XFLR5 v6.09.05 beta

 Calculated polar for: 0s1223

 1 1 Reynolds number fixed          Mach number fixed         

 xtrf =   1.000 (top)        1.000 (bottom)
 Mach =   0.000     Re =     0.140 e 6     Ncrit =   9.000

  alpha     CL        CD       CDp       Cm    Top Xtr Bot Xtr   Cpmin    Chinge    XCp    
 ------- -------- --------- --------- -------- ------- ------- -------- --------- ---------
   0.000   1.1874   0.02030   0.01139  -0.2717  0.5155  0.3113  -1.4771   0.0000   0.4766
   1.000   1.3063   0.02231   0.01318  -0.2726  0.4896  0.4196  -1.6082   0.0000   0.4548
   2.000   1.4245   0.02339   0.01438  -0.2737  0.4733  0.4918  -1.7364   0.0000   0.4367
   3.000   1.5435   0.02525   0.01636  -0.2751  0.4553  0.6759  -1.8688   0.0000   0.4210
   4.000   1.6308   0.02687   0.01837  -0.2701  0.4445  1.0000  -1.9855   0.0000   0.4067
   5.000   1.7321   0.02937   0.02097  -0.2684  0.4320  1.0000  -2.1293   0.0000   0.3943
   6.000   1.8337   0.03355   0.02505  -0.2674  0.4173  1.0000  -2.3017   0.0000   0.3834
   7.000   1.9099   0.03610   0.02805  -0.2610  0.4060  1.0000  -2.4707   0.0000   0.3724
   8.000   1.9905   0.03868   0.03103  -0.2556  0.3915  1.0000  -2.7078   0.0000   0.3622
   9.000   2.0564   0.04318   0.03589  -0.2485  0.3769  1.0000  -3.0022   0.0000   0.3527
  10.000   2.0940   0.04616   0.03936  -0.2359  0.3604  1.0000  -3.2592   0.0000   0.3424
  12.000   2.1300   0.05310   0.04723  -0.2066  0.3252  1.0000  -3.7276   0.0000   0.3223
  13.000   2.1187   0.05916   0.05376  -0.1916  0.3061  1.0000  -3.9323   0.0000   0.3134


