XFLR5 v6.09.05 beta

 Calculated polar for: 0s1223

 1 1 Reynolds number fixed          Mach number fixed         

 xtrf =   1.000 (top)        1.000 (bottom)
 Mach =   0.000     Re =     0.260 e 6     Ncrit =   9.000

  alpha     CL        CD       CDp       Cm    Top Xtr Bot Xtr   Cpmin    Chinge    XCp    
 ------- -------- --------- --------- -------- ------- ------- -------- --------- ---------
   0.000   1.1690   0.01705   0.00827  -0.2670  0.4545  0.0512  -1.4868   0.0000   0.4760
   1.000   1.2967   0.01757   0.00936  -0.2700  0.4387  0.3491  -1.6244   0.0000   0.4541
   2.000   1.4200   0.01870   0.01028  -0.2721  0.4217  0.4052  -1.7644   0.0000   0.4359
   3.000   1.5407   0.01970   0.01160  -0.2738  0.4100  0.5448  -1.9036   0.0000   0.4203
   4.000   1.6354   0.02028   0.01279  -0.2697  0.3996  1.0000  -2.0282   0.0000   0.4057
   5.000   1.7450   0.02198   0.01434  -0.2694  0.3884  1.0000  -2.1810   0.0000   0.3934
   6.000   1.8514   0.02409   0.01652  -0.2687  0.3781  1.0000  -2.3566   0.0000   0.3823
   7.000   1.9400   0.02551   0.01812  -0.2642  0.3676  1.0000  -2.5461   0.0000   0.3715
   8.000   2.0250   0.02704   0.01980  -0.2591  0.3545  1.0000  -2.8111   0.0000   0.3613
   9.000   2.1012   0.02937   0.02245  -0.2529  0.3424  1.0000  -3.1326   0.0000   0.3516
  10.000   2.1493   0.03083   0.02428  -0.2409  0.3283  1.0000  -3.4189   0.0000   0.3413
  11.000   2.1963   0.03319   0.02684  -0.2298  0.3111  1.0000  -3.7114   0.0000   0.3316
  12.000   2.2270   0.03608   0.03020  -0.2167  0.2960  1.0000  -4.0078   0.0000   0.3220
  13.000   2.2514   0.04038   0.03484  -0.2046  0.2780  1.0000  -4.3030   0.0000   0.3132
  14.000   2.2535   0.04679   0.04160  -0.1921  0.2534  1.0000  -4.5501   0.0000   0.3051
  15.000   2.2276   0.05834   0.05351  -0.1821  0.2171  1.0000  -4.7219   0.0000   0.2989
  16.000   2.1516   0.07974   0.07512  -0.1778  0.1796  1.0000  -4.7417   0.0000   0.2968


