XFLR5 v6.09.05 beta

 Calculated polar for: 0s1223

 1 1 Reynolds number fixed          Mach number fixed         

 xtrf =   1.000 (top)        1.000 (bottom)
 Mach =   0.000     Re =     0.015 e 6     Ncrit =   9.000

  alpha     CL        CD       CDp       Cm    Top Xtr Bot Xtr   Cpmin    Chinge    XCp    
 ------- -------- --------- --------- -------- ------- ------- -------- --------- ---------
   0.000  -0.0382   0.10187   0.09470  -0.0062  1.0000  1.0000  -0.7817   0.0000   0.0534
   1.000  -0.1291   0.10078   0.09407   0.0139  1.0000  0.9625  -0.8427   0.0000   0.3478
   2.000  -0.2666   0.09959   0.09339   0.0417  1.0000  0.8901  -0.9387   0.0000   0.4008
   3.000  -0.2148   0.09950   0.09310   0.0038  1.0000  0.6291  -0.9831   0.0000   0.2613
   4.000   0.2104   0.10384   0.09579  -0.1086  1.0000  0.4418  -0.7922   0.0000   0.7626
   5.000   0.4316   0.11267   0.10417  -0.1424  1.0000  0.7381  -0.9164   0.0000   0.5731
   7.000   0.7437   0.14615   0.13327  -0.2024  1.0000  1.0000  -0.8093   0.0000   0.5120
   8.000   0.8038   0.15941   0.14572  -0.2083  1.0000  1.0000  -0.8513   0.0000   0.4971
   9.000   0.8572   0.17280   0.15874  -0.2134  1.0000  1.0000  -0.8882   0.0000   0.4850
  10.000   0.9061   0.18654   0.17223  -0.2183  1.0000  1.0000  -0.9258   0.0000   0.4751
  11.000   0.9661   0.19956   0.18523  -0.2266  0.9718  1.0000  -0.9817   0.0000   0.4668
  12.000   1.0187   0.20925   0.19504  -0.2331  0.9211  1.0000  -1.0377   0.0000   0.4592
  13.000   1.0738   0.22354   0.20976  -0.2398  0.8643  1.0000  -1.1089   0.0000   0.4518
  14.000   1.1184   0.23747   0.22396  -0.2448  0.8110  1.0000  -1.1724   0.0000   0.4454
  15.000   1.1569   0.25204   0.23885  -0.2488  0.7527  1.0000  -1.2439   0.0000   0.4396
  16.000   1.1938   0.27113   0.25832  -0.2530  0.7025  1.0000  -1.2972   0.0000   0.4344
  17.000   1.2201   0.28689   0.27453  -0.2559  0.6492  1.0000  -1.3182   0.0000   0.4301
  18.000   1.2591   0.31570   0.30423  -0.2599  0.6004  1.0000  -1.3800   0.0000   0.4246
  19.000   1.2671   0.33116   0.32016  -0.2616  0.5616  1.0000  -1.3743   0.0000   0.4223
  20.000   1.2650   0.34723   0.33674  -0.2618  0.5211  1.0000  -1.3444   0.0000   0.4205
  21.000   1.2716   0.37210   0.36216  -0.2623  0.4880  1.0000  -1.3559   0.0000   0.4174
  22.000   1.0982   0.34657   0.33782  -0.2308  0.4436  1.0000  -1.0594   0.0000   0.4205
  23.000   1.1446   0.38335   0.37542  -0.2369  0.4174  1.0000  -1.1641   0.0000   0.4146


