XFLR5 v6.09.05 beta

 Calculated polar for: 0s1223

 1 1 Reynolds number fixed          Mach number fixed         

 xtrf =   1.000 (top)        1.000 (bottom)
 Mach =   0.000     Re =     0.175 e 6     Ncrit =   9.000

  alpha     CL        CD       CDp       Cm    Top Xtr Bot Xtr   Cpmin    Chinge    XCp    
 ------- -------- --------- --------- -------- ------- ------- -------- --------- ---------
   0.000   1.1924   0.01892   0.01003  -0.2725  0.4894  0.2762  -1.4894   0.0000   0.4762
   1.000   1.2999   0.02016   0.01144  -0.2709  0.4698  0.3906  -1.6134   0.0000   0.4544
   2.000   1.4315   0.02176   0.01285  -0.2750  0.4517  0.4603  -1.7543   0.0000   0.4365
   3.000   1.5437   0.02274   0.01425  -0.2748  0.4378  0.6243  -1.8839   0.0000   0.4207
   4.000   1.6365   0.02383   0.01558  -0.2704  0.4257  1.0000  -2.0090   0.0000   0.4062
   5.000   1.7472   0.02680   0.01857  -0.2709  0.4142  1.0000  -2.1592   0.0000   0.3943
   6.000   1.8401   0.02881   0.02078  -0.2674  0.4029  1.0000  -2.3244   0.0000   0.3827
   7.000   1.9355   0.03082   0.02280  -0.2644  0.3900  1.0000  -2.5210   0.0000   0.3721
   8.000   2.0181   0.03421   0.02667  -0.2597  0.3768  1.0000  -2.7725   0.0000   0.3623
   9.000   2.0855   0.03636   0.02921  -0.2517  0.3628  1.0000  -3.0766   0.0000   0.3523
  10.000   2.1616   0.03908   0.03215  -0.2459  0.3461  1.0000  -3.4095   0.0000   0.3432
  11.000   2.1739   0.04112   0.03476  -0.2281  0.3305  1.0000  -3.6348   0.0000   0.3322
  12.000   2.2124   0.04336   0.03716  -0.2163  0.3119  1.0000  -3.9410   0.0000   0.3227
  13.000   2.2051   0.04803   0.04245  -0.1994  0.2944  1.0000  -4.1629   0.0000   0.3131
  14.000   2.1954   0.05474   0.04971  -0.1861  0.2747  1.0000  -4.3761   0.0000   0.3049


