XFLR5 v6.09.05 beta

 Calculated polar for: 0s1223

 1 1 Reynolds number fixed          Mach number fixed         

 xtrf =   1.000 (top)        1.000 (bottom)
 Mach =   0.000     Re =     0.165 e 6     Ncrit =   9.000

  alpha     CL        CD       CDp       Cm    Top Xtr Bot Xtr   Cpmin    Chinge    XCp    
 ------- -------- --------- --------- -------- ------- ------- -------- --------- ---------
   0.000   1.1889   0.01908   0.01022  -0.2718  0.4967  0.2836  -1.4855   0.0000   0.4763
   1.000   1.3007   0.02069   0.01189  -0.2711  0.4752  0.3976  -1.6112   0.0000   0.4545
   2.000   1.4296   0.02207   0.01309  -0.2746  0.4567  0.4685  -1.7510   0.0000   0.4365
   3.000   1.5441   0.02341   0.01483  -0.2750  0.4427  0.6374  -1.8799   0.0000   0.4208
   4.000   1.6347   0.02449   0.01622  -0.2702  0.4304  1.0000  -2.0026   0.0000   0.4063
   5.000   1.7474   0.02791   0.01953  -0.2712  0.4169  1.0000  -2.1552   0.0000   0.3945
   6.000   1.8383   0.02988   0.02176  -0.2673  0.4071  1.0000  -2.3183   0.0000   0.3829
   7.000   1.9284   0.03202   0.02404  -0.2634  0.3939  1.0000  -2.5075   0.0000   0.3722
   8.000   2.0160   0.03570   0.02806  -0.2598  0.3798  1.0000  -2.7644   0.0000   0.3625
   9.000   2.0768   0.03809   0.03095  -0.2507  0.3664  1.0000  -3.0552   0.0000   0.3523
  10.000   2.1609   0.04062   0.03359  -0.2463  0.3483  1.0000  -3.4028   0.0000   0.3434
  11.000   2.1630   0.04329   0.03696  -0.2270  0.3340  1.0000  -3.6062   0.0000   0.3323
  12.000   2.2152   0.04471   0.03841  -0.2172  0.3138  1.0000  -3.9406   0.0000   0.3230
  13.000   2.1883   0.05029   0.04476  -0.1977  0.2970  1.0000  -4.1168   0.0000   0.3131
  14.000   2.1849   0.05639   0.05133  -0.1852  0.2776  1.0000  -4.3446   0.0000   0.3049


