XFLR5 v6.09.05 beta

 Calculated polar for: 0s1223

 1 1 Reynolds number fixed          Mach number fixed         

 xtrf =   1.000 (top)        1.000 (bottom)
 Mach =   0.000     Re =     0.130 e 6     Ncrit =   9.000

  alpha     CL        CD       CDp       Cm    Top Xtr Bot Xtr   Cpmin    Chinge    XCp    
 ------- -------- --------- --------- -------- ------- ------- -------- --------- ---------
   0.000   1.1886   0.02102   0.01202  -0.2721  0.5237  0.3274  -1.4755   0.0000   0.4767
   1.000   1.2979   0.02256   0.01351  -0.2707  0.4989  0.4285  -1.5993   0.0000   0.4548
   2.000   1.4249   0.02425   0.01513  -0.2740  0.4809  0.5037  -1.7318   0.0000   0.4369
   4.000   1.6303   0.02812   0.01942  -0.2703  0.4506  1.0000  -1.9794   0.0000   0.4070
   5.000   1.7261   0.03085   0.02240  -0.2676  0.4387  1.0000  -2.1162   0.0000   0.3945
   6.000   1.8234   0.03355   0.02507  -0.2652  0.4249  1.0000  -2.2870   0.0000   0.3831
   7.000   1.9033   0.03807   0.02989  -0.2604  0.4117  1.0000  -2.4567   0.0000   0.3726
   8.000   1.9676   0.04151   0.03398  -0.2524  0.3969  1.0000  -2.6593   0.0000   0.3622
   9.000   2.0496   0.04585   0.03842  -0.2482  0.3809  1.0000  -2.9824   0.0000   0.3530
  10.000   2.0520   0.05054   0.04388  -0.2303  0.3657  1.0000  -3.1688   0.0000   0.3422
  11.000   2.1337   0.05254   0.04603  -0.2255  0.3469  1.0000  -3.5187   0.0000   0.3333
  12.000   2.0121   0.06451   0.05904  -0.1953  0.3311  1.0000  -3.4635   0.0000   0.3227


