XFLR5 v6.09.05 beta

 Calculated polar for: 0s1223

 1 1 Reynolds number fixed          Mach number fixed         

 xtrf =   1.000 (top)        1.000 (bottom)
 Mach =   0.000     Re =     0.235 e 6     Ncrit =   9.000

  alpha     CL        CD       CDp       Cm    Top Xtr Bot Xtr   Cpmin    Chinge    XCp    
 ------- -------- --------- --------- -------- ------- ------- -------- --------- ---------
   0.000   1.1680   0.01728   0.00847  -0.2668  0.4657  0.0568  -1.4839   0.0000   0.4760
   1.000   1.2996   0.01832   0.00991  -0.2707  0.4457  0.3574  -1.6232   0.0000   0.4542
   2.000   1.4201   0.01911   0.01069  -0.2722  0.4305  0.4202  -1.7608   0.0000   0.4359
   3.000   1.5467   0.02063   0.01236  -0.2752  0.4150  0.5677  -1.9030   0.0000   0.4205
   4.000   1.6381   0.02123   0.01356  -0.2704  0.4058  1.0000  -2.0251   0.0000   0.4059
   5.000   1.7446   0.02280   0.01509  -0.2694  0.3952  1.0000  -2.1756   0.0000   0.3935
   6.000   1.8558   0.02558   0.01777  -0.2700  0.3816  1.0000  -2.3562   0.0000   0.3827
   7.000   1.9423   0.02694   0.01940  -0.2650  0.3729  1.0000  -2.5436   0.0000   0.3718
   8.000   2.0249   0.02835   0.02109  -0.2594  0.3599  1.0000  -2.8052   0.0000   0.3615
   9.000   2.1117   0.03107   0.02395  -0.2555  0.3458  1.0000  -3.1449   0.0000   0.3523
  10.000   2.1524   0.03258   0.02600  -0.2420  0.3330  1.0000  -3.4171   0.0000   0.3417
  11.000   2.2031   0.03461   0.02808  -0.2314  0.3138  1.0000  -3.7180   0.0000   0.3321
  12.000   2.2223   0.03763   0.03170  -0.2163  0.3000  1.0000  -3.9898   0.0000   0.3221
  13.000   2.2461   0.04169   0.03601  -0.2039  0.2815  1.0000  -4.2842   0.0000   0.3132
  14.000   2.2448   0.04794   0.04283  -0.1910  0.2597  1.0000  -4.5222   0.0000   0.3049
  15.000   2.2198   0.05906   0.05426  -0.1808  0.2292  1.0000  -4.6951   0.0000   0.2986
  16.000   2.1545   0.07867   0.07421  -0.1763  0.1936  1.0000  -4.7425   0.0000   0.2961


