XFLR5 v6.09.05 beta

 Calculated polar for: 0s1223

 1 1 Reynolds number fixed          Mach number fixed         

 xtrf =   1.000 (top)        1.000 (bottom)
 Mach =   0.000     Re =     0.155 e 6     Ncrit =   9.000

  alpha     CL        CD       CDp       Cm    Top Xtr Bot Xtr   Cpmin    Chinge    XCp    
 ------- -------- --------- --------- -------- ------- ------- -------- --------- ---------
   0.000   1.1875   0.01941   0.01061  -0.2716  0.5040  0.2931  -1.4819   0.0000   0.4764
   1.000   1.3016   0.02132   0.01238  -0.2714  0.4811  0.4040  -1.6090   0.0000   0.4546
   2.000   1.4252   0.02234   0.01340  -0.2737  0.4635  0.4763  -1.7445   0.0000   0.4365
   3.000   1.5444   0.02415   0.01547  -0.2752  0.4477  0.6512  -1.8757   0.0000   0.4209
   4.000   1.6329   0.02535   0.01702  -0.2701  0.4355  1.0000  -1.9956   0.0000   0.4065
   5.000   1.7417   0.02775   0.01931  -0.2698  0.4235  1.0000  -2.1484   0.0000   0.3942
   6.000   1.8365   0.03110   0.02286  -0.2673  0.4116  1.0000  -2.3122   0.0000   0.3830
   7.000   1.9206   0.03352   0.02555  -0.2623  0.3982  1.0000  -2.4926   0.0000   0.3722
   8.000   2.0145   0.03699   0.02920  -0.2598  0.3830  1.0000  -2.7575   0.0000   0.3626
   9.000   2.0683   0.03998   0.03281  -0.2497  0.3704  1.0000  -3.0336   0.0000   0.3524
  10.000   2.1430   0.04136   0.03442  -0.2430  0.3539  1.0000  -3.3649   0.0000   0.3429
  11.000   2.1521   0.04565   0.03933  -0.2260  0.3378  1.0000  -3.5770   0.0000   0.3324
  12.000   2.2056   0.04615   0.03984  -0.2160  0.3174  1.0000  -3.9129   0.0000   0.3230
  13.000   2.1653   0.05320   0.04772  -0.1956  0.3001  1.0000  -4.0556   0.0000   0.3131


