XFLR5 v6.09.05 beta

 Calculated polar for: 0s1223

 1 1 Reynolds number fixed          Mach number fixed         

 xtrf =   1.000 (top)        1.000 (bottom)
 Mach =   0.000     Re =     0.230 e 6     Ncrit =   9.000

  alpha     CL        CD       CDp       Cm    Top Xtr Bot Xtr   Cpmin    Chinge    XCp    
 ------- -------- --------- --------- -------- ------- ------- -------- --------- ---------
   0.000   1.1690   0.01737   0.00855  -0.2671  0.4675  0.0581  -1.4839   0.0000   0.4760
   1.000   1.3002   0.01850   0.01003  -0.2708  0.4471  0.3589  -1.6229   0.0000   0.4542
   2.000   1.4207   0.01925   0.01082  -0.2723  0.4321  0.4230  -1.7602   0.0000   0.4360
   3.000   1.5481   0.02086   0.01254  -0.2756  0.4159  0.5728  -1.9029   0.0000   0.4206
   4.000   1.6387   0.02145   0.01374  -0.2706  0.4072  1.0000  -2.0244   0.0000   0.4060
   5.000   1.7449   0.02304   0.01531  -0.2695  0.3965  1.0000  -2.1745   0.0000   0.3936
   6.000   1.8556   0.02577   0.01791  -0.2699  0.3826  1.0000  -2.3553   0.0000   0.3827
   7.000   1.9428   0.02727   0.01968  -0.2652  0.3741  1.0000  -2.5430   0.0000   0.3719
   8.000   2.0247   0.02871   0.02144  -0.2595  0.3610  1.0000  -2.8035   0.0000   0.3615
   9.000   2.1129   0.03149   0.02433  -0.2559  0.3465  1.0000  -3.1456   0.0000   0.3524
  10.000   2.1529   0.03299   0.02639  -0.2423  0.3340  1.0000  -3.4163   0.0000   0.3418
  11.000   2.2053   0.03495   0.02838  -0.2319  0.3143  1.0000  -3.7206   0.0000   0.3322
  12.000   2.2212   0.03799   0.03206  -0.2162  0.3008  1.0000  -3.9857   0.0000   0.3221
  13.000   2.2456   0.04196   0.03625  -0.2039  0.2821  1.0000  -4.2815   0.0000   0.3132
  14.000   2.2424   0.04827   0.04318  -0.1907  0.2609  1.0000  -4.5147   0.0000   0.3049
  15.000   2.2190   0.05917   0.05442  -0.1806  0.2314  1.0000  -4.6911   0.0000   0.2986
  16.000   2.1527   0.07875   0.07429  -0.1760  0.1962  1.0000  -4.7362   0.0000   0.2960


