XFLR5 v6.09.05 beta

 Calculated polar for: 0s1223

 1 1 Reynolds number fixed          Mach number fixed         

 xtrf =   1.000 (top)        1.000 (bottom)
 Mach =   0.000     Re =     0.190 e 6     Ncrit =   9.000

  alpha     CL        CD       CDp       Cm    Top Xtr Bot Xtr   Cpmin    Chinge    XCp    
 ------- -------- --------- --------- -------- ------- ------- -------- --------- ---------
   0.000   1.1901   0.01816   0.00952  -0.2720  0.4833  0.2562  -1.4907   0.0000   0.4762
   1.000   1.3005   0.01960   0.01091  -0.2710  0.4622  0.3810  -1.6175   0.0000   0.4544
   2.000   1.4270   0.02091   0.01217  -0.2739  0.4464  0.4475  -1.7552   0.0000   0.4363
   3.000   1.5431   0.02190   0.01347  -0.2745  0.4313  0.6064  -1.8897   0.0000   0.4206
   4.000   1.6450   0.02384   0.01563  -0.2724  0.4172  1.0000  -2.0186   0.0000   0.4065
   5.000   1.7462   0.02551   0.01748  -0.2704  0.4091  1.0000  -2.1636   0.0000   0.3940
   6.000   1.8433   0.02738   0.01943  -0.2676  0.3972  1.0000  -2.3336   0.0000   0.3826
   7.000   1.9448   0.03056   0.02256  -0.2664  0.3827  1.0000  -2.5349   0.0000   0.3725
   8.000   2.0200   0.03239   0.02498  -0.2596  0.3719  1.0000  -2.7820   0.0000   0.3620
   9.000   2.0967   0.03414   0.02694  -0.2532  0.3582  1.0000  -3.1047   0.0000   0.3522
  10.000   2.1600   0.03698   0.03018  -0.2450  0.3428  1.0000  -3.4141   0.0000   0.3427
  11.000   2.1864   0.03844   0.03199  -0.2294  0.3260  1.0000  -3.6689   0.0000   0.3321
  12.000   2.2124   0.04161   0.03552  -0.2157  0.3087  1.0000  -3.9495   0.0000   0.3224
  13.000   2.2225   0.04550   0.03985  -0.2012  0.2909  1.0000  -4.2123   0.0000   0.3131
  14.000   2.2109   0.05249   0.04748  -0.1875  0.2707  1.0000  -4.4218   0.0000   0.3048
  15.000   2.1884   0.06285   0.05825  -0.1777  0.2454  1.0000  -4.5970   0.0000   0.2985


