XFLR5 v6.09.05 beta

 Calculated polar for: 0s1223

 1 1 Reynolds number fixed          Mach number fixed         

 xtrf =   1.000 (top)        1.000 (bottom)
 Mach =   0.000     Re =     0.330 e 6     Ncrit =   9.000

  alpha     CL        CD       CDp       Cm    Top Xtr Bot Xtr   Cpmin    Chinge    XCp    
 ------- -------- --------- --------- -------- ------- ------- -------- --------- ---------
   0.000   1.1596   0.01577   0.00754  -0.2649  0.4415  0.0434  -1.4869   0.0000   0.4759
   1.000   1.2959   0.01651   0.00845  -0.2698  0.4191  0.3251  -1.6295   0.0000   0.4540
   2.000   1.4127   0.01714   0.00922  -0.2704  0.4088  0.3833  -1.7665   0.0000   0.4356
   3.000   1.5261   0.01799   0.01019  -0.2704  0.3965  0.4974  -1.9036   0.0000   0.4197
   4.000   1.6535   0.01946   0.01210  -0.2737  0.3818  0.8230  -2.0511   0.0000   0.4063
   6.000   1.8376   0.02151   0.01439  -0.2652  0.3670  1.0000  -2.3516   0.0000   0.3815
   7.000   1.9274   0.02299   0.01583  -0.2610  0.3554  1.0000  -2.5417   0.0000   0.3706
   8.000   2.0191   0.02492   0.01807  -0.2575  0.3440  1.0000  -2.8093   0.0000   0.3608
   9.000   2.0841   0.02630   0.01970  -0.2486  0.3327  1.0000  -3.1145   0.0000   0.3505
  10.000   2.1502   0.02843   0.02194  -0.2406  0.3143  1.0000  -3.4326   0.0000   0.3410
  11.000   2.1950   0.03043   0.02439  -0.2289  0.3028  1.0000  -3.7207   0.0000   0.3312
  12.000   2.2365   0.03365   0.02777  -0.2180  0.2847  1.0000  -4.0427   0.0000   0.3221
  13.000   2.2718   0.03744   0.03210  -0.2074  0.2664  1.0000  -4.3638   0.0000   0.3135
  14.000   2.2630   0.04554   0.04021  -0.1943  0.2245  1.0000  -4.5883   0.0000   0.3055
  15.000   2.2120   0.06083   0.05559  -0.1837  0.1768  1.0000  -4.6968   0.0000   0.3000
  16.000   2.1325   0.08412   0.07922  -0.1812  0.1461  1.0000  -4.7004   0.0000   0.2990
  17.000   2.0396   0.11143   0.10694  -0.1857  0.1248  1.0000  -4.6260   0.0000   0.3022


