XFLR5 v6.09.05 beta

 Calculated polar for: 10s1223

 1 1 Reynolds number fixed          Mach number fixed         

 xtrf =   1.000 (top)        1.000 (bottom)
 Mach =   0.000     Re =     0.015 e 6     Ncrit =   9.000

  alpha     CL        CD       CDp       Cm    Top Xtr Bot Xtr   Cpmin    Chinge    XCp    
 ------- -------- --------- --------- -------- ------- ------- -------- --------- ---------
   0.000  -0.0579   0.11318   0.10643  -0.0029  1.0000  1.0000  -0.7393   0.0000   0.1760
   1.000  -0.0668   0.11021   0.10373  -0.0012  1.0000  1.0000  -0.7553   0.0000   0.2135
   2.000  -0.1775   0.10525   0.09921   0.0234  1.0000  0.9576  -0.8311   0.0000   0.3736
   3.000  -0.2630   0.10171   0.09597   0.0359  1.0000  0.8534  -0.9038   0.0000   0.3806
   4.000   0.3860   0.12538   0.11764  -0.1332  1.0000  0.5498  -0.6786   0.0000   0.5876
   9.000   1.0634   0.21708   0.20498  -0.2554  0.9369  1.0000  -1.0078   0.0000   0.4717
  10.000   1.1164   0.23215   0.22000  -0.2622  0.9095  1.0000  -1.0616   0.0000   0.4642
  11.000   1.1620   0.24513   0.23312  -0.2677  0.8718  1.0000  -1.1211   0.0000   0.4576
  12.000   1.2004   0.25957   0.24796  -0.2724  0.8342  1.0000  -1.1827   0.0000   0.4518
  13.000   1.2379   0.27562   0.26432  -0.2768  0.7902  1.0000  -1.2463   0.0000   0.4463
  14.000   1.2706   0.29443   0.28348  -0.2806  0.7433  1.0000  -1.3080   0.0000   0.4411
  15.000   1.3052   0.31558   0.30509  -0.2835  0.6820  1.0000  -1.3581   0.0000   0.4353
  16.000   1.3148   0.33379   0.32417  -0.2845  0.6386  1.0000  -1.3638   0.0000   0.4319
  17.000   1.3039   0.34891   0.33984  -0.2818  0.5846  1.0000  -1.3444   0.0000   0.4291
  18.000   1.2884   0.36966   0.36124  -0.2763  0.5348  1.0000  -1.3027   0.0000   0.4251


