XFLR5 v6.09.05 beta

 Calculated polar for: 15s1223

 1 1 Reynolds number fixed          Mach number fixed         

 xtrf =   1.000 (top)        1.000 (bottom)
 Mach =   0.000     Re =     0.255 e 6     Ncrit =   9.000

  alpha     CL        CD       CDp       Cm    Top Xtr Bot Xtr   Cpmin    Chinge    XCp    
 ------- -------- --------- --------- -------- ------- ------- -------- --------- ---------
   0.000   1.5594   0.04228   0.03494  -0.2944  0.4403  0.3662  -1.8379   0.0000   0.4349
   1.000   1.6750   0.04321   0.03565  -0.2946  0.4217  0.4208  -1.9809   0.0000   0.4201
   2.000   1.7726   0.04449   0.03716  -0.2918  0.4109  0.4949  -2.1086   0.0000   0.4069
   3.000   1.8611   0.04602   0.03894  -0.2875  0.4000  0.5662  -2.2380   0.0000   0.3949
   4.000   1.9481   0.04712   0.04007  -0.2828  0.3880  0.6240  -2.3834   0.0000   0.3836
   5.000   2.0339   0.04860   0.04192  -0.2782  0.3778  0.6756  -2.5613   0.0000   0.3732
   6.000   2.0948   0.05167   0.04532  -0.2705  0.3663  0.7216  -2.7463   0.0000   0.3633
   7.000   2.1690   0.05445   0.04819  -0.2652  0.3527  0.7672  -3.0703   0.0000   0.3542
   8.000   2.2228   0.05857   0.05281  -0.2575  0.3390  0.8069  -3.3675   0.0000   0.3455
   9.000   2.2500   0.06359   0.05805  -0.2466  0.3216  0.8460  -3.6273   0.0000   0.3366
  19.000   1.9709   0.22404   0.22120  -0.2392  0.0747  1.0000  -5.2938   0.0000   0.3157
  20.000   1.9443   0.24465   0.24190  -0.2456  0.0639  1.0000  -5.7421   0.0000   0.3169
  21.000   1.9195   0.26520   0.26293  -0.2515  0.0576  1.0000  -6.2258   0.0000   0.3176
  22.000   1.8765   0.28927   0.28716  -0.2576  0.0494  1.0000  -6.5976   0.0000   0.3198


