XFLR5 v6.09.05 beta

 Calculated polar for: 15s1223

 1 1 Reynolds number fixed          Mach number fixed         

 xtrf =   1.000 (top)        1.000 (bottom)
 Mach =   0.000     Re =     0.320 e 6     Ncrit =   9.000

  alpha     CL        CD       CDp       Cm    Top Xtr Bot Xtr   Cpmin    Chinge    XCp    
 ------- -------- --------- --------- -------- ------- ------- -------- --------- ---------
   0.000   1.5663   0.04272   0.03553  -0.2963  0.4201  0.3516  -1.8487   0.0000   0.4352
   1.000   1.6645   0.04444   0.03733  -0.2938  0.4091  0.3995  -1.9781   0.0000   0.4206
   2.000   1.7577   0.04604   0.03900  -0.2904  0.3972  0.4705  -2.1050   0.0000   0.4074
   3.000   1.8654   0.04612   0.03913  -0.2888  0.3824  0.5492  -2.2490   0.0000   0.3951
   4.000   1.9406   0.04815   0.04143  -0.2827  0.3761  0.6066  -2.3821   0.0000   0.3839
   5.000   2.0101   0.05011   0.04361  -0.2756  0.3664  0.6539  -2.5421   0.0000   0.3733
   6.000   2.0782   0.05223   0.04594  -0.2687  0.3537  0.6946  -2.7328   0.0000   0.3633
   7.000   2.1543   0.05462   0.04863  -0.2635  0.3424  0.7330  -3.0518   0.0000   0.3541
   8.000   2.1981   0.05945   0.05385  -0.2545  0.3287  0.7660  -3.3330   0.0000   0.3452
   9.000   2.2488   0.06366   0.05819  -0.2469  0.3107  0.7991  -3.6349   0.0000   0.3367
  20.000   1.9542   0.24476   0.24204  -0.2470  0.0574  1.0000  -5.8702   0.0000   0.3169
  21.000   1.9182   0.26805   0.26548  -0.2540  0.0488  1.0000  -6.2663   0.0000   0.3189
  22.000   1.8859   0.28948   0.28736  -0.2591  0.0439  1.0000  -6.7303   0.0000   0.3198


