XFLR5 v6.09.05 beta

 Calculated polar for: 15s1223

 1 1 Reynolds number fixed          Mach number fixed         

 xtrf =   1.000 (top)        1.000 (bottom)
 Mach =   0.000     Re =     0.195 e 6     Ncrit =   9.000

  alpha     CL        CD       CDp       Cm    Top Xtr Bot Xtr   Cpmin    Chinge    XCp    
 ------- -------- --------- --------- -------- ------- ------- -------- --------- ---------
   0.000   1.5694   0.04097   0.03323  -0.2949  0.4606  0.3958  -1.8398   0.0000   0.4342
   1.000   1.6829   0.04234   0.03460  -0.2950  0.4451  0.4490  -1.9769   0.0000   0.4197
   2.000   1.7793   0.04391   0.03623  -0.2920  0.4299  0.5206  -2.1031   0.0000   0.4066
   3.000   1.8953   0.04452   0.03693  -0.2919  0.4165  0.5958  -2.2572   0.0000   0.3947
   4.000   1.9643   0.04687   0.03962  -0.2846  0.4067  0.6549  -2.3861   0.0000   0.3835
   5.000   2.0416   0.04911   0.04221  -0.2789  0.3946  0.7115  -2.5590   0.0000   0.3732
   6.000   2.1439   0.05180   0.04504  -0.2780  0.3800  0.7743  -2.8155   0.0000   0.3642
   7.000   2.1827   0.05631   0.05004  -0.2675  0.3675  0.8214  -3.0776   0.0000   0.3547
  18.000   2.0006   0.19961   0.19662  -0.2281  0.1032  1.0000  -4.8803   0.0000   0.3122
  19.000   1.9640   0.22250   0.21982  -0.2363  0.0874  1.0000  -5.1760   0.0000   0.3148
  20.000   1.9340   0.24426   0.24187  -0.2434  0.0752  1.0000  -5.5878   0.0000   0.3165
  21.000   1.9085   0.26452   0.26229  -0.2490  0.0656  1.0000  -6.0628   0.0000   0.3172
  22.000   1.8134   0.30127   0.29980  -0.2576  0.0599  1.0000  -6.0060   0.0000   0.3248


