XFLR5 v6.09.05 beta

 Calculated polar for: 15s1223

 1 1 Reynolds number fixed          Mach number fixed         

 xtrf =   1.000 (top)        1.000 (bottom)
 Mach =   0.000     Re =     0.205 e 6     Ncrit =   9.000

  alpha     CL        CD       CDp       Cm    Top Xtr Bot Xtr   Cpmin    Chinge    XCp    
 ------- -------- --------- --------- -------- ------- ------- -------- --------- ---------
   0.000   1.5778   0.04073   0.03300  -0.2964  0.4549  0.3918  -1.8476   0.0000   0.4342
   1.000   1.6784   0.04261   0.03496  -0.2945  0.4410  0.4428  -1.9752   0.0000   0.4198
   2.000   1.7806   0.04389   0.03619  -0.2923  0.4254  0.5167  -2.1073   0.0000   0.4067
   3.000   1.8846   0.04478   0.03733  -0.2903  0.4139  0.5882  -2.2497   0.0000   0.3947
   4.000   1.9574   0.04691   0.03974  -0.2836  0.4032  0.6485  -2.3814   0.0000   0.3835
   5.000   2.0384   0.04887   0.04195  -0.2784  0.3913  0.7043  -2.5585   0.0000   0.3731
   6.000   2.1318   0.05163   0.04497  -0.2761  0.3779  0.7625  -2.7979   0.0000   0.3639
   7.000   2.1799   0.05581   0.04956  -0.2670  0.3646  0.8103  -3.0762   0.0000   0.3546
   8.000   2.2598   0.05838   0.05233  -0.2628  0.3467  0.8781  -3.4216   0.0000   0.3461
  18.000   1.9986   0.20075   0.19772  -0.2292  0.0994  1.0000  -4.8706   0.0000   0.3129
  19.000   1.9646   0.22278   0.21991  -0.2369  0.0832  1.0000  -5.1986   0.0000   0.3150
  20.000   1.9352   0.24463   0.24222  -0.2440  0.0732  1.0000  -5.6121   0.0000   0.3167
  21.000   1.9149   0.26332   0.26103  -0.2489  0.0637  1.0000  -6.1306   0.0000   0.3166
  22.000   1.8366   0.29675   0.29517  -0.2575  0.0580  1.0000  -6.2006   0.0000   0.3229


