XFLR5 v6.09.05 beta

 Calculated polar for: 15s1223

 1 1 Reynolds number fixed          Mach number fixed         

 xtrf =   1.000 (top)        1.000 (bottom)
 Mach =   0.000     Re =     0.165 e 6     Ncrit =   9.000

  alpha     CL        CD       CDp       Cm    Top Xtr Bot Xtr   Cpmin    Chinge    XCp    
 ------- -------- --------- --------- -------- ------- ------- -------- --------- ---------
   0.000   1.5676   0.04069   0.03286  -0.2941  0.4780  0.4115  -1.8320   0.0000   0.4340
   1.000   1.7042   0.04149   0.03336  -0.2979  0.4575  0.4716  -1.9887   0.0000   0.4194
   2.000   1.7925   0.04346   0.03561  -0.2935  0.4439  0.5392  -2.1036   0.0000   0.4064
   3.000   1.8845   0.04521   0.03755  -0.2898  0.4308  0.6095  -2.2386   0.0000   0.3945
   4.000   1.9984   0.04694   0.03931  -0.2899  0.4170  0.6817  -2.4132   0.0000   0.3839
   5.000   2.0577   0.05045   0.04344  -0.2817  0.4064  0.7442  -2.5655   0.0000   0.3736
   6.000   2.1369   0.05356   0.04676  -0.2771  0.3920  0.8079  -2.7937   0.0000   0.3642
   7.000   2.2037   0.05788   0.05146  -0.2712  0.3771  0.8777  -3.1014   0.0000   0.3554
  18.000   2.0042   0.19661   0.19397  -0.2244  0.1165  1.0000  -4.8773   0.0000   0.3103
  19.000   1.9770   0.21651   0.21399  -0.2309  0.0988  1.0000  -5.2134   0.0000   0.3114
  20.000   1.9323   0.24233   0.24011  -0.2404  0.0851  1.0000  -5.5114   0.0000   0.3151


