XFLR5 v6.09.05 beta

 Calculated polar for: 15s1223

 1 1 Reynolds number fixed          Mach number fixed         

 xtrf =   1.000 (top)        1.000 (bottom)
 Mach =   0.000     Re =     0.285 e 6     Ncrit =   9.000

  alpha     CL        CD       CDp       Cm    Top Xtr Bot Xtr   Cpmin    Chinge    XCp    
 ------- -------- --------- --------- -------- ------- ------- -------- --------- ---------
   0.000   1.5591   0.04278   0.03556  -0.2949  0.4317  0.3595  -1.8407   0.0000   0.4352
   1.000   1.6702   0.04368   0.03632  -0.2942  0.4152  0.4089  -1.9796   0.0000   0.4203
   2.000   1.7630   0.04535   0.03821  -0.2908  0.4042  0.4825  -2.1048   0.0000   0.4072
   3.000   1.8522   0.04673   0.03971  -0.2866  0.3929  0.5548  -2.2345   0.0000   0.3950
   4.000   1.9559   0.04697   0.04004  -0.2844  0.3804  0.6172  -2.3937   0.0000   0.3838
   5.000   2.0195   0.04938   0.04276  -0.2765  0.3724  0.6634  -2.5490   0.0000   0.3732
   6.000   2.0830   0.05199   0.04568  -0.2690  0.3605  0.7058  -2.7354   0.0000   0.3633
   7.000   2.1712   0.05383   0.04763  -0.2656  0.3458  0.7484  -3.0770   0.0000   0.3543
   8.000   2.2091   0.05893   0.05327  -0.2557  0.3340  0.7838  -3.3479   0.0000   0.3453
   9.000   2.2599   0.06273   0.05709  -0.2480  0.3131  0.8209  -3.6514   0.0000   0.3367
  19.000   1.9741   0.22446   0.22151  -0.2400  0.0701  1.0000  -5.3414   0.0000   0.3160
  20.000   1.9482   0.24505   0.24238  -0.2465  0.0612  1.0000  -5.7972   0.0000   0.3170
  21.000   1.9177   0.26700   0.26460  -0.2530  0.0537  1.0000  -6.2385   0.0000   0.3185
  22.000   1.8805   0.28961   0.28751  -0.2585  0.0471  1.0000  -6.6579   0.0000   0.3199


