XFLR5 v6.09.05 beta

 Calculated polar for: 15s1223

 1 1 Reynolds number fixed          Mach number fixed         

 xtrf =   1.000 (top)        1.000 (bottom)
 Mach =   0.000     Re =     0.350 e 6     Ncrit =   9.000

  alpha     CL        CD       CDp       Cm    Top Xtr Bot Xtr   Cpmin    Chinge    XCp    
 ------- -------- --------- --------- -------- ------- ------- -------- --------- ---------
   0.000   1.5675   0.04302   0.03599  -0.2969  0.4159  0.3451  -1.8514   0.0000   0.4354
   1.000   1.6629   0.04488   0.03791  -0.2939  0.4039  0.3922  -1.9795   0.0000   0.4208
   2.000   1.7554   0.04636   0.03935  -0.2903  0.3910  0.4588  -2.1060   0.0000   0.4075
   3.000   1.8567   0.04689   0.04011  -0.2879  0.3798  0.5402  -2.2436   0.0000   0.3953
   4.000   1.9340   0.04877   0.04221  -0.2821  0.3720  0.5997  -2.3782   0.0000   0.3840
   5.000   2.0046   0.05068   0.04427  -0.2752  0.3620  0.6472  -2.5387   0.0000   0.3734
   6.000   2.0904   0.05165   0.04541  -0.2707  0.3465  0.6871  -2.7500   0.0000   0.3635
   7.000   2.1426   0.05544   0.04957  -0.2622  0.3392  0.7204  -3.0342   0.0000   0.3541
   8.000   2.1896   0.05985   0.05425  -0.2535  0.3247  0.7524  -3.3206   0.0000   0.3451
   9.000   2.2395   0.06451   0.05917  -0.2460  0.3083  0.7837  -3.6201   0.0000   0.3367
  10.000   2.2818   0.06945   0.06446  -0.2380  0.2935  0.8142  -3.9313   0.0000   0.3285
  11.000   2.3202   0.07447   0.06983  -0.2301  0.2741  0.8495  -4.2621   0.0000   0.3208
  20.000   1.9555   0.24534   0.24254  -0.2477  0.0541  1.0000  -5.8975   0.0000   0.3172
  21.000   1.9238   0.26753   0.26501  -0.2542  0.0471  1.0000  -6.3322   0.0000   0.3187
  22.000   1.8837   0.29098   0.28878  -0.2600  0.0410  1.0000  -6.7307   0.0000   0.3205


