XFLR5 v6.09.05 beta

 Calculated polar for: 15s1223

 1 1 Reynolds number fixed          Mach number fixed         

 xtrf =   1.000 (top)        1.000 (bottom)
 Mach =   0.000     Re =     0.245 e 6     Ncrit =   9.000

  alpha     CL        CD       CDp       Cm    Top Xtr Bot Xtr   Cpmin    Chinge    XCp    
 ------- -------- --------- --------- -------- ------- ------- -------- --------- ---------
   0.000   1.5635   0.04209   0.03469  -0.2950  0.4432  0.3719  -1.8401   0.0000   0.4348
   1.000   1.6705   0.04341   0.03587  -0.2939  0.4262  0.4239  -1.9761   0.0000   0.4201
   2.000   1.7770   0.04419   0.03677  -0.2923  0.4132  0.4996  -2.1108   0.0000   0.4069
   3.000   1.8641   0.04579   0.03867  -0.2878  0.4026  0.5697  -2.2389   0.0000   0.3948
   4.000   1.9454   0.04720   0.04015  -0.2822  0.3913  0.6268  -2.3792   0.0000   0.3835
   5.000   2.0408   0.04837   0.04161  -0.2792  0.3794  0.6818  -2.5675   0.0000   0.3732
   6.000   2.0999   0.05158   0.04519  -0.2712  0.3685  0.7288  -2.7527   0.0000   0.3634
   7.000   2.1679   0.05471   0.04847  -0.2650  0.3553  0.7741  -3.0665   0.0000   0.3542
   8.000   2.2275   0.05851   0.05270  -0.2582  0.3408  0.8157  -3.3739   0.0000   0.3455
  19.000   1.9688   0.22410   0.22127  -0.2389  0.0763  1.0000  -5.2689   0.0000   0.3158
  20.000   1.9416   0.24493   0.24222  -0.2455  0.0654  1.0000  -5.7118   0.0000   0.3170
  21.000   1.9178   0.26516   0.26291  -0.2512  0.0589  1.0000  -6.2009   0.0000   0.3176
  22.000   1.8700   0.29062   0.28862  -0.2577  0.0513  1.0000  -6.5323   0.0000   0.3204


