XFLR5 v6.09.05 beta

 Calculated polar for: 15s1223

 1 1 Reynolds number fixed          Mach number fixed         

 xtrf =   1.000 (top)        1.000 (bottom)
 Mach =   0.000     Re =     0.240 e 6     Ncrit =   9.000

  alpha     CL        CD       CDp       Cm    Top Xtr Bot Xtr   Cpmin    Chinge    XCp    
 ------- -------- --------- --------- -------- ------- ------- -------- --------- ---------
   0.000   1.5652   0.04197   0.03454  -0.2952  0.4447  0.3747  -1.8410   0.0000   0.4348
   1.000   1.6703   0.04339   0.03585  -0.2938  0.4282  0.4259  -1.9751   0.0000   0.4201
   2.000   1.7795   0.04405   0.03657  -0.2926  0.4142  0.5019  -2.1121   0.0000   0.4068
   3.000   1.8656   0.04569   0.03854  -0.2880  0.4039  0.5714  -2.2394   0.0000   0.3948
   4.000   1.9454   0.04718   0.04013  -0.2822  0.3928  0.6287  -2.3782   0.0000   0.3835
   5.000   2.0451   0.04825   0.04144  -0.2798  0.3801  0.6853  -2.5715   0.0000   0.3733
   6.000   2.1022   0.05157   0.04516  -0.2715  0.3697  0.7325  -2.7557   0.0000   0.3634
   7.000   2.1690   0.05479   0.04855  -0.2652  0.3564  0.7778  -3.0674   0.0000   0.3542
   8.000   2.2303   0.05848   0.05264  -0.2586  0.3416  0.8203  -3.3779   0.0000   0.3456
   9.000   2.2513   0.06367   0.05820  -0.2467  0.3247  0.8734  -3.6256   0.0000   0.3367
  19.000   1.9677   0.22411   0.22128  -0.2388  0.0771  1.0000  -5.2563   0.0000   0.3158
  20.000   1.9400   0.24518   0.24251  -0.2455  0.0666  1.0000  -5.6940   0.0000   0.3171
  21.000   1.9170   0.26511   0.26287  -0.2510  0.0596  1.0000  -6.1886   0.0000   0.3176
  22.000   1.8678   0.29097   0.28903  -0.2577  0.0522  1.0000  -6.5077   0.0000   0.3205


