XFLR5 v6.09.05 beta

 Calculated polar for: 15s1223

 1 1 Reynolds number fixed          Mach number fixed         

 xtrf =   1.000 (top)        1.000 (bottom)
 Mach =   0.000     Re =     0.335 e 6     Ncrit =   9.000

  alpha     CL        CD       CDp       Cm    Top Xtr Bot Xtr   Cpmin    Chinge    XCp    
 ------- -------- --------- --------- -------- ------- ------- -------- --------- ---------
   0.000   1.5680   0.04278   0.03566  -0.2967  0.4174  0.3484  -1.8509   0.0000   0.4353
   1.000   1.6635   0.04467   0.03764  -0.2939  0.4065  0.3957  -1.9787   0.0000   0.4207
   2.000   1.7562   0.04625   0.03923  -0.2904  0.3942  0.4650  -2.1053   0.0000   0.4075
   3.000   1.8609   0.04650   0.03961  -0.2883  0.3810  0.5447  -2.2462   0.0000   0.3952
   4.000   1.9367   0.04848   0.04184  -0.2823  0.3740  0.6028  -2.3796   0.0000   0.3840
   5.000   2.0072   0.05038   0.04393  -0.2754  0.3641  0.6505  -2.5403   0.0000   0.3733
   6.000   2.0855   0.05186   0.04557  -0.2698  0.3495  0.6909  -2.7430   0.0000   0.3634
   7.000   2.1485   0.05499   0.04907  -0.2628  0.3408  0.7264  -3.0433   0.0000   0.3541
   8.000   2.1938   0.05968   0.05409  -0.2540  0.3267  0.7590  -3.3270   0.0000   0.3451
   9.000   2.2444   0.06403   0.05863  -0.2464  0.3095  0.7900  -3.6282   0.0000   0.3367
  10.000   2.2810   0.06937   0.06437  -0.2377  0.2953  0.8217  -3.9273   0.0000   0.3285
  20.000   1.9553   0.24495   0.24220  -0.2473  0.0557  1.0000  -5.8879   0.0000   0.3170
  21.000   1.9206   0.26791   0.26538  -0.2542  0.0481  1.0000  -6.2966   0.0000   0.3189
  22.000   1.8850   0.29020   0.28805  -0.2596  0.0425  1.0000  -6.7324   0.0000   0.3201


