XFLR5 v6.09.05 beta

 Calculated polar for: 15s1223

 1 1 Reynolds number fixed          Mach number fixed         

 xtrf =   1.000 (top)        1.000 (bottom)
 Mach =   0.000     Re =     0.235 e 6     Ncrit =   9.000

  alpha     CL        CD       CDp       Cm    Top Xtr Bot Xtr   Cpmin    Chinge    XCp    
 ------- -------- --------- --------- -------- ------- ------- -------- --------- ---------
   0.000   1.5667   0.04182   0.03437  -0.2954  0.4462  0.3772  -1.8417   0.0000   0.4347
   1.000   1.6707   0.04331   0.03578  -0.2938  0.4300  0.4280  -1.9746   0.0000   0.4201
   2.000   1.7824   0.04389   0.03635  -0.2930  0.4153  0.5042  -2.1137   0.0000   0.4068
   3.000   1.8672   0.04559   0.03841  -0.2881  0.4053  0.5732  -2.2399   0.0000   0.3948
   4.000   1.9463   0.04712   0.04007  -0.2822  0.3941  0.6308  -2.3781   0.0000   0.3835
   5.000   2.0494   0.04816   0.04130  -0.2804  0.3808  0.6891  -2.5754   0.0000   0.3733
   6.000   2.1046   0.05157   0.04514  -0.2718  0.3708  0.7363  -2.7587   0.0000   0.3635
   7.000   2.1706   0.05485   0.04861  -0.2654  0.3575  0.7815  -3.0689   0.0000   0.3543
   8.000   2.2335   0.05846   0.05258  -0.2590  0.3424  0.8248  -3.3825   0.0000   0.3456
   9.000   2.2518   0.06367   0.05822  -0.2467  0.3258  0.8956  -3.6250   0.0000   0.3367
  19.000   1.9667   0.22409   0.22126  -0.2386  0.0778  1.0000  -5.2444   0.0000   0.3157
  20.000   1.9393   0.24515   0.24252  -0.2453  0.0676  1.0000  -5.6833   0.0000   0.3171
  21.000   1.9161   0.26505   0.26281  -0.2508  0.0603  1.0000  -6.1762   0.0000   0.3175
  22.000   1.8655   0.29132   0.28943  -0.2576  0.0530  1.0000  -6.4823   0.0000   0.3206


