XFLR5 v6.09.05 beta

 Calculated polar for: 15s1223

 1 1 Reynolds number fixed          Mach number fixed         

 xtrf =   1.000 (top)        1.000 (bottom)
 Mach =   0.000     Re =     0.210 e 6     Ncrit =   9.000

  alpha     CL        CD       CDp       Cm    Top Xtr Bot Xtr   Cpmin    Chinge    XCp    
 ------- -------- --------- --------- -------- ------- ------- -------- --------- ---------
   0.000   1.5751   0.04094   0.03327  -0.2961  0.4536  0.3890  -1.8460   0.0000   0.4343
   1.000   1.6766   0.04273   0.03512  -0.2943  0.4391  0.4399  -1.9748   0.0000   0.4199
   2.000   1.7842   0.04376   0.03604  -0.2930  0.4229  0.5154  -2.1114   0.0000   0.4067
   3.000   1.8802   0.04495   0.03756  -0.2897  0.4126  0.5849  -2.2467   0.0000   0.3947
   4.000   1.9547   0.04694   0.03980  -0.2832  0.4015  0.6450  -2.3800   0.0000   0.3835
   5.000   2.0373   0.04875   0.04182  -0.2782  0.3896  0.7012  -2.5585   0.0000   0.3731
   6.000   2.1254   0.05164   0.04502  -0.2750  0.3767  0.7569  -2.7883   0.0000   0.3638
   7.000   2.1787   0.05558   0.04934  -0.2668  0.3633  0.8050  -3.0759   0.0000   0.3545
  19.000   1.9666   0.22250   0.21956  -0.2370  0.0813  1.0000  -5.2202   0.0000   0.3149
  20.000   1.9364   0.24462   0.24219  -0.2442  0.0723  1.0000  -5.6285   0.0000   0.3167
  21.000   1.9144   0.26385   0.26158  -0.2494  0.0632  1.0000  -6.1327   0.0000   0.3169
  22.000   1.8440   0.29529   0.29366  -0.2574  0.0571  1.0000  -6.2682   0.0000   0.3223


