XFLR5 v6.09.05 beta

 Calculated polar for: 15s1223

 1 1 Reynolds number fixed          Mach number fixed         

 xtrf =   1.000 (top)        1.000 (bottom)
 Mach =   0.000     Re =     0.295 e 6     Ncrit =   9.000

  alpha     CL        CD       CDp       Cm    Top Xtr Bot Xtr   Cpmin    Chinge    XCp    
 ------- -------- --------- --------- -------- ------- ------- -------- --------- ---------
   0.000   1.5596   0.04289   0.03568  -0.2951  0.4288  0.3570  -1.8419   0.0000   0.4353
   1.000   1.6678   0.04395   0.03667  -0.2940  0.4135  0.4062  -1.9786   0.0000   0.4204
   2.000   1.7612   0.04557   0.03847  -0.2907  0.4021  0.4789  -2.1047   0.0000   0.4072
   3.000   1.8520   0.04681   0.03980  -0.2867  0.3903  0.5525  -2.2355   0.0000   0.3950
   4.000   1.9505   0.04736   0.04050  -0.2838  0.3793  0.6141  -2.3895   0.0000   0.3838
   5.000   2.0163   0.04963   0.04305  -0.2762  0.3706  0.6606  -2.5465   0.0000   0.3732
   6.000   2.0792   0.05210   0.04581  -0.2685  0.3588  0.7019  -2.7316   0.0000   0.3632
   7.000   2.1648   0.05405   0.04792  -0.2647  0.3450  0.7438  -3.0671   0.0000   0.3542
   8.000   2.2054   0.05909   0.05345  -0.2553  0.3324  0.7788  -3.3428   0.0000   0.3452
   9.000   2.2560   0.06302   0.05744  -0.2476  0.3125  0.8144  -3.6453   0.0000   0.3367
  10.000   2.2798   0.06912   0.06411  -0.2372  0.3003  0.8557  -3.9176   0.0000   0.3284
  19.000   1.9738   0.22488   0.22190  -0.2404  0.0686  1.0000  -5.3456   0.0000   0.3162
  20.000   1.9503   0.24491   0.24223  -0.2466  0.0602  1.0000  -5.8214   0.0000   0.3170
  21.000   1.9167   0.26767   0.26523  -0.2534  0.0524  1.0000  -6.2374   0.0000   0.3188
  22.000   1.8822   0.28957   0.28748  -0.2587  0.0462  1.0000  -6.6802   0.0000   0.3199


