XFLR5 v6.09.05 beta

 Calculated polar for: 15s1223

 1 1 Reynolds number fixed          Mach number fixed         

 xtrf =   1.000 (top)        1.000 (bottom)
 Mach =   0.000     Re =     0.010 e 6     Ncrit =   9.000

  alpha     CL        CD       CDp       Cm    Top Xtr Bot Xtr   Cpmin    Chinge    XCp    
 ------- -------- --------- --------- -------- ------- ------- -------- --------- ---------
   0.000  -0.0591   0.11709   0.10860  -0.0026  1.0000  1.0000  -0.7897   0.0000   0.1856
   1.000  -0.1098   0.11364   0.10556   0.0084  1.0000  0.9820  -0.8287   0.0000   0.3148
   2.000  -0.2384   0.10923   0.10171   0.0350  1.0000  0.9247  -0.9278   0.0000   0.3898
   3.000  -0.0998   0.11241   0.10454  -0.0062  1.0000  0.7762  -0.8447   0.0000   0.1840
   4.000   0.2693   0.12712   0.11809  -0.0897  1.0000  0.7872  -0.7339   0.0000   0.5718
  10.000   1.1311   0.26231   0.24804  -0.2615  0.9991  1.0000  -1.0815   0.0000   0.4571
  11.000   1.1733   0.27218   0.25845  -0.2685  0.9822  1.0000  -1.1351   0.0000   0.4522
  12.000   1.2102   0.28501   0.27162  -0.2748  0.9570  1.0000  -1.1945   0.0000   0.4478
  13.000   1.2431   0.30069   0.28774  -0.2805  0.9243  1.0000  -1.2481   0.0000   0.4439
  14.000   1.2743   0.32150   0.30905  -0.2862  0.8918  1.0000  -1.3012   0.0000   0.4403
  15.000   1.2923   0.33852   0.32666  -0.2895  0.8524  1.0000  -1.3191   0.0000   0.4371
  16.000   1.3023   0.35848   0.34778  -0.2913  0.8107  1.0000  -1.3226   0.0000   0.4341
  17.000   1.3068   0.38036   0.37039  -0.2913  0.7582  1.0000  -1.3214   0.0000   0.4309
  18.000   1.2190   0.38547   0.37662  -0.2713  0.6852  1.0000  -1.1577   0.0000   0.4287
  19.000   1.1154   0.36079   0.35290  -0.2497  0.6210  1.0000  -0.9927   0.0000   0.4280
  23.000   1.0496   0.37079   0.36551  -0.2392  0.4867  1.0000  -0.9228   0.0000   0.4202
  24.000   1.0533   0.38623   0.38144  -0.2401  0.4543  1.0000  -0.9481   0.0000   0.4169
  25.000   1.0275   0.37787   0.37360  -0.2380  0.4285  1.0000  -0.9980   0.0000   0.4170


