XFLR5 v6.09.05 beta

 Calculated polar for: 15s1223

 1 1 Reynolds number fixed          Mach number fixed         

 xtrf =   1.000 (top)        1.000 (bottom)
 Mach =   0.000     Re =     0.270 e 6     Ncrit =   9.000

  alpha     CL        CD       CDp       Cm    Top Xtr Bot Xtr   Cpmin    Chinge    XCp    
 ------- -------- --------- --------- -------- ------- ------- -------- --------- ---------
   0.000   1.5590   0.04256   0.03530  -0.2947  0.4360  0.3631  -1.8392   0.0000   0.4351
   1.000   1.6765   0.04315   0.03564  -0.2950  0.4173  0.4138  -1.9834   0.0000   0.4202
   2.000   1.7667   0.04497   0.03775  -0.2911  0.4075  0.4882  -2.1058   0.0000   0.4071
   3.000   1.8557   0.04645   0.03941  -0.2869  0.3964  0.5606  -2.2355   0.0000   0.3950
   4.000   1.9639   0.04650   0.03945  -0.2854  0.3819  0.6222  -2.3996   0.0000   0.3838
   5.000   2.0263   0.04895   0.04237  -0.2773  0.3751  0.6686  -2.5547   0.0000   0.3732
   6.000   2.0883   0.05182   0.04550  -0.2697  0.3633  0.7127  -2.7403   0.0000   0.3633
   7.000   2.1851   0.05360   0.04731  -0.2677  0.3469  0.7598  -3.0997   0.0000   0.3545
   8.000   2.2166   0.05870   0.05299  -0.2567  0.3364  0.7944  -3.3591   0.0000   0.3454
   9.000   2.2515   0.06337   0.05776  -0.2468  0.3179  0.8306  -3.6335   0.0000   0.3366
  19.000   1.9732   0.22409   0.22120  -0.2395  0.0724  1.0000  -5.3239   0.0000   0.3158
  20.000   1.9454   0.24512   0.24242  -0.2462  0.0627  1.0000  -5.7633   0.0000   0.3171
  21.000   1.9194   0.26591   0.26358  -0.2522  0.0556  1.0000  -6.2400   0.0000   0.3180
  22.000   1.8790   0.28931   0.28720  -0.2580  0.0481  1.0000  -6.6328   0.0000   0.3198


