XFLR5 v6.09.05 beta

 Calculated polar for: 20s1223

 1 1 Reynolds number fixed          Mach number fixed         

 xtrf =   1.000 (top)        1.000 (bottom)
 Mach =   0.000     Re =     0.300 e 6     Ncrit =   9.000

  alpha     CL        CD       CDp       Cm    Top Xtr Bot Xtr   Cpmin    Chinge    XCp    
 ------- -------- --------- --------- -------- ------- ------- -------- --------- ---------
   0.000   1.6153   0.05907   0.05217  -0.2929  0.4193  0.3642  -1.8999   0.0000   0.4262
   1.000   1.7024   0.06168   0.05492  -0.2889  0.4091  0.4099  -2.0210   0.0000   0.4125
   2.000   1.7930   0.06309   0.05648  -0.2852  0.3975  0.4735  -2.1465   0.0000   0.3999
   3.000   1.9092   0.06091   0.05425  -0.2845  0.3832  0.5374  -2.3074   0.0000   0.3880
   4.000   1.9721   0.06314   0.05679  -0.2767  0.3766  0.5814  -2.4392   0.0000   0.3772
   5.000   2.0294   0.06552   0.05955  -0.2684  0.3663  0.6201  -2.5965   0.0000   0.3669
   6.000   2.0905   0.06724   0.06133  -0.2607  0.3527  0.6565  -2.8223   0.0000   0.3572
   7.000   2.1495   0.06971   0.06417  -0.2535  0.3416  0.6879  -3.1207   0.0000   0.3480
   8.000   2.1921   0.07392   0.06872  -0.2448  0.3265  0.7184  -3.4021   0.0000   0.3393
   9.000   2.2438   0.07702   0.07201  -0.2378  0.3093  0.7484  -3.7072   0.0000   0.3310
  10.000   2.2812   0.08251   0.07791  -0.2303  0.2933  0.7753  -4.0251   0.0000   0.3232
  11.000   2.3263   0.08668   0.08241  -0.2242  0.2718  0.8008  -4.3740   0.0000   0.3159
  12.000   2.3259   0.09595   0.09165  -0.2161  0.2262  0.8189  -4.6227   0.0000   0.3093
  13.000   2.2681   0.11291   0.10870  -0.2100  0.1781  0.8296  -4.7109   0.0000   0.3055
  14.000   2.1843   0.13616   0.13219  -0.2116  0.1448  0.8413  -4.6913   0.0000   0.3060
  15.000   2.1139   0.16031   0.15665  -0.2178  0.1195  0.8546  -4.6744   0.0000   0.3084
  17.000   2.0176   0.20651   0.20337  -0.2325  0.0833  1.0000  -4.7611   0.0000   0.3131
  18.000   1.9910   0.22646   0.22361  -0.2384  0.0721  1.0000  -5.1861   0.0000   0.3138
  19.000   1.9601   0.24783   0.24516  -0.2446  0.0619  1.0000  -5.6128   0.0000   0.3149
  20.000   1.9355   0.26753   0.26517  -0.2496  0.0543  1.0000  -6.1159   0.0000   0.3150
  21.000   1.8883   0.29184   0.28973  -0.2551  0.0469  1.0000  -6.4744   0.0000   0.3168


