XFLR5 v6.09.05 beta

 Calculated polar for: 20s1223

 1 1 Reynolds number fixed          Mach number fixed         

 xtrf =   1.000 (top)        1.000 (bottom)
 Mach =   0.000     Re =     0.235 e 6     Ncrit =   9.000

  alpha     CL        CD       CDp       Cm    Top Xtr Bot Xtr   Cpmin    Chinge    XCp    
 ------- -------- --------- --------- -------- ------- ------- -------- --------- ---------
   0.000   1.6170   0.05727   0.05025  -0.2922  0.4414  0.3850  -1.8958   0.0000   0.4257
   1.000   1.7274   0.05771   0.05049  -0.2913  0.4233  0.4355  -2.0369   0.0000   0.4117
   2.000   1.8211   0.05858   0.05163  -0.2878  0.4130  0.4976  -2.1616   0.0000   0.3992
   3.000   1.9012   0.05990   0.05315  -0.2824  0.4023  0.5531  -2.2904   0.0000   0.3876
   4.000   1.9775   0.06068   0.05399  -0.2762  0.3904  0.6013  -2.4390   0.0000   0.3767
   5.000   2.0596   0.06140   0.05509  -0.2712  0.3790  0.6448  -2.6228   0.0000   0.3667
   6.000   2.1060   0.06498   0.05905  -0.2619  0.3669  0.6818  -2.8367   0.0000   0.3571
   7.000   2.1742   0.06718   0.06135  -0.2560  0.3531  0.7216  -3.1543   0.0000   0.3481
   8.000   2.2103   0.07178   0.06651  -0.2466  0.3386  0.7567  -3.4212   0.0000   0.3394
   9.000   2.2512   0.07578   0.07064  -0.2384  0.3192  0.7897  -3.7106   0.0000   0.3311
  10.000   2.2874   0.08047   0.07581  -0.2308  0.3029  0.8172  -4.0215   0.0000   0.3233
  11.000   2.3169   0.08547   0.08104  -0.2228  0.2823  0.8460  -4.3345   0.0000   0.3158
  12.000   2.3317   0.09302   0.08911  -0.2154  0.2574  0.8931  -4.6151   0.0000   0.3090
  14.000   2.2140   0.12980   0.12636  -0.2081  0.1794  1.0000  -4.7618   0.0000   0.3034
  15.000   2.1269   0.15605   0.15275  -0.2144  0.1463  1.0000  -4.7002   0.0000   0.3064
  16.000   2.0618   0.18122   0.17807  -0.2225  0.1184  1.0000  -4.6800   0.0000   0.3097
  17.000   2.0123   0.20536   0.20237  -0.2306  0.0964  1.0000  -4.7277   0.0000   0.3126
  18.000   1.9801   0.22646   0.22360  -0.2370  0.0806  1.0000  -5.0570   0.0000   0.3138
  19.000   1.9581   0.24575   0.24331  -0.2424  0.0713  1.0000  -5.5439   0.0000   0.3139
  20.000   1.9271   0.26695   0.26468  -0.2479  0.0619  1.0000  -5.9881   0.0000   0.3147
  21.000   1.8752   0.29257   0.29083  -0.2537  0.0555  1.0000  -6.3037   0.0000   0.3171


