XFLR5 v6.09.05 beta

 Calculated polar for: 20s1223

 1 1 Reynolds number fixed          Mach number fixed         

 xtrf =   1.000 (top)        1.000 (bottom)
 Mach =   0.000     Re =     0.160 e 6     Ncrit =   9.000

  alpha     CL        CD       CDp       Cm    Top Xtr Bot Xtr   Cpmin    Chinge    XCp    
 ------- -------- --------- --------- -------- ------- ------- -------- --------- ---------
   0.000   1.6207   0.05339   0.04596  -0.2907  0.4758  0.4216  -1.8869   0.0000   0.4247
   1.000   1.7525   0.05312   0.04542  -0.2930  0.4562  0.4750  -2.0422   0.0000   0.4107
   2.000   1.8287   0.05540   0.04808  -0.2870  0.4435  0.5263  -2.1520   0.0000   0.3985
   3.000   1.9134   0.05667   0.04946  -0.2821  0.4308  0.5811  -2.2858   0.0000   0.3870
   4.000   2.0154   0.05802   0.05089  -0.2803  0.4171  0.6453  -2.4619   0.0000   0.3767
   5.000   2.0599   0.06233   0.05588  -0.2705  0.4053  0.6975  -2.6020   0.0000   0.3667
   8.000   2.2067   0.07558   0.07032  -0.2473  0.3586  0.8324  -3.3835   0.0000   0.3402
  14.000   2.1911   0.12942   0.12647  -0.2048  0.2191  1.0000  -4.6543   0.0000   0.3031
  15.000   2.1035   0.15677   0.15421  -0.2117  0.1842  1.0000  -4.5799   0.0000   0.3064
  16.000   2.0568   0.17824   0.17570  -0.2177  0.1521  1.0000  -4.6165   0.0000   0.3078
  17.000   2.0230   0.19828   0.19580  -0.2234  0.1269  1.0000  -4.7525   0.0000   0.3087
  18.000   1.9811   0.22168   0.21959  -0.2308  0.1087  1.0000  -4.9779   0.0000   0.3108
  19.000   1.9304   0.24834   0.24657  -0.2390  0.0943  1.0000  -5.1817   0.0000   0.3141
  20.000   1.8190   0.29033   0.28911  -0.2499  0.0837  1.0000  -5.0007   0.0000   0.3237


