XFLR5 v6.09.05 beta

 Calculated polar for: 20s1223

 1 1 Reynolds number fixed          Mach number fixed         

 xtrf =   1.000 (top)        1.000 (bottom)
 Mach =   0.000     Re =     0.210 e 6     Ncrit =   9.000

  alpha     CL        CD       CDp       Cm    Top Xtr Bot Xtr   Cpmin    Chinge    XCp    
 ------- -------- --------- --------- -------- ------- ------- -------- --------- ---------
   0.000   1.6230   0.05552   0.04833  -0.2924  0.4502  0.3957  -1.8978   0.0000   0.4253
   1.000   1.7209   0.05728   0.05008  -0.2899  0.4342  0.4439  -2.0265   0.0000   0.4116
   2.000   1.8439   0.05630   0.04903  -0.2906  0.4187  0.5108  -2.1793   0.0000   0.3989
   3.000   1.9156   0.05835   0.05142  -0.2840  0.4101  0.5637  -2.3000   0.0000   0.3875
   4.000   1.9820   0.06001   0.05329  -0.2764  0.3981  0.6117  -2.4387   0.0000   0.3767
   5.000   2.0836   0.06001   0.05344  -0.2743  0.3835  0.6618  -2.6475   0.0000   0.3669
   6.000   2.1170   0.06430   0.05826  -0.2631  0.3735  0.7015  -2.8485   0.0000   0.3572
   7.000   2.1710   0.06777   0.06203  -0.2555  0.3598  0.7413  -3.1405   0.0000   0.3482
   8.000   2.2323   0.07099   0.06560  -0.2495  0.3434  0.7809  -3.4556   0.0000   0.3398
   9.000   2.2495   0.07625   0.07123  -0.2385  0.3252  0.8121  -3.6982   0.0000   0.3313
  10.000   2.2880   0.08016   0.07544  -0.2308  0.3074  0.8393  -4.0134   0.0000   0.3234
  11.000   2.3045   0.08644   0.08221  -0.2218  0.2882  0.8805  -4.2952   0.0000   0.3159
  14.000   2.2181   0.12794   0.12460  -0.2066  0.1943  1.0000  -4.7636   0.0000   0.3027
  15.000   2.1368   0.15320   0.15017  -0.2123  0.1600  1.0000  -4.7197   0.0000   0.3050
  16.000   2.0682   0.17876   0.17583  -0.2204  0.1297  1.0000  -4.6930   0.0000   0.3084
  17.000   2.0155   0.20333   0.20046  -0.2288  0.1051  1.0000  -4.7373   0.0000   0.3115
  18.000   1.9811   0.22509   0.22249  -0.2356  0.0882  1.0000  -5.0365   0.0000   0.3131
  19.000   1.9536   0.24554   0.24316  -0.2415  0.0757  1.0000  -5.4801   0.0000   0.3138
  20.000   1.9191   0.26783   0.26566  -0.2475  0.0658  1.0000  -5.8941   0.0000   0.3150
  21.000   1.8642   0.29376   0.29212  -0.2528  0.0593  1.0000  -6.1836   0.0000   0.3175


