XFLR5 v6.09.05 beta

 Calculated polar for: 20s1223

 1 1 Reynolds number fixed          Mach number fixed         

 xtrf =   1.000 (top)        1.000 (bottom)
 Mach =   0.000     Re =     0.340 e 6     Ncrit =   9.000

  alpha     CL        CD       CDp       Cm    Top Xtr Bot Xtr   Cpmin    Chinge    XCp    
 ------- -------- --------- --------- -------- ------- ------- -------- --------- ---------
   0.000   1.6035   0.06141   0.05481  -0.2919  0.4144  0.3540  -1.8919   0.0000   0.4268
   1.000   1.6944   0.06348   0.05691  -0.2884  0.4016  0.3996  -2.0176   0.0000   0.4129
   2.000   1.7892   0.06413   0.05756  -0.2851  0.3879  0.4611  -2.1470   0.0000   0.4001
   3.000   1.8853   0.06424   0.05786  -0.2819  0.3793  0.5252  -2.2877   0.0000   0.3883
   4.000   1.9529   0.06635   0.06022  -0.2750  0.3705  0.5721  -2.4209   0.0000   0.3774
   5.000   2.0157   0.06818   0.06229  -0.2674  0.3599  0.6124  -2.5848   0.0000   0.3671
   6.000   2.0923   0.06806   0.06230  -0.2616  0.3459  0.6460  -2.8293   0.0000   0.3574
   7.000   2.1390   0.07169   0.06628  -0.2528  0.3363  0.6738  -3.1073   0.0000   0.3481
   8.000   2.1848   0.07496   0.06969  -0.2442  0.3193  0.7045  -3.3937   0.0000   0.3393
   9.000   2.2379   0.07886   0.07399  -0.2377  0.3051  0.7302  -3.7012   0.0000   0.3311
  10.000   2.2794   0.08316   0.07851  -0.2301  0.2882  0.7551  -4.0273   0.0000   0.3232
  11.000   2.3286   0.08773   0.08333  -0.2248  0.2585  0.7822  -4.3892   0.0000   0.3159
  12.000   2.3159   0.09800   0.09351  -0.2162  0.2028  0.7961  -4.6061   0.0000   0.3096
  13.000   2.2550   0.11545   0.11105  -0.2109  0.1595  0.8073  -4.6819   0.0000   0.3063
  14.000   2.1878   0.13633   0.13225  -0.2123  0.1321  0.8183  -4.7073   0.0000   0.3062
  15.000   2.1221   0.15949   0.15574  -0.2180  0.1105  0.8271  -4.7063   0.0000   0.3082
  16.000   2.0659   0.18326   0.17978  -0.2254  0.0925  0.8357  -4.7111   0.0000   0.3108
  17.000   2.0247   0.20573   0.20252  -0.2326  0.0781  0.8509  -4.8108   0.0000   0.3128
  18.000   1.9912   0.22761   0.22462  -0.2395  0.0664  1.0000  -5.2089   0.0000   0.3143
  19.000   1.9668   0.24736   0.24469  -0.2450  0.0582  1.0000  -5.6902   0.0000   0.3147
  20.000   1.9322   0.26966   0.26715  -0.2510  0.0493  1.0000  -6.1140   0.0000   0.3159
  21.000   1.8963   0.29109   0.28896  -0.2555  0.0436  1.0000  -6.5665   0.0000   0.3165


