XFLR5 v6.09.05 beta

 Calculated polar for: 20s1223

 1 1 Reynolds number fixed          Mach number fixed         

 xtrf =   1.000 (top)        1.000 (bottom)
 Mach =   0.000     Re =     0.155 e 6     Ncrit =   9.000

  alpha     CL        CD       CDp       Cm    Top Xtr Bot Xtr   Cpmin    Chinge    XCp    
 ------- -------- --------- --------- -------- ------- ------- -------- --------- ---------
   0.000   1.6205   0.05292   0.04547  -0.2903  0.4792  0.4244  -1.8855   0.0000   0.4245
   1.000   1.7475   0.05303   0.04530  -0.2920  0.4594  0.4765  -2.0369   0.0000   0.4106
   2.000   1.8302   0.05508   0.04772  -0.2870  0.4464  0.5287  -2.1517   0.0000   0.3984
   3.000   1.9116   0.05674   0.04954  -0.2817  0.4336  0.5840  -2.2815   0.0000   0.3870
   4.000   2.0244   0.05793   0.05071  -0.2817  0.4187  0.6534  -2.4702   0.0000   0.3768
   5.000   2.0623   0.06253   0.05604  -0.2709  0.4077  0.7037  -2.6025   0.0000   0.3668
   6.000   2.1297   0.06603   0.05981  -0.2650  0.3928  0.7590  -2.8505   0.0000   0.3576
   7.000   2.1866   0.07125   0.06543  -0.2587  0.3775  0.8073  -3.1440   0.0000   0.3491
   8.000   2.1941   0.07710   0.07193  -0.2462  0.3606  0.8383  -3.3551   0.0000   0.3403
   9.000   2.2358   0.08062   0.07576  -0.2384  0.3425  0.8875  -3.6368   0.0000   0.3322
  14.000   2.1915   0.12895   0.12595  -0.2044  0.2207  1.0000  -4.6524   0.0000   0.3030
  15.000   2.0980   0.15746   0.15491  -0.2117  0.1863  1.0000  -4.5584   0.0000   0.3067
  16.000   2.0466   0.18015   0.17770  -0.2184  0.1541  1.0000  -4.5742   0.0000   0.3087
  17.000   2.0142   0.20009   0.19775  -0.2240  0.1293  1.0000  -4.6918   0.0000   0.3094
  18.000   1.9701   0.22417   0.22220  -0.2313  0.1114  1.0000  -4.8966   0.0000   0.3118
  19.000   1.9265   0.24885   0.24713  -0.2384  0.0968  1.0000  -5.1350   0.0000   0.3141
  20.000   1.8834   0.27320   0.27166  -0.2452  0.0823  1.0000  -5.4893   0.0000   0.3164


