XFLR5 v6.09.05 beta

 Calculated polar for: 20s1223

 1 1 Reynolds number fixed          Mach number fixed         

 xtrf =   1.000 (top)        1.000 (bottom)
 Mach =   0.000     Re =     0.290 e 6     Ncrit =   9.000

  alpha     CL        CD       CDp       Cm    Top Xtr Bot Xtr   Cpmin    Chinge    XCp    
 ------- -------- --------- --------- -------- ------- ------- -------- --------- ---------
   0.000   1.6089   0.05940   0.05248  -0.2919  0.4228  0.3656  -1.8939   0.0000   0.4263
   1.000   1.7076   0.06092   0.05408  -0.2895  0.4111  0.4127  -2.0248   0.0000   0.4124
   2.000   1.7984   0.06229   0.05566  -0.2858  0.3996  0.4772  -2.1501   0.0000   0.3998
   3.000   1.8978   0.06166   0.05501  -0.2828  0.3870  0.5376  -2.2963   0.0000   0.3879
   4.000   1.9763   0.06243   0.05602  -0.2771  0.3782  0.5841  -2.4430   0.0000   0.3771
   5.000   2.0344   0.06472   0.05872  -0.2688  0.3681  0.6224  -2.6010   0.0000   0.3669
   6.000   2.0883   0.06726   0.06135  -0.2603  0.3552  0.6590  -2.8174   0.0000   0.3571
   7.000   2.1548   0.06904   0.06345  -0.2540  0.3429  0.6928  -3.1286   0.0000   0.3481
   8.000   2.1945   0.07355   0.06835  -0.2450  0.3281  0.7232  -3.4048   0.0000   0.3393
   9.000   2.2445   0.07644   0.07139  -0.2376  0.3103  0.7521  -3.7067   0.0000   0.3310
  10.000   2.2811   0.08225   0.07766  -0.2303  0.2946  0.7806  -4.0226   0.0000   0.3232
  11.000   2.3249   0.08646   0.08218  -0.2240  0.2742  0.8068  -4.3681   0.0000   0.3159
  12.000   2.3311   0.09506   0.09085  -0.2162  0.2316  0.8249  -4.6328   0.0000   0.3092
  13.000   2.2725   0.11210   0.10797  -0.2097  0.1842  0.8374  -4.7203   0.0000   0.3052
  14.000   2.1910   0.13492   0.13103  -0.2110  0.1489  0.8516  -4.7094   0.0000   0.3055
  16.000   2.0554   0.18458   0.18120  -0.2254  0.1010  1.0000  -4.6672   0.0000   0.3113
  17.000   2.0184   0.20604   0.20293  -0.2321  0.0853  1.0000  -4.7630   0.0000   0.3129
  18.000   1.9898   0.22641   0.22359  -0.2382  0.0735  1.0000  -5.1710   0.0000   0.3138
  19.000   1.9589   0.24775   0.24506  -0.2444  0.0626  1.0000  -5.5966   0.0000   0.3149
  20.000   1.9352   0.26727   0.26495  -0.2494  0.0555  1.0000  -6.1053   0.0000   0.3149
  21.000   1.8871   0.29177   0.28965  -0.2549  0.0475  1.0000  -6.4563   0.0000   0.3168


