XFLR5 v6.09.05 beta

 Calculated polar for: 20s1223

 1 1 Reynolds number fixed          Mach number fixed         

 xtrf =   1.000 (top)        1.000 (bottom)
 Mach =   0.000     Re =     0.150 e 6     Ncrit =   9.000

  alpha     CL        CD       CDp       Cm    Top Xtr Bot Xtr   Cpmin    Chinge    XCp    
 ------- -------- --------- --------- -------- ------- ------- -------- --------- ---------
   0.000   1.6193   0.05242   0.04495  -0.2898  0.4829  0.4270  -1.8833   0.0000   0.4244
   1.000   1.7343   0.05343   0.04577  -0.2898  0.4640  0.4768  -2.0237   0.0000   0.4106
   2.000   1.8329   0.05471   0.04728  -0.2872  0.4494  0.5318  -2.1527   0.0000   0.3983
   3.000   1.9108   0.05680   0.04959  -0.2815  0.4366  0.5878  -2.2782   0.0000   0.3870
   4.000   2.0210   0.05799   0.05071  -0.2810  0.4216  0.6580  -2.4655   0.0000   0.3768
   5.000   2.0682   0.06273   0.05620  -0.2719  0.4102  0.7099  -2.6076   0.0000   0.3669
   6.000   2.1220   0.06712   0.06098  -0.2642  0.3951  0.7647  -2.8340   0.0000   0.3576
   7.000   2.1911   0.07172   0.06585  -0.2595  0.3792  0.8163  -3.1491   0.0000   0.3492
   8.000   2.1794   0.07885   0.07376  -0.2449  0.3627  0.8442  -3.3222   0.0000   0.3405
  14.000   2.1775   0.13103   0.12813  -0.2048  0.2231  1.0000  -4.6068   0.0000   0.3037
  15.000   2.0936   0.15792   0.15537  -0.2116  0.1884  1.0000  -4.5403   0.0000   0.3068
  16.000   2.0370   0.18192   0.17953  -0.2189  0.1560  1.0000  -4.5337   0.0000   0.3095
  17.000   2.0046   0.20206   0.19979  -0.2246  0.1312  1.0000  -4.6291   0.0000   0.3102
  18.000   1.9551   0.22774   0.22587  -0.2324  0.1139  1.0000  -4.7915   0.0000   0.3132
  19.000   1.8200   0.27758   0.27621  -0.2471  0.1001  1.0000  -4.4170   0.0000   0.3263


