XFLR5 v6.09.05 beta

 Calculated polar for: 20s1223

 1 1 Reynolds number fixed          Mach number fixed         

 xtrf =   1.000 (top)        1.000 (bottom)
 Mach =   0.000     Re =     0.195 e 6     Ncrit =   9.000

  alpha     CL        CD       CDp       Cm    Top Xtr Bot Xtr   Cpmin    Chinge    XCp    
 ------- -------- --------- --------- -------- ------- ------- -------- --------- ---------
   0.000   1.6310   0.05418   0.04680  -0.2931  0.4553  0.4041  -1.9029   0.0000   0.4249
   1.000   1.7257   0.05632   0.04904  -0.2902  0.4403  0.4521  -2.0270   0.0000   0.4114
   2.000   1.8306   0.05677   0.04949  -0.2884  0.4258  0.5145  -2.1650   0.0000   0.3988
   3.000   1.9264   0.05712   0.05005  -0.2851  0.4149  0.5691  -2.3076   0.0000   0.3874
   4.000   1.9871   0.05936   0.05260  -0.2768  0.4034  0.6170  -2.4405   0.0000   0.3766
   5.000   2.0623   0.06092   0.05443  -0.2710  0.3910  0.6665  -2.6193   0.0000   0.3666
   6.000   2.1342   0.06379   0.05763  -0.2655  0.3776  0.7147  -2.8739   0.0000   0.3574
   8.000   2.2459   0.07086   0.06536  -0.2514  0.3459  0.7958  -3.4760   0.0000   0.3400
   9.000   2.2452   0.07695   0.07200  -0.2382  0.3291  0.8261  -3.6821   0.0000   0.3314
  10.000   2.2902   0.08002   0.07525  -0.2311  0.3101  0.8594  -4.0117   0.0000   0.3235
  14.000   2.2156   0.12773   0.12466  -0.2060  0.2038  1.0000  -4.7467   0.0000   0.3026
  15.000   2.1390   0.15186   0.14880  -0.2110  0.1670  1.0000  -4.7198   0.0000   0.3044
  16.000   2.0704   0.17750   0.17468  -0.2191  0.1370  1.0000  -4.6915   0.0000   0.3077
  17.000   2.0236   0.20056   0.19792  -0.2267  0.1124  1.0000  -4.7716   0.0000   0.3101
  18.000   1.9856   0.22297   0.22046  -0.2339  0.0934  1.0000  -5.0475   0.0000   0.3120
  19.000   1.9538   0.24443   0.24203  -0.2404  0.0785  1.0000  -5.4624   0.0000   0.3132
  20.000   1.9111   0.26920   0.26724  -0.2474  0.0691  1.0000  -5.8052   0.0000   0.3156
  21.000   1.8612   0.29333   0.29170  -0.2519  0.0614  1.0000  -6.1395   0.0000   0.3172


