XFLR5 v6.09.05 beta

 Calculated polar for: 20s1223

 1 1 Reynolds number fixed          Mach number fixed         

 xtrf =   1.000 (top)        1.000 (bottom)
 Mach =   0.000     Re =     0.240 e 6     Ncrit =   9.000

  alpha     CL        CD       CDp       Cm    Top Xtr Bot Xtr   Cpmin    Chinge    XCp    
 ------- -------- --------- --------- -------- ------- ------- -------- --------- ---------
   0.000   1.6159   0.05759   0.05059  -0.2922  0.4398  0.3831  -1.8954   0.0000   0.4258
   1.000   1.7338   0.05735   0.05011  -0.2923  0.4206  0.4351  -2.0429   0.0000   0.4117
   2.000   1.8186   0.05894   0.05203  -0.2876  0.4117  0.4954  -2.1600   0.0000   0.3992
   3.000   1.8994   0.06017   0.05344  -0.2822  0.4009  0.5511  -2.2896   0.0000   0.3877
   4.000   1.9801   0.06060   0.05389  -0.2766  0.3886  0.5997  -2.4427   0.0000   0.3768
   5.000   2.0553   0.06175   0.05549  -0.2707  0.3781  0.6414  -2.6184   0.0000   0.3667
   6.000   2.1046   0.06512   0.05919  -0.2617  0.3657  0.6788  -2.8354   0.0000   0.3571
   7.000   2.1784   0.06690   0.06104  -0.2565  0.3513  0.7189  -3.1627   0.0000   0.3482
   8.000   2.2053   0.07182   0.06657  -0.2458  0.3378  0.7522  -3.4125   0.0000   0.3393
   9.000   2.2533   0.07565   0.07048  -0.2387  0.3178  0.7869  -3.7160   0.0000   0.3311
  10.000   2.2875   0.08055   0.07591  -0.2308  0.3020  0.8132  -4.0234   0.0000   0.3233
  11.000   2.3195   0.08524   0.08078  -0.2230  0.2808  0.8411  -4.3420   0.0000   0.3158
  14.000   2.2115   0.13037   0.12687  -0.2084  0.1762  1.0000  -4.7565   0.0000   0.3036
  15.000   2.1244   0.15667   0.15331  -0.2149  0.1435  1.0000  -4.6938   0.0000   0.3067
  16.000   2.0613   0.18158   0.17844  -0.2228  0.1167  1.0000  -4.6793   0.0000   0.3099
  17.000   2.0128   0.20549   0.20250  -0.2308  0.0951  1.0000  -4.7310   0.0000   0.3126
  18.000   1.9806   0.22659   0.22374  -0.2372  0.0800  1.0000  -5.0650   0.0000   0.3139
  19.000   1.9587   0.24581   0.24333  -0.2425  0.0705  1.0000  -5.5547   0.0000   0.3140
  20.000   1.9274   0.26714   0.26488  -0.2481  0.0614  1.0000  -5.9960   0.0000   0.3148
  21.000   1.8770   0.29236   0.29058  -0.2538  0.0547  1.0000  -6.3251   0.0000   0.3170


