XFLR5 v6.09.05 beta

 Calculated polar for: 20s1223

 1 1 Reynolds number fixed          Mach number fixed         

 xtrf =   1.000 (top)        1.000 (bottom)
 Mach =   0.000     Re =     0.265 e 6     Ncrit =   9.000

  alpha     CL        CD       CDp       Cm    Top Xtr Bot Xtr   Cpmin    Chinge    XCp    
 ------- -------- --------- --------- -------- ------- ------- -------- --------- ---------
   1.000   1.7235   0.05900   0.05197  -0.2913  0.4159  0.4246  -2.0366   0.0000   0.4120
   2.000   1.8092   0.06052   0.05378  -0.2868  0.4053  0.4859  -2.1560   0.0000   0.3995
   3.000   1.8921   0.06147   0.05481  -0.2817  0.3944  0.5425  -2.2877   0.0000   0.3878
   4.000   1.9901   0.06054   0.05393  -0.2785  0.3816  0.5928  -2.4559   0.0000   0.3770
   5.000   2.0422   0.06326   0.05716  -0.2694  0.3730  0.6293  -2.6065   0.0000   0.3667
   6.000   2.0979   0.06601   0.06011  -0.2612  0.3603  0.6671  -2.8296   0.0000   0.3571
   7.000   2.1744   0.06691   0.06113  -0.2561  0.3458  0.7058  -3.1587   0.0000   0.3482
   8.000   2.1996   0.07274   0.06754  -0.2454  0.3327  0.7376  -3.4089   0.0000   0.3393
   9.000   2.2568   0.07554   0.07039  -0.2392  0.3123  0.7698  -3.7274   0.0000   0.3311
  10.000   2.2827   0.08140   0.07680  -0.2303  0.2981  0.7935  -4.0199   0.0000   0.3232
  11.000   2.3210   0.08595   0.08159  -0.2234  0.2782  0.8224  -4.3527   0.0000   0.3158
  12.000   2.3343   0.09375   0.08966  -0.2160  0.2453  0.8426  -4.6328   0.0000   0.3090
  13.000   2.2810   0.11049   0.10658  -0.2092  0.1998  0.8666  -4.7366   0.0000   0.3047
  14.000   2.2029   0.13254   0.12885  -0.2098  0.1616  1.0000  -4.7389   0.0000   0.3045
  15.000   2.1229   0.15788   0.15444  -0.2161  0.1319  1.0000  -4.6962   0.0000   0.3073
  16.000   2.0585   0.18314   0.17988  -0.2243  0.1076  1.0000  -4.6751   0.0000   0.3106
  17.000   2.0176   0.20537   0.20238  -0.2313  0.0901  1.0000  -4.7558   0.0000   0.3126
  18.000   1.9852   0.22663   0.22384  -0.2378  0.0771  1.0000  -5.1187   0.0000   0.3139
  19.000   1.9569   0.24737   0.24476  -0.2438  0.0663  1.0000  -5.5630   0.0000   0.3147
  20.000   1.9314   0.26730   0.26505  -0.2488  0.0586  1.0000  -6.0525   0.0000   0.3149
  21.000   1.8812   0.29239   0.29041  -0.2545  0.0511  1.0000  -6.3879   0.0000   0.3171


