XFLR5 v6.09.05 beta

 Calculated polar for: 20s1223

 1 1 Reynolds number fixed          Mach number fixed         

 xtrf =   1.000 (top)        1.000 (bottom)
 Mach =   0.000     Re =     0.180 e 6     Ncrit =   9.000

  alpha     CL        CD       CDp       Cm    Top Xtr Bot Xtr   Cpmin    Chinge    XCp    
 ------- -------- --------- --------- -------- ------- ------- -------- --------- ---------
   0.000   1.6228   0.05400   0.04656  -0.2914  0.4632  0.4104  -1.8940   0.0000   0.4248
   1.000   1.7349   0.05516   0.04772  -0.2912  0.4472  0.4612  -2.0314   0.0000   0.4112
   2.000   1.8269   0.05644   0.04919  -0.2875  0.4330  0.5191  -2.1572   0.0000   0.3987
   3.000   1.9403   0.05589   0.04861  -0.2867  0.4190  0.5761  -2.3179   0.0000   0.3873
   4.000   1.9928   0.05883   0.05197  -0.2773  0.4093  0.6244  -2.4427   0.0000   0.3766
   5.000   2.0588   0.06139   0.05496  -0.2703  0.3966  0.6763  -2.6094   0.0000   0.3666
   6.000   2.1514   0.06369   0.05739  -0.2679  0.3812  0.7329  -2.8985   0.0000   0.3576
   7.000   2.1720   0.06948   0.06379  -0.2561  0.3685  0.7710  -3.1300   0.0000   0.3485
   8.000   2.2445   0.07151   0.06597  -0.2513  0.3509  0.8137  -3.4686   0.0000   0.3401
   9.000   2.2388   0.07819   0.07331  -0.2379  0.3338  0.8427  -3.6604   0.0000   0.3317
  10.000   2.2952   0.07988   0.07506  -0.2317  0.3125  0.8958  -4.0154   0.0000   0.3237
  14.000   2.2040   0.12874   0.12583  -0.2057  0.2114  1.0000  -4.7034   0.0000   0.3029
  15.000   2.1306   0.15279   0.14998  -0.2108  0.1754  1.0000  -4.6821   0.0000   0.3047
  16.000   2.0783   0.17463   0.17172  -0.2169  0.1423  1.0000  -4.7129   0.0000   0.3063
  17.000   2.0318   0.19742   0.19474  -0.2242  0.1180  1.0000  -4.8135   0.0000   0.3085
  18.000   1.9956   0.21913   0.21657  -0.2311  0.0981  1.0000  -5.1010   0.0000   0.3101
  19.000   1.9542   0.24330   0.24097  -0.2391  0.0831  1.0000  -5.4402   0.0000   0.3126
  20.000   1.8993   0.27138   0.26958  -0.2473  0.0725  1.0000  -5.6816   0.0000   0.3164
  21.000   1.8685   0.29013   0.28845  -0.2500  0.0631  1.0000  -6.1734   0.0000   0.3157


