XFLR5 v6.09.05 beta

 Calculated polar for: 20s1223

 1 1 Reynolds number fixed          Mach number fixed         

 xtrf =   1.000 (top)        1.000 (bottom)
 Mach =   0.000     Re =     0.250 e 6     Ncrit =   9.000

  alpha     CL        CD       CDp       Cm    Top Xtr Bot Xtr   Cpmin    Chinge    XCp    
 ------- -------- --------- --------- -------- ------- ------- -------- --------- ---------
   0.000   1.6137   0.05817   0.05120  -0.2921  0.4365  0.3792  -1.8947   0.0000   0.4260
   1.000   1.7318   0.05785   0.05070  -0.2922  0.4184  0.4314  -2.0422   0.0000   0.4118
   2.000   1.8145   0.05960   0.05277  -0.2872  0.4091  0.4913  -2.1581   0.0000   0.3993
   3.000   1.8960   0.06070   0.05401  -0.2819  0.3983  0.5474  -2.2886   0.0000   0.3877
   4.000   1.9938   0.05989   0.05317  -0.2787  0.3843  0.5986  -2.4585   0.0000   0.3769
   5.000   2.0488   0.06239   0.05620  -0.2700  0.3761  0.6357  -2.6120   0.0000   0.3667
   6.000   2.1019   0.06543   0.05951  -0.2615  0.3635  0.6734  -2.8333   0.0000   0.3571
   7.000   2.1889   0.06629   0.06042  -0.2581  0.3472  0.7145  -3.1826   0.0000   0.3483
   8.000   2.2028   0.07224   0.06702  -0.2457  0.3357  0.7469  -3.4110   0.0000   0.3393
   9.000   2.2606   0.07505   0.06983  -0.2395  0.3141  0.7809  -3.7321   0.0000   0.3312
  10.000   2.2864   0.08086   0.07623  -0.2307  0.3004  0.8054  -4.0241   0.0000   0.3233
  12.000   2.3327   0.09334   0.08924  -0.2156  0.2511  0.8575  -4.6240   0.0000   0.3090
  14.000   2.2048   0.13175   0.12812  -0.2091  0.1702  1.0000  -4.7405   0.0000   0.3042
  15.000   2.1250   0.15700   0.15364  -0.2153  0.1392  1.0000  -4.6985   0.0000   0.3069
  16.000   2.0604   0.18220   0.17903  -0.2234  0.1128  1.0000  -4.6786   0.0000   0.3102
  17.000   2.0150   0.20539   0.20244  -0.2310  0.0931  1.0000  -4.7424   0.0000   0.3126
  18.000   1.9820   0.22676   0.22394  -0.2376  0.0790  1.0000  -5.0833   0.0000   0.3139
  19.000   1.9590   0.24619   0.24366  -0.2430  0.0688  1.0000  -5.5667   0.0000   0.3142
  20.000   1.9287   0.26733   0.26508  -0.2485  0.0603  1.0000  -6.0163   0.0000   0.3149
  21.000   1.8796   0.29218   0.29033  -0.2541  0.0533  1.0000  -6.3579   0.0000   0.3170


