XFLR5 v6.09.05 beta

 Calculated polar for: 25s1223

 1 1 Reynolds number fixed          Mach number fixed         

 xtrf =   1.000 (top)        1.000 (bottom)
 Mach =   0.000     Re =     0.200 e 6     Ncrit =   9.000

  alpha     CL        CD       CDp       Cm    Top Xtr Bot Xtr   Cpmin    Chinge    XCp    
 ------- -------- --------- --------- -------- ------- ------- -------- --------- ---------
   0.000   1.6108   0.07255   0.06594  -0.2784  0.4508  0.3961  -1.8952   0.0000   0.4165
   1.000   1.7121   0.07369   0.06702  -0.2767  0.4347  0.4382  -2.0279   0.0000   0.4032
   2.000   1.8338   0.07026   0.06354  -0.2768  0.4204  0.4909  -2.1859   0.0000   0.3908
   3.000   1.8971   0.07206   0.06568  -0.2694  0.4116  0.5325  -2.3020   0.0000   0.3797
   4.000   1.9614   0.07306   0.06688  -0.2622  0.3995  0.5765  -2.4466   0.0000   0.3692
   5.000   2.0703   0.07117   0.06512  -0.2612  0.3841  0.6271  -2.6744   0.0000   0.3598
   6.000   2.0914   0.07555   0.07003  -0.2495  0.3737  0.6638  -2.8767   0.0000   0.3504
   7.000   2.1499   0.07774   0.07247  -0.2428  0.3593  0.7039  -3.1775   0.0000   0.3416
   8.000   2.2065   0.08064   0.07579  -0.2368  0.3425  0.7436  -3.4844   0.0000   0.3335
   9.000   2.2384   0.08551   0.08091  -0.2284  0.3225  0.7745  -3.7599   0.0000   0.3253
  10.000   2.2757   0.09070   0.08660  -0.2219  0.3039  0.8068  -4.0833   0.0000   0.3179
  11.000   2.3218   0.09437   0.09036  -0.2162  0.2810  0.8301  -4.4380   0.0000   0.3106
  12.000   2.2989   0.10703   0.10365  -0.2082  0.2570  0.8496  -4.6237   0.0000   0.3046
  13.000   2.2534   0.12394   0.12079  -0.2041  0.2228  0.8631  -4.7372   0.0000   0.3009
  15.000   2.0985   0.17375   0.17104  -0.2139  0.1500  0.8890  -4.6813   0.0000   0.3041
  16.000   2.0418   0.19807   0.19529  -0.2215  0.1195  1.0000  -4.7024   0.0000   0.3066
  17.000   2.0011   0.22052   0.21792  -0.2283  0.0983  1.0000  -4.9154   0.0000   0.3081
  18.000   1.9580   0.24478   0.24244  -0.2357  0.0827  1.0000  -5.2290   0.0000   0.3103
  19.000   1.9219   0.26723   0.26532  -0.2414  0.0722  1.0000  -5.6264   0.0000   0.3113
  20.000   1.8929   0.28592   0.28409  -0.2445  0.0621  1.0000  -6.1272   0.0000   0.3106


