XFLR5 v6.09.05 beta

 Calculated polar for: 25s1223

 1 1 Reynolds number fixed          Mach number fixed         

 xtrf =   1.000 (top)        1.000 (bottom)
 Mach =   0.000     Re =     0.290 e 6     Ncrit =   9.000

  alpha     CL        CD       CDp       Cm    Top Xtr Bot Xtr   Cpmin    Chinge    XCp    
 ------- -------- --------- --------- -------- ------- ------- -------- --------- ---------
   0.000   1.5607   0.08458   0.07844  -0.2743  0.4194  0.3616  -1.8562   0.0000   0.4189
   1.000   1.6588   0.08575   0.07967  -0.2720  0.4081  0.4026  -1.9877   0.0000   0.4050
   2.000   1.7524   0.08548   0.07947  -0.2688  0.3967  0.4568  -2.1179   0.0000   0.3924
   3.000   1.8927   0.07881   0.07265  -0.2712  0.3835  0.5161  -2.3123   0.0000   0.3805
   4.000   1.9496   0.08001   0.07419  -0.2629  0.3764  0.5534  -2.4477   0.0000   0.3699
   5.000   2.0101   0.08062   0.07513  -0.2553  0.3654  0.5845  -2.6124   0.0000   0.3598
   6.000   2.0982   0.07857   0.07304  -0.2516  0.3497  0.6224  -2.9139   0.0000   0.3506
   7.000   2.1380   0.08152   0.07642  -0.2424  0.3399  0.6529  -3.1804   0.0000   0.3416
   8.000   2.1860   0.08493   0.08005  -0.2350  0.3227  0.6794  -3.4746   0.0000   0.3331
   9.000   2.2421   0.08653   0.08195  -0.2288  0.3067  0.7108  -3.7944   0.0000   0.3251
  10.000   2.3002   0.08999   0.08570  -0.2239  0.2879  0.7405  -4.1705   0.0000   0.3176
  11.000   2.3314   0.09558   0.09157  -0.2171  0.2593  0.7627  -4.4922   0.0000   0.3105
  12.000   2.2980   0.11004   0.10613  -0.2095  0.2131  0.7801  -4.6570   0.0000   0.3049
  13.000   2.2220   0.13074   0.12693  -0.2070  0.1688  0.7914  -4.6824   0.0000   0.3031
  14.000   2.1468   0.15413   0.15060  -0.2110  0.1374  0.7968  -4.6713   0.0000   0.3043
  15.000   2.0832   0.17883   0.17554  -0.2183  0.1127  0.8052  -4.6645   0.0000   0.3068
  16.000   2.0349   0.20214   0.19906  -0.2254  0.0933  0.8143  -4.7036   0.0000   0.3088
  17.000   1.9953   0.22479   0.22192  -0.2323  0.0783  0.8260  -4.9306   0.0000   0.3104
  18.000   1.9681   0.24506   0.24244  -0.2378  0.0675  0.8356  -5.3865   0.0000   0.3108
  19.000   1.9365   0.26644   0.26412  -0.2432  0.0587  0.8461  -5.8313   0.0000   0.3113
  20.000   1.8912   0.29041   0.28838  -0.2485  0.0511  0.8577  -6.2101   0.0000   0.3127


