XFLR5 v6.09.05 beta

 Calculated polar for: 25s1223

 1 1 Reynolds number fixed          Mach number fixed         

 xtrf =   1.000 (top)        1.000 (bottom)
 Mach =   0.000     Re =     0.195 e 6     Ncrit =   9.000

  alpha     CL        CD       CDp       Cm    Top Xtr Bot Xtr   Cpmin    Chinge    XCp    
 ------- -------- --------- --------- -------- ------- ------- -------- --------- ---------
   0.000   1.6146   0.07150   0.06483  -0.2787  0.4530  0.3986  -1.8982   0.0000   0.4163
   1.000   1.7129   0.07298   0.06630  -0.2766  0.4368  0.4399  -2.0273   0.0000   0.4031
   2.000   1.8409   0.06917   0.06237  -0.2776  0.4214  0.4936  -2.1919   0.0000   0.3907
   3.000   1.9006   0.07130   0.06487  -0.2697  0.4134  0.5342  -2.3045   0.0000   0.3797
   4.000   1.9613   0.07272   0.06654  -0.2620  0.4013  0.5781  -2.4449   0.0000   0.3692
   5.000   2.0535   0.07199   0.06596  -0.2588  0.3875  0.6274  -2.6522   0.0000   0.3596
   6.000   2.0954   0.07544   0.06990  -0.2500  0.3751  0.6674  -2.8824   0.0000   0.3505
   7.000   2.1464   0.07796   0.07273  -0.2425  0.3608  0.7079  -3.1682   0.0000   0.3417
   8.000   2.2084   0.08053   0.07566  -0.2371  0.3437  0.7495  -3.4858   0.0000   0.3335
   9.000   2.2369   0.08573   0.08117  -0.2284  0.3238  0.7799  -3.7537   0.0000   0.3254
  10.000   2.2741   0.09089   0.08679  -0.2219  0.3050  0.8119  -4.0770   0.0000   0.3180
  11.000   2.3166   0.09490   0.09094  -0.2159  0.2827  0.8339  -4.4232   0.0000   0.3107
  12.000   2.2931   0.10763   0.10431  -0.2080  0.2585  0.8548  -4.6057   0.0000   0.3047
  13.000   2.2499   0.12432   0.12129  -0.2040  0.2256  0.8687  -4.7239   0.0000   0.3010
  14.000   2.1735   0.14780   0.14504  -0.2066  0.1880  0.8809  -4.7172   0.0000   0.3013
  16.000   2.0407   0.19817   0.19550  -0.2214  0.1227  1.0000  -4.6944   0.0000   0.3066
  17.000   2.0002   0.22056   0.21804  -0.2281  0.1009  1.0000  -4.9071   0.0000   0.3081
  18.000   1.9581   0.24452   0.24229  -0.2354  0.0847  1.0000  -5.2208   0.0000   0.3102
  19.000   1.9214   0.26706   0.26516  -0.2411  0.0731  1.0000  -5.6143   0.0000   0.3112
  20.000   1.8843   0.28791   0.28618  -0.2449  0.0635  1.0000  -6.0541   0.0000   0.3114


