XFLR5 v6.09.05 beta

 Calculated polar for: 25s1223

 1 1 Reynolds number fixed          Mach number fixed         

 xtrf =   1.000 (top)        1.000 (bottom)
 Mach =   0.000     Re =     0.325 e 6     Ncrit =   9.000

  alpha     CL        CD       CDp       Cm    Top Xtr Bot Xtr   Cpmin    Chinge    XCp    
 ------- -------- --------- --------- -------- ------- ------- -------- --------- ---------
   0.000   1.5612   0.08664   0.08069  -0.2750  0.4136  0.3534  -1.8595   0.0000   0.4192
   1.000   1.6580   0.08769   0.08171  -0.2725  0.4009  0.3945  -1.9912   0.0000   0.4053
   2.000   1.7551   0.08660   0.08062  -0.2696  0.3869  0.4496  -2.1230   0.0000   0.3925
   3.000   1.8454   0.08565   0.07985  -0.2658  0.3797  0.5019  -2.2650   0.0000   0.3809
   4.000   1.9211   0.08539   0.07978  -0.2602  0.3704  0.5424  -2.4176   0.0000   0.3702
   5.000   1.9922   0.08507   0.07965  -0.2540  0.3592  0.5783  -2.5942   0.0000   0.3601
   6.000   2.0825   0.08207   0.07674  -0.2504  0.3459  0.6153  -2.8917   0.0000   0.3507
   7.000   2.1263   0.08465   0.07966  -0.2416  0.3347  0.6389  -3.1655   0.0000   0.3416
   8.000   2.1942   0.08522   0.08026  -0.2364  0.3136  0.6693  -3.4957   0.0000   0.3333
   9.000   2.2502   0.08787   0.08335  -0.2302  0.3019  0.6966  -3.8210   0.0000   0.3253
  10.000   2.3069   0.09012   0.08573  -0.2248  0.2809  0.7231  -4.1923   0.0000   0.3177
  11.000   2.3312   0.09715   0.09298  -0.2178  0.2441  0.7455  -4.5013   0.0000   0.3106
  12.000   2.2776   0.11247   0.10830  -0.2090  0.1935  0.7569  -4.6106   0.0000   0.3054
  13.000   2.2152   0.13217   0.12819  -0.2078  0.1525  0.7707  -4.6691   0.0000   0.3037
  14.000   2.1445   0.15535   0.15167  -0.2122  0.1261  0.7801  -4.6695   0.0000   0.3049
  15.000   2.0835   0.17926   0.17585  -0.2189  0.1045  0.7882  -4.6713   0.0000   0.3071
  16.000   2.0357   0.20241   0.19924  -0.2259  0.0870  0.7953  -4.7112   0.0000   0.3090
  17.000   2.0017   0.22408   0.22120  -0.2324  0.0741  0.8068  -4.9967   0.0000   0.3101
  18.000   1.9673   0.24608   0.24331  -0.2386  0.0621  0.8189  -5.4013   0.0000   0.3112
  19.000   1.9413   0.26601   0.26361  -0.2436  0.0548  0.8279  -5.8933   0.0000   0.3112
  20.000   1.8925   0.29065   0.28845  -0.2490  0.0466  0.8345  -6.2437   0.0000   0.3129
  22.000   1.1234   0.32974   0.32946  -0.2326  0.0286  0.7960  -2.1091   0.0000   0.3842
  23.000   1.1303   0.33279   0.33261  -0.2341  0.0241  0.8137  -2.6450   0.0000   0.3791


