XFLR5 v6.09.05 beta

 Calculated polar for: 25s1223

 1 1 Reynolds number fixed          Mach number fixed         

 xtrf =   1.000 (top)        1.000 (bottom)
 Mach =   0.000     Re =     0.120 e 6     Ncrit =   9.000

  alpha     CL        CD       CDp       Cm    Top Xtr Bot Xtr   Cpmin    Chinge    XCp    
 ------- -------- --------- --------- -------- ------- ------- -------- --------- ---------
   0.000   1.5388   0.06097   0.05399  -0.2609  0.5077  0.4353  -1.8180   0.0000   0.4138
   1.000   1.6974   0.06358   0.05642  -0.2699  0.4871  0.4790  -1.9873   0.0000   0.4014
   2.000   1.7999   0.06545   0.05839  -0.2687  0.4697  0.5293  -2.1252   0.0000   0.3897
   3.000   1.9073   0.06761   0.06067  -0.2685  0.4561  0.5900  -2.2801   0.0000   0.3793
   4.000   1.9299   0.07399   0.06763  -0.2570  0.4410  0.6396  -2.3729   0.0000   0.3694
   5.000   2.0251   0.07631   0.07020  -0.2552  0.4257  0.7123  -2.5774   0.0000   0.3601
   6.000   1.9692   0.08967   0.08452  -0.2383  0.4096  0.7369  -2.6038   0.0000   0.3523
   7.000   2.0123   0.09541   0.09058  -0.2324  0.3913  0.7928  -2.8600   0.0000   0.3442
  16.000   1.7549   0.26907   0.26749  -0.2448  0.1431  1.0000  -3.4361   0.0000   0.3375
  21.000   1.0794   0.33759   0.33697  -0.2281  0.0981  1.0000  -1.1662   0.0000   0.3956
  22.000   1.0577   0.34522   0.34476  -0.2324  0.0825  1.0000  -1.1532   0.0000   0.3999
  23.000   1.0408   0.35469   0.35432  -0.2343  0.0760  1.0000  -1.1713   0.0000   0.4014
  24.000   1.0361   0.35989   0.35963  -0.2343  0.0640  1.0000  -1.3198   0.0000   0.3980
  25.000   1.0190   0.37213   0.37193  -0.2373  0.0565  1.0000  -1.2440   0.0000   0.4006


