XFLR5 v6.09.05 beta

 Calculated polar for: 25s1223

 1 1 Reynolds number fixed          Mach number fixed         

 xtrf =   1.000 (top)        1.000 (bottom)
 Mach =   0.000     Re =     0.295 e 6     Ncrit =   9.000

  alpha     CL        CD       CDp       Cm    Top Xtr Bot Xtr   Cpmin    Chinge    XCp    
 ------- -------- --------- --------- -------- ------- ------- -------- --------- ---------
   0.000   1.5603   0.08496   0.07886  -0.2743  0.4187  0.3603  -1.8562   0.0000   0.4189
   1.000   1.6582   0.08609   0.08003  -0.2721  0.4070  0.4012  -1.9878   0.0000   0.4051
   2.000   1.7514   0.08583   0.07983  -0.2687  0.3955  0.4554  -2.1176   0.0000   0.3924
   3.000   1.8865   0.07965   0.07354  -0.2704  0.3830  0.5142  -2.3063   0.0000   0.3805
   4.000   1.9461   0.08066   0.07487  -0.2626  0.3756  0.5517  -2.4442   0.0000   0.3699
   5.000   2.0083   0.08116   0.07568  -0.2552  0.3644  0.5835  -2.6109   0.0000   0.3599
   6.000   2.1021   0.07837   0.07286  -0.2522  0.3482  0.6217  -2.9211   0.0000   0.3507
   7.000   2.1339   0.08217   0.07710  -0.2420  0.3392  0.6502  -3.1738   0.0000   0.3416
   8.000   2.1865   0.08510   0.08020  -0.2351  0.3215  0.6776  -3.4768   0.0000   0.3331
   9.000   2.2437   0.08678   0.08221  -0.2291  0.3060  0.7089  -3.7994   0.0000   0.3252
  10.000   2.3013   0.09005   0.08575  -0.2240  0.2870  0.7377  -4.1741   0.0000   0.3176
  11.000   2.3293   0.09555   0.09150  -0.2168  0.2578  0.7592  -4.4876   0.0000   0.3104
  12.000   2.2969   0.11027   0.10633  -0.2095  0.2097  0.7767  -4.6554   0.0000   0.3050
  13.000   2.2203   0.13111   0.12727  -0.2072  0.1663  0.7886  -4.6786   0.0000   0.3032
  14.000   2.1470   0.15426   0.15071  -0.2112  0.1353  0.7950  -4.6729   0.0000   0.3043
  15.000   2.0838   0.17872   0.17542  -0.2183  0.1115  0.8021  -4.6674   0.0000   0.3068
  16.000   2.0356   0.20209   0.19900  -0.2255  0.0923  0.8113  -4.7069   0.0000   0.3088
  17.000   1.9965   0.22464   0.22178  -0.2323  0.0778  0.8233  -4.9423   0.0000   0.3104
  18.000   1.9677   0.24528   0.24263  -0.2380  0.0668  0.8335  -5.3872   0.0000   0.3109
  19.000   1.9374   0.26632   0.26399  -0.2433  0.0582  0.8426  -5.8422   0.0000   0.3113
  20.000   1.8906   0.29060   0.28854  -0.2486  0.0504  0.8533  -6.2089   0.0000   0.3128
  21.000   1.5326   0.29545   0.29442  -0.2240  0.0458  0.8488  -5.2028   0.0000   0.3233


