XFLR5 v6.09.05 beta

 Calculated polar for: 25s1223

 1 1 Reynolds number fixed          Mach number fixed         

 xtrf =   1.000 (top)        1.000 (bottom)
 Mach =   0.000     Re =     0.040 e 6     Ncrit =   9.000

  alpha     CL        CD       CDp       Cm    Top Xtr Bot Xtr   Cpmin    Chinge    XCp    
 ------- -------- --------- --------- -------- ------- ------- -------- --------- ---------
   0.000  -0.0312   0.13153   0.12758  -0.0460  0.8174  0.2580  -0.6233   0.0000  -1.2652
   1.000   0.1250   0.13325   0.12928  -0.0754  0.8058  0.3334  -0.5244   0.0000   0.8530
   2.000   0.2077   0.13322   0.12925  -0.0844  0.8005  0.3921  -0.4846   0.0000   0.6499
   4.000   0.8339   0.16348   0.15825  -0.2008  0.7413  0.6749  -0.8137   0.0000   0.4775
   5.000   0.9582   0.17913   0.17354  -0.2186  0.7054  0.7341  -0.9075   0.0000   0.4623
   6.000   1.0705   0.19661   0.19093  -0.2341  0.6656  0.7923  -1.0019   0.0000   0.4502
   7.000   1.1773   0.21652   0.21081  -0.2476  0.6224  0.8522  -1.1116   0.0000   0.4392
   8.000   1.2624   0.23680   0.23124  -0.2573  0.5809  0.9333  -1.2174   0.0000   0.4302
  21.000   1.0623   0.34780   0.34647  -0.2303  0.1950  1.0000  -0.9855   0.0000   0.4026
  22.000   1.0395   0.35258   0.35142  -0.2329  0.1809  1.0000  -0.9304   0.0000   0.4058
  23.000   1.0410   0.36256   0.36170  -0.2314  0.1664  1.0000  -1.1055   0.0000   0.4003
  24.000   1.0218   0.36668   0.36599  -0.2343  0.1504  1.0000  -1.1099   0.0000   0.4029
  25.000   1.0121   0.37449   0.37395  -0.2350  0.1382  1.0000  -1.1570   0.0000   0.4015


