XFLR5 v6.09.05 beta

 Calculated polar for: 25s1223

 1 1 Reynolds number fixed          Mach number fixed         

 xtrf =   1.000 (top)        1.000 (bottom)
 Mach =   0.000     Re =     0.245 e 6     Ncrit =   9.000

  alpha     CL        CD       CDp       Cm    Top Xtr Bot Xtr   Cpmin    Chinge    XCp    
 ------- -------- --------- --------- -------- ------- ------- -------- --------- ---------
   0.000   1.5570   0.08213   0.07586  -0.2729  0.4337  0.3719  -1.8498   0.0000   0.4185
   1.000   1.7129   0.07768   0.07114  -0.2782  0.4181  0.4246  -2.0350   0.0000   0.4038
   2.000   1.7982   0.07806   0.07180  -0.2737  0.4078  0.4762  -2.1582   0.0000   0.3916
   3.000   1.8822   0.07748   0.07129  -0.2690  0.3970  0.5234  -2.2967   0.0000   0.3802
   4.000   1.9849   0.07406   0.06786  -0.2665  0.3835  0.5696  -2.4826   0.0000   0.3697
   5.000   2.0268   0.07610   0.07045  -0.2564  0.3749  0.5999  -2.6266   0.0000   0.3596
   6.000   2.0848   0.07763   0.07218  -0.2491  0.3615  0.6341  -2.8810   0.0000   0.3503
   7.000   2.1642   0.07745   0.07221  -0.2450  0.3464  0.6739  -3.2184   0.0000   0.3417
   8.000   2.1914   0.08215   0.07735  -0.2351  0.3319  0.7055  -3.4717   0.0000   0.3331
   9.000   2.2474   0.08493   0.08022  -0.2292  0.3121  0.7362  -3.7958   0.0000   0.3251
  10.000   2.2895   0.08976   0.08561  -0.2228  0.2953  0.7690  -4.1328   0.0000   0.3176
  11.000   2.3279   0.09478   0.09093  -0.2167  0.2739  0.7929  -4.4691   0.0000   0.3105
  12.000   2.3090   0.10754   0.10398  -0.2092  0.2393  0.8119  -4.6707   0.0000   0.3045
  13.000   2.2442   0.12688   0.12339  -0.2056  0.1955  0.8228  -4.7324   0.0000   0.3017
  14.000   2.1642   0.15070   0.14746  -0.2090  0.1587  0.8288  -4.7129   0.0000   0.3027
  15.000   2.0867   0.17716   0.17409  -0.2167  0.1283  0.8339  -4.6646   0.0000   0.3059
  16.000   2.0289   0.20229   0.19931  -0.2247  0.1030  0.8420  -4.6730   0.0000   0.3088
  17.000   1.9934   0.22421   0.22152  -0.2313  0.0863  0.8588  -4.8863   0.0000   0.3101
  20.000   1.8914   0.28903   0.28723  -0.2471  0.0569  1.0000  -6.1718   0.0000   0.3120


