XFLR5 v6.09.05 beta

 Calculated polar for: 25s1223

 1 1 Reynolds number fixed          Mach number fixed         

 xtrf =   1.000 (top)        1.000 (bottom)
 Mach =   0.000     Re =     0.070 e 6     Ncrit =   9.000

  alpha     CL        CD       CDp       Cm    Top Xtr Bot Xtr   Cpmin    Chinge    XCp    
 ------- -------- --------- --------- -------- ------- ------- -------- --------- ---------
   0.000   1.2968   0.06971   0.06312  -0.2248  0.5864  0.5145  -1.5621   0.0000   0.4179
   1.000   1.2366   0.09234   0.08636  -0.2159  0.5500  0.5197  -1.4552   0.0000   0.4171
   2.000   1.5821   0.07893   0.07197  -0.2402  0.5395  0.6078  -1.8536   0.0000   0.3925
   3.000   1.0997   0.14676   0.14172  -0.2216  0.5289  0.5274  -1.1489   0.0000   0.4404
   7.000   1.2692   0.21071   0.20620  -0.2519  0.4784  0.6632  -1.2558   0.0000   0.4276
   8.000   1.3818   0.23627   0.23198  -0.2551  0.4584  0.7629  -1.4469   0.0000   0.4113
   9.000   1.4502   0.25508   0.25095  -0.2593  0.4209  0.8418  -1.5986   0.0000   0.4026
  10.000   1.4890   0.27146   0.26756  -0.2623  0.3839  0.9031  -1.7329   0.0000   0.3970
  23.000   1.0350   0.35726   0.35669  -0.2342  0.1097  1.0000  -1.0869   0.0000   0.4033
  24.000   1.0410   0.36578   0.36537  -0.2311  0.0984  1.0000  -1.3128   0.0000   0.3950
  25.000   1.0156   0.37319   0.37287  -0.2364  0.0873  1.0000  -1.1932   0.0000   0.4012


