XFLR5 v6.09.05 beta

 Calculated polar for: 25s1223

 1 1 Reynolds number fixed          Mach number fixed         

 xtrf =   1.000 (top)        1.000 (bottom)
 Mach =   0.000     Re =     0.125 e 6     Ncrit =   9.000

  alpha     CL        CD       CDp       Cm    Top Xtr Bot Xtr   Cpmin    Chinge    XCp    
 ------- -------- --------- --------- -------- ------- ------- -------- --------- ---------
   0.000   1.5758   0.06052   0.05336  -0.2671  0.5012  0.4339  -1.8526   0.0000   0.4138
   1.000   1.7025   0.06435   0.05724  -0.2712  0.4817  0.4760  -1.9941   0.0000   0.4017
   2.000   1.8183   0.06484   0.05769  -0.2715  0.4650  0.5276  -2.1469   0.0000   0.3898
   3.000   1.8997   0.06807   0.06124  -0.2676  0.4524  0.5810  -2.2748   0.0000   0.3793
   4.000   1.9424   0.07284   0.06643  -0.2585  0.4370  0.6344  -2.3919   0.0000   0.3693
   5.000   2.0530   0.07534   0.06915  -0.2590  0.4209  0.7090  -2.6170   0.0000   0.3603
   6.000   1.9995   0.08642   0.08120  -0.2408  0.4063  0.7344  -2.6649   0.0000   0.3517
   7.000   2.0864   0.08840   0.08328  -0.2384  0.3889  0.7961  -3.0101   0.0000   0.3432
   8.000   1.7456   0.14340   0.13962  -0.2242  0.3520  0.7472  -2.4360   0.0000   0.3535
   9.000   2.1237   0.10420   0.10006  -0.2237  0.3485  0.8627  -3.4546   0.0000   0.3286
  16.000   1.8281   0.24872   0.24716  -0.2390  0.1469  1.0000  -3.7538   0.0000   0.3287
  25.000   1.0198   0.37195   0.37177  -0.2374  0.0534  1.0000  -1.2560   0.0000   0.4005


