XFLR5 v6.09.05 beta

 Calculated polar for: 25s1223

 1 1 Reynolds number fixed          Mach number fixed         

 xtrf =   1.000 (top)        1.000 (bottom)
 Mach =   0.000     Re =     0.280 e 6     Ncrit =   9.000

  alpha     CL        CD       CDp       Cm    Top Xtr Bot Xtr   Cpmin    Chinge    XCp    
 ------- -------- --------- --------- -------- ------- ------- -------- --------- ---------
   0.000   1.5632   0.08365   0.07744  -0.2744  0.4207  0.3644  -1.8577   0.0000   0.4187
   1.000   1.6608   0.08495   0.07882  -0.2721  0.4103  0.4055  -1.9884   0.0000   0.4049
   2.000   1.7564   0.08450   0.07847  -0.2691  0.3990  0.4598  -2.1208   0.0000   0.3922
   3.000   1.8969   0.07794   0.07172  -0.2715  0.3852  0.5194  -2.3160   0.0000   0.3804
   4.000   1.9568   0.07872   0.07282  -0.2636  0.3782  0.5573  -2.4550   0.0000   0.3698
   5.000   2.0136   0.07956   0.07405  -0.2555  0.3673  0.5867  -2.6153   0.0000   0.3598
   6.000   2.0876   0.07923   0.07373  -0.2501  0.3531  0.6236  -2.8943   0.0000   0.3505
   7.000   2.1445   0.08042   0.07528  -0.2430  0.3414  0.6581  -3.1901   0.0000   0.3416
   8.000   2.1853   0.08450   0.07965  -0.2348  0.3248  0.6836  -3.4709   0.0000   0.3331
   9.000   2.2425   0.08628   0.08168  -0.2289  0.3080  0.7151  -3.7934   0.0000   0.3251
  10.000   2.2978   0.08985   0.08560  -0.2236  0.2896  0.7464  -4.1621   0.0000   0.3176
  11.000   2.3335   0.09549   0.09155  -0.2174  0.2628  0.7694  -4.4949   0.0000   0.3105
  12.000   2.2977   0.10979   0.10590  -0.2093  0.2195  0.7865  -4.6539   0.0000   0.3049
  13.000   2.2293   0.12934   0.12561  -0.2065  0.1743  0.7966  -4.7008   0.0000   0.3026
  14.000   2.1467   0.15433   0.15082  -0.2111  0.1412  0.8034  -4.6688   0.0000   0.3043
  15.000   2.0816   0.17902   0.17575  -0.2182  0.1152  0.8113  -4.6572   0.0000   0.3068
  16.000   2.0330   0.20234   0.19927  -0.2254  0.0951  0.8201  -4.6947   0.0000   0.3089
  17.000   1.9928   0.22510   0.22221  -0.2322  0.0792  0.8313  -4.9062   0.0000   0.3105
  18.000   1.9682   0.24476   0.24219  -0.2375  0.0690  0.8421  -5.3806   0.0000   0.3106
  19.000   1.9347   0.26672   0.26440  -0.2432  0.0597  0.8538  -5.8100   0.0000   0.3114
  20.000   1.8922   0.29016   0.28821  -0.2483  0.0523  0.8703  -6.2118   0.0000   0.3125


