XFLR5 v6.09.05 beta

 Calculated polar for: 25s1223

 1 1 Reynolds number fixed          Mach number fixed         

 xtrf =   1.000 (top)        1.000 (bottom)
 Mach =   0.000     Re =     0.310 e 6     Ncrit =   9.000

  alpha     CL        CD       CDp       Cm    Top Xtr Bot Xtr   Cpmin    Chinge    XCp    
 ------- -------- --------- --------- -------- ------- ------- -------- --------- ---------
   0.000   1.5602   0.08590   0.07988  -0.2746  0.4163  0.3566  -1.8574   0.0000   0.4191
   1.000   1.6577   0.08698   0.08096  -0.2722  0.4039  0.3976  -1.9892   0.0000   0.4052
   2.000   1.7513   0.08652   0.08053  -0.2689  0.3916  0.4520  -2.1188   0.0000   0.3925
   3.000   1.8688   0.08229   0.07633  -0.2684  0.3815  0.5090  -2.2889   0.0000   0.3807
   4.000   1.9346   0.08288   0.07719  -0.2615  0.3729  0.5469  -2.4323   0.0000   0.3700
   5.000   1.9970   0.08350   0.07807  -0.2542  0.3618  0.5803  -2.5986   0.0000   0.3600
   6.000   2.0937   0.08013   0.07471  -0.2515  0.3471  0.6187  -2.9091   0.0000   0.3507
   7.000   2.1279   0.08361   0.07858  -0.2416  0.3369  0.6437  -3.1656   0.0000   0.3416
   8.000   2.1898   0.08531   0.08036  -0.2357  0.3176  0.6730  -3.4857   0.0000   0.3332
   9.000   2.2473   0.08738   0.08285  -0.2297  0.3039  0.7028  -3.8112   0.0000   0.3252
  10.000   2.3041   0.09017   0.08581  -0.2244  0.2841  0.7297  -4.1835   0.0000   0.3176
  11.000   2.3280   0.09674   0.09256  -0.2172  0.2502  0.7524  -4.4898   0.0000   0.3105
  12.000   2.2890   0.11125   0.10719  -0.2094  0.2006  0.7664  -4.6382   0.0000   0.3052
  13.000   2.2198   0.13144   0.12754  -0.2075  0.1587  0.7798  -4.6797   0.0000   0.3034
  14.000   2.1464   0.15477   0.15115  -0.2117  0.1301  0.7881  -4.6734   0.0000   0.3046
  15.000   2.0843   0.17869   0.17534  -0.2184  0.1080  0.7946  -4.6719   0.0000   0.3068
  16.000   2.0366   0.20209   0.19896  -0.2256  0.0896  0.8026  -4.7127   0.0000   0.3088
  17.000   1.9995   0.22429   0.22143  -0.2323  0.0760  0.8150  -4.9730   0.0000   0.3102
  18.000   1.9666   0.24594   0.24323  -0.2384  0.0644  0.8263  -5.3875   0.0000   0.3112
  19.000   1.9398   0.26607   0.26372  -0.2434  0.0565  0.8343  -5.8714   0.0000   0.3112
  20.000   1.8899   0.29100   0.28885  -0.2489  0.0483  0.8423  -6.2137   0.0000   0.3130
  21.000   1.5337   0.29545   0.29441  -0.2242  0.0449  0.8389  -5.2261   0.0000   0.3233
  22.000   1.0756   0.34012   0.33984  -0.2336  0.0381  0.7924  -1.4315   0.0000   0.3961
  23.000   1.1216   0.33431   0.33412  -0.2342  0.0240  0.8198  -2.5076   0.0000   0.3811


