XFLR5 v6.09.05 beta

 Calculated polar for: 25s1223

 1 1 Reynolds number fixed          Mach number fixed         

 xtrf =   1.000 (top)        1.000 (bottom)
 Mach =   0.000     Re =     0.155 e 6     Ncrit =   9.000

  alpha     CL        CD       CDp       Cm    Top Xtr Bot Xtr   Cpmin    Chinge    XCp    
 ------- -------- --------- --------- -------- ------- ------- -------- --------- ---------
   0.000   1.6023   0.06742   0.06055  -0.2751  0.4755  0.4177  -1.8797   0.0000   0.4156
   1.000   1.7499   0.06595   0.05876  -0.2801  0.4568  0.4672  -2.0508   0.0000   0.4022
   2.000   1.8183   0.06784   0.06105  -0.2732  0.4441  0.5087  -2.1572   0.0000   0.3904
   3.000   1.9057   0.06839   0.06168  -0.2692  0.4315  0.5578  -2.2986   0.0000   0.3793
   4.000   1.9985   0.06954   0.06297  -0.2664  0.4181  0.6154  -2.4738   0.0000   0.3694
   5.000   2.0259   0.07390   0.06805  -0.2551  0.4050  0.6589  -2.5977   0.0000   0.3597
   6.000   2.1053   0.07510   0.06934  -0.2508  0.3900  0.7120  -2.8821   0.0000   0.3506
   7.000   2.1252   0.08191   0.07679  -0.2411  0.3749  0.7505  -3.1052   0.0000   0.3423
   8.000   2.1792   0.08495   0.08022  -0.2349  0.3567  0.7960  -3.4066   0.0000   0.3340
  10.000   2.2712   0.09216   0.08786  -0.2223  0.3135  0.8595  -4.0453   0.0000   0.3185
  11.000   2.2358   0.10444   0.10104  -0.2123  0.2933  0.8767  -4.1939   0.0000   0.3122
  12.000   2.2079   0.11791   0.11503  -0.2065  0.2700  1.0000  -4.3524   0.0000   0.3073
  13.000   2.1725   0.13451   0.13199  -0.2050  0.2414  1.0000  -4.4747   0.0000   0.3044
  14.000   2.1055   0.15827   0.15607  -0.2094  0.2065  1.0000  -4.4758   0.0000   0.3055
  15.000   2.0887   0.17312   0.17067  -0.2117  0.1698  1.0000  -4.6167   0.0000   0.3036
  16.000   2.0484   0.19375   0.19139  -0.2170  0.1403  1.0000  -4.6901   0.0000   0.3043
  17.000   2.0153   0.21393   0.21177  -0.2223  0.1180  1.0000  -4.9647   0.0000   0.3046
  18.000   1.9800   0.23547   0.23347  -0.2284  0.0999  1.0000  -5.2963   0.0000   0.3056


