XFLR5 v6.09.05 beta

 Calculated polar for: 25s1223

 1 1 Reynolds number fixed          Mach number fixed         

 xtrf =   1.000 (top)        1.000 (bottom)
 Mach =   0.000     Re =     0.005 e 6     Ncrit =   9.000

  alpha     CL        CD       CDp       Cm    Top Xtr Bot Xtr   Cpmin    Chinge    XCp    
 ------- -------- --------- --------- -------- ------- ------- -------- --------- ---------
   0.000  -0.0630   0.12213   0.10969  -0.0029  1.0000  1.0000  -0.8413   0.0000   0.1871
   1.000  -0.0731   0.11585   0.10383  -0.0011  1.0000  1.0000  -0.8476   0.0000   0.2207
   2.000  -0.0826   0.10751   0.09590   0.0004  1.0000  1.0000  -0.8538   0.0000   0.2429
   3.000  -0.0809   0.09779   0.08648  -0.0007  1.0000  1.0000  -0.8691   0.0000   0.2308
   4.000   0.5036   0.14792   0.13254  -0.1345  1.0000  1.0000  -0.6809   0.0000   0.5024
   8.000   1.0539   0.25597   0.23673  -0.2363  1.0000  1.0000  -1.0119   0.0000   0.4489
   9.000   1.1116   0.27543   0.25640  -0.2457  1.0000  1.0000  -1.0733   0.0000   0.4430
  10.000   1.1598   0.29463   0.27636  -0.2539  1.0000  1.0000  -1.1333   0.0000   0.4380
  11.000   1.2007   0.31402   0.29623  -0.2614  1.0000  1.0000  -1.1931   0.0000   0.4337
  12.000   1.2359   0.33388   0.31670  -0.2683  1.0000  1.0000  -1.2529   0.0000   0.4301
  18.000   1.3403   0.45465   0.44338  -0.3000  0.9849  1.0000  -1.3943   0.0000   0.4163
  19.000   1.3238   0.47409   0.46392  -0.2991  0.9565  1.0000  -1.3671   0.0000   0.4149
  20.000   1.2050   0.46234   0.45427  -0.2751  0.9046  1.0000  -1.1629   0.0000   0.4150
  21.000   1.1197   0.43690   0.43002  -0.2581  0.8623  1.0000  -1.0359   0.0000   0.4146
  22.000   1.1076   0.44624   0.44024  -0.2571  0.8307  1.0000  -1.0243   0.0000   0.4128


