XFLR5 v6.09.05 beta

 Calculated polar for: 25s1223

 1 1 Reynolds number fixed          Mach number fixed         

 xtrf =   1.000 (top)        1.000 (bottom)
 Mach =   0.000     Re =     0.225 e 6     Ncrit =   9.000

  alpha     CL        CD       CDp       Cm    Top Xtr Bot Xtr   Cpmin    Chinge    XCp    
 ------- -------- --------- --------- -------- ------- ------- -------- --------- ---------
   0.000   1.5880   0.07810   0.07171  -0.2766  0.4407  0.3845  -1.8766   0.0000   0.4176
   1.000   1.7326   0.07403   0.06728  -0.2802  0.4224  0.4343  -2.0515   0.0000   0.4033
   2.000   1.8117   0.07488   0.06847  -0.2749  0.4136  0.4821  -2.1685   0.0000   0.3913
   3.000   1.8884   0.07514   0.06890  -0.2692  0.4029  0.5270  -2.2989   0.0000   0.3800
   4.000   1.9670   0.07441   0.06818  -0.2636  0.3909  0.5714  -2.4600   0.0000   0.3694
   5.000   2.0406   0.07421   0.06841  -0.2579  0.3794  0.6134  -2.6411   0.0000   0.3597
   6.000   2.0868   0.07656   0.07112  -0.2491  0.3664  0.6448  -2.8780   0.0000   0.3503
   7.000   2.1673   0.07667   0.07134  -0.2450  0.3508  0.6859  -3.2193   0.0000   0.3417
   8.000   2.1988   0.08118   0.07638  -0.2359  0.3364  0.7192  -3.4791   0.0000   0.3333
   9.000   2.2526   0.08375   0.07895  -0.2295  0.3147  0.7530  -3.8007   0.0000   0.3252
  10.000   2.2840   0.08999   0.08587  -0.2224  0.2988  0.7856  -4.1130   0.0000   0.3177
  11.000   2.3246   0.09482   0.09092  -0.2166  0.2773  0.8078  -4.4549   0.0000   0.3106
  12.000   2.3102   0.10645   0.10287  -0.2088  0.2483  0.8282  -4.6655   0.0000   0.3044
  13.000   2.2531   0.12495   0.12172  -0.2049  0.2089  0.8369  -4.7482   0.0000   0.3012
  14.000   2.1678   0.14949   0.14636  -0.2080  0.1700  0.8437  -4.7169   0.0000   0.3021
  15.000   2.0922   0.17555   0.17263  -0.2154  0.1379  0.8514  -4.6743   0.0000   0.3051
  16.000   2.0339   0.20086   0.19809  -0.2236  0.1106  0.8635  -4.6836   0.0000   0.3080
  17.000   1.9935   0.22376   0.22121  -0.2307  0.0913  0.8976  -4.8729   0.0000   0.3097
  18.000   1.9614   0.24519   0.24278  -0.2367  0.0772  1.0000  -5.2841   0.0000   0.3106
  19.000   1.9270   0.26720   0.26511  -0.2423  0.0674  1.0000  -5.7011   0.0000   0.3114
  20.000   1.8903   0.28826   0.28648  -0.2462  0.0595  1.0000  -6.1400   0.0000   0.3116


