XFLR5 v6.09.05 beta

 Calculated polar for: 25s1223

 1 1 Reynolds number fixed          Mach number fixed         

 xtrf =   1.000 (top)        1.000 (bottom)
 Mach =   0.000     Re =     0.135 e 6     Ncrit =   9.000

  alpha     CL        CD       CDp       Cm    Top Xtr Bot Xtr   Cpmin    Chinge    XCp    
 ------- -------- --------- --------- -------- ------- ------- -------- --------- ---------
   0.000   1.5961   0.06304   0.05600  -0.2720  0.4919  0.4285  -1.8704   0.0000   0.4146
   1.000   1.7167   0.06533   0.05821  -0.2741  0.4723  0.4723  -2.0128   0.0000   0.4019
   2.000   1.8386   0.06499   0.05787  -0.2752  0.4568  0.5235  -2.1696   0.0000   0.3901
   3.000   1.8967   0.06873   0.06203  -0.2677  0.4445  0.5714  -2.2770   0.0000   0.3794
   4.000   1.9730   0.07050   0.06393  -0.2624  0.4300  0.6278  -2.4362   0.0000   0.3692
   5.000   2.0326   0.07496   0.06898  -0.2561  0.4160  0.6852  -2.5959   0.0000   0.3599
   6.000   2.0365   0.08209   0.07674  -0.2439  0.4002  0.7247  -2.7423   0.0000   0.3511
   7.000   2.1327   0.08462   0.07937  -0.2429  0.3828  0.7863  -3.1055   0.0000   0.3429
   9.000   2.1443   0.10003   0.09591  -0.2242  0.3452  0.8459  -3.5094   0.0000   0.3278
  10.000   2.1093   0.11239   0.10886  -0.2154  0.3222  0.8700  -3.6285   0.0000   0.3221
  15.000   1.9507   0.20309   0.20128  -0.2245  0.1766  1.0000  -4.1044   0.0000   0.3169
  16.000   1.9884   0.20681   0.20488  -0.2222  0.1490  1.0000  -4.4342   0.0000   0.3099
  17.000   1.9235   0.23672   0.23513  -0.2312  0.1268  1.0000  -4.3828   0.0000   0.3144


