XFLR5 v6.09.05 beta

 Calculated polar for: 25s1223

 1 1 Reynolds number fixed          Mach number fixed         

 xtrf =   1.000 (top)        1.000 (bottom)
 Mach =   0.000     Re =     0.255 e 6     Ncrit =   9.000

  alpha     CL        CD       CDp       Cm    Top Xtr Bot Xtr   Cpmin    Chinge    XCp    
 ------- -------- --------- --------- -------- ------- ------- -------- --------- ---------
   0.000   1.5567   0.08289   0.07663  -0.2731  0.4301  0.3698  -1.8506   0.0000   0.4186
   1.000   1.6955   0.07980   0.07338  -0.2760  0.4160  0.4173  -2.0196   0.0000   0.4041
   2.000   1.7901   0.07965   0.07344  -0.2730  0.4050  0.4725  -2.1516   0.0000   0.3918
   3.000   1.8794   0.07849   0.07231  -0.2689  0.3942  0.5215  -2.2956   0.0000   0.3803
   4.000   1.9773   0.07543   0.06932  -0.2658  0.3822  0.5669  -2.4755   0.0000   0.3698
   5.000   2.0225   0.07706   0.07146  -0.2561  0.3727  0.5951  -2.6228   0.0000   0.3597
   6.000   2.0836   0.07830   0.07284  -0.2491  0.3594  0.6302  -2.8817   0.0000   0.3503
   7.000   2.1581   0.07832   0.07304  -0.2444  0.3451  0.6692  -3.2098   0.0000   0.3417
   8.000   2.1881   0.08296   0.07816  -0.2348  0.3297  0.6982  -3.4688   0.0000   0.3331
   9.000   2.2455   0.08547   0.08080  -0.2291  0.3110  0.7288  -3.7947   0.0000   0.3251
  10.000   2.2877   0.08942   0.08523  -0.2222  0.2940  0.7605  -4.1302   0.0000   0.3175
  11.000   2.3305   0.09498   0.09113  -0.2171  0.2713  0.7865  -4.4790   0.0000   0.3105
  12.000   2.3071   0.10804   0.10440  -0.2092  0.2337  0.8037  -4.6697   0.0000   0.3046
  13.000   2.2413   0.12758   0.12404  -0.2060  0.1895  0.8153  -4.7275   0.0000   0.3020
  14.000   2.1596   0.15175   0.14844  -0.2097  0.1531  0.8216  -4.7021   0.0000   0.3032
  15.000   2.0821   0.17833   0.17516  -0.2174  0.1238  0.8275  -4.6529   0.0000   0.3064
  16.000   2.0266   0.20304   0.19998  -0.2252  0.0995  0.8343  -4.6668   0.0000   0.3092
  17.000   1.9930   0.22446   0.22169  -0.2316  0.0843  0.8491  -4.8911   0.0000   0.3102
  18.000   1.9663   0.24488   0.24243  -0.2372  0.0728  0.8637  -5.3462   0.0000   0.3106
  20.000   1.8920   0.28933   0.28751  -0.2475  0.0556  1.0000  -6.1873   0.0000   0.3121


