XFLR5 v6.09.05 beta

 Calculated polar for: 25s1223

 1 1 Reynolds number fixed          Mach number fixed         

 xtrf =   1.000 (top)        1.000 (bottom)
 Mach =   0.000     Re =     0.330 e 6     Ncrit =   9.000

  alpha     CL        CD       CDp       Cm    Top Xtr Bot Xtr   Cpmin    Chinge    XCp    
 ------- -------- --------- --------- -------- ------- ------- -------- --------- ---------
   0.000   1.5617   0.08686   0.08092  -0.2751  0.4128  0.3523  -1.8603   0.0000   0.4192
   1.000   1.6583   0.08789   0.08192  -0.2726  0.3999  0.3935  -1.9920   0.0000   0.4053
   2.000   1.7576   0.08643   0.08046  -0.2699  0.3853  0.4491  -2.1254   0.0000   0.3925
   3.000   1.8431   0.08618   0.08041  -0.2656  0.3790  0.5006  -2.2629   0.0000   0.3810
   4.000   1.9197   0.08587   0.08027  -0.2601  0.3696  0.5415  -2.4165   0.0000   0.3702
   5.000   1.9920   0.08541   0.07999  -0.2541  0.3582  0.5778  -2.5945   0.0000   0.3601
   6.000   2.0757   0.08298   0.07769  -0.2496  0.3455  0.6136  -2.8804   0.0000   0.3507
   7.000   2.1262   0.08496   0.07997  -0.2417  0.3340  0.6375  -3.1662   0.0000   0.3417
   8.000   2.1937   0.08553   0.08059  -0.2364  0.3133  0.6680  -3.4955   0.0000   0.3333
   9.000   2.2511   0.08802   0.08351  -0.2304  0.3012  0.6947  -3.8241   0.0000   0.3253
  10.000   2.3071   0.09026   0.08588  -0.2248  0.2805  0.7212  -4.1937   0.0000   0.3177
  11.000   2.3315   0.09732   0.09314  -0.2179  0.2414  0.7431  -4.5031   0.0000   0.3106
  12.000   2.2780   0.11268   0.10849  -0.2093  0.1906  0.7550  -4.6128   0.0000   0.3055
  13.000   2.2131   0.13243   0.12843  -0.2079  0.1509  0.7677  -4.6635   0.0000   0.3038
  14.000   2.1433   0.15560   0.15190  -0.2123  0.1248  0.7774  -4.6665   0.0000   0.3050
  15.000   2.0827   0.17952   0.17609  -0.2191  0.1034  0.7858  -4.6695   0.0000   0.3072
  16.000   2.0352   0.20269   0.19950  -0.2261  0.0861  0.7935  -4.7098   0.0000   0.3092
  17.000   2.0022   0.22403   0.22115  -0.2324  0.0735  0.8040  -5.0029   0.0000   0.3101
  18.000   1.9686   0.24587   0.24312  -0.2386  0.0618  0.8166  -5.4140   0.0000   0.3111
  19.000   1.9415   0.26606   0.26365  -0.2436  0.0543  0.8257  -5.8983   0.0000   0.3112
  20.000   1.8934   0.29054   0.28834  -0.2490  0.0464  0.8326  -6.2539   0.0000   0.3129
  21.000   1.5378   0.29535   0.29428  -0.2244  0.0434  0.8303  -5.2736   0.0000   0.3230
  22.000   1.3595   0.30526   0.30484  -0.2258  0.0384  0.8296  -4.5739   0.0000   0.3394


