XFLR5 v6.09.05 beta

 Calculated polar for: 25s1223

 1 1 Reynolds number fixed          Mach number fixed         

 xtrf =   1.000 (top)        1.000 (bottom)
 Mach =   0.000     Re =     0.320 e 6     Ncrit =   9.000

  alpha     CL        CD       CDp       Cm    Top Xtr Bot Xtr   Cpmin    Chinge    XCp    
 ------- -------- --------- --------- -------- ------- ------- -------- --------- ---------
   1.000   1.6579   0.08747   0.08148  -0.2724  0.4019  0.3955  -1.9905   0.0000   0.4053
   2.000   1.7533   0.08665   0.08067  -0.2693  0.3886  0.4503  -2.1212   0.0000   0.3925
   3.000   1.8492   0.08495   0.07912  -0.2662  0.3803  0.5036  -2.2686   0.0000   0.3808
   4.000   1.9232   0.08483   0.07920  -0.2603  0.3713  0.5434  -2.4197   0.0000   0.3701
   5.000   1.9928   0.08467   0.07925  -0.2540  0.3601  0.5789  -2.5945   0.0000   0.3600
   6.000   2.0876   0.08132   0.07596  -0.2509  0.3463  0.6167  -2.9001   0.0000   0.3507
   7.000   2.1266   0.08432   0.07932  -0.2416  0.3354  0.6403  -3.1650   0.0000   0.3416
   8.000   2.1941   0.08502   0.08005  -0.2363  0.3142  0.6705  -3.4948   0.0000   0.3333
   9.000   2.2492   0.08771   0.08319  -0.2301  0.3025  0.6986  -3.8178   0.0000   0.3252
  10.000   2.3061   0.09012   0.08573  -0.2246  0.2819  0.7252  -4.1897   0.0000   0.3177
  11.000   2.3305   0.09701   0.09284  -0.2176  0.2464  0.7478  -4.4983   0.0000   0.3106
  12.000   2.2807   0.11165   0.10752  -0.2088  0.1966  0.7591  -4.6176   0.0000   0.3053
  13.000   2.2171   0.13190   0.12795  -0.2077  0.1544  0.7737  -4.6738   0.0000   0.3036
  14.000   2.1455   0.15512   0.15146  -0.2120  0.1274  0.7828  -4.6719   0.0000   0.3048
  15.000   2.0840   0.17905   0.17566  -0.2187  0.1057  0.7905  -4.6722   0.0000   0.3070
  16.000   2.0360   0.20215   0.19899  -0.2257  0.0879  0.7968  -4.7121   0.0000   0.3089
  17.000   2.0011   0.22414   0.22126  -0.2324  0.0748  0.8095  -4.9896   0.0000   0.3102
  18.000   1.9666   0.24615   0.24340  -0.2386  0.0627  0.8214  -5.3933   0.0000   0.3112
  19.000   1.9409   0.26601   0.26362  -0.2435  0.0554  0.8301  -5.8870   0.0000   0.3112


