XFLR5 v6.09.05 beta

 Calculated polar for: 25s1223

 1 1 Reynolds number fixed          Mach number fixed         

 xtrf =   1.000 (top)        1.000 (bottom)
 Mach =   0.000     Re =     0.240 e 6     Ncrit =   9.000

  alpha     CL        CD       CDp       Cm    Top Xtr Bot Xtr   Cpmin    Chinge    XCp    
 ------- -------- --------- --------- -------- ------- ------- -------- --------- ---------
   0.000   1.5585   0.08157   0.07529  -0.2730  0.4355  0.3729  -1.8505   0.0000   0.4184
   1.000   1.7204   0.07658   0.06998  -0.2790  0.4191  0.4279  -2.0415   0.0000   0.4036
   2.000   1.8018   0.07727   0.07098  -0.2741  0.4092  0.4778  -2.1610   0.0000   0.3915
   3.000   1.8840   0.07689   0.07069  -0.2691  0.3984  0.5244  -2.2976   0.0000   0.3802
   4.000   1.9888   0.07335   0.06710  -0.2669  0.3841  0.5708  -2.4862   0.0000   0.3697
   5.000   2.0294   0.07562   0.06994  -0.2567  0.3761  0.6028  -2.6292   0.0000   0.3596
   6.000   2.0853   0.07733   0.07188  -0.2491  0.3627  0.6364  -2.8803   0.0000   0.3503
   7.000   2.1673   0.07706   0.07179  -0.2453  0.3471  0.6767  -3.2227   0.0000   0.3417
   8.000   2.1931   0.08169   0.07688  -0.2352  0.3330  0.7090  -3.4729   0.0000   0.3331
   9.000   2.2489   0.08462   0.07988  -0.2293  0.3126  0.7403  -3.7976   0.0000   0.3252
  10.000   2.2886   0.08982   0.08567  -0.2227  0.2961  0.7730  -4.1293   0.0000   0.3176
  11.000   2.3262   0.09471   0.09084  -0.2165  0.2749  0.7956  -4.4634   0.0000   0.3105
  12.000   2.3093   0.10730   0.10375  -0.2091  0.2420  0.8160  -4.6694   0.0000   0.3045
  13.000   2.2479   0.12620   0.12279  -0.2054  0.1986  0.8267  -4.7408   0.0000   0.3015
  14.000   2.1654   0.15033   0.14712  -0.2088  0.1616  0.8321  -4.7151   0.0000   0.3025
  15.000   2.0885   0.17666   0.17365  -0.2163  0.1307  0.8371  -4.6686   0.0000   0.3057
  16.000   2.0305   0.20185   0.19892  -0.2244  0.1047  0.8469  -4.6773   0.0000   0.3086
  17.000   1.9932   0.22420   0.22155  -0.2312  0.0874  0.8642  -4.8809   0.0000   0.3100
  18.000   1.9636   0.24515   0.24273  -0.2370  0.0751  0.9003  -5.3139   0.0000   0.3106
  19.000   1.9281   0.26753   0.26530  -0.2428  0.0645  1.0000  -5.7272   0.0000   0.3116
  20.000   1.8914   0.28880   0.28701  -0.2469  0.0575  1.0000  -6.1658   0.0000   0.3119


