XFLR5 v6.09.05 beta

 Calculated polar for: 25s1223

 1 1 Reynolds number fixed          Mach number fixed         

 xtrf =   1.000 (top)        1.000 (bottom)
 Mach =   0.000     Re =     0.085 e 6     Ncrit =   9.000

  alpha     CL        CD       CDp       Cm    Top Xtr Bot Xtr   Cpmin    Chinge    XCp    
 ------- -------- --------- --------- -------- ------- ------- -------- --------- ---------
   0.000   1.4233   0.06197   0.05517  -0.2413  0.5584  0.4809  -1.6968   0.0000   0.4140
   1.000   1.6352   0.06329   0.05590  -0.2587  0.5347  0.5305  -1.9072   0.0000   0.4010
   2.000   1.6894   0.07106   0.06405  -0.2531  0.5121  0.5744  -1.9843   0.0000   0.3904
   3.000   1.7990   0.07631   0.06947  -0.2547  0.4961  0.6363  -2.1316   0.0000   0.3802
   4.000   1.4662   0.12493   0.11957  -0.2286  0.4633  0.5824  -1.7019   0.0000   0.3917
   6.000   1.3958   0.19178   0.18733  -0.2450  0.4590  0.6216  -1.5027   0.0000   0.4072
   7.000   1.3174   0.20846   0.20439  -0.2535  0.4382  0.6261  -1.3406   0.0000   0.4214
   8.000   1.4341   0.22814   0.22414  -0.2521  0.4206  0.7225  -1.5700   0.0000   0.4023
   9.000   1.4795   0.24113   0.23729  -0.2537  0.3837  0.7955  -1.7031   0.0000   0.3951
  10.000   1.4706   0.24680   0.24312  -0.2584  0.3212  0.8321  -1.7529   0.0000   0.3957
  11.000   1.5913   0.24273   0.23939  -0.2501  0.2819  0.9303  -2.2009   0.0000   0.3738
  23.000   1.0419   0.35424   0.35376  -0.2320  0.0975  1.0000  -1.1852   0.0000   0.3994
  24.000   1.0302   0.36265   0.36229  -0.2346  0.0828  1.0000  -1.2240   0.0000   0.4002
  25.000   1.0173   0.37147   0.37119  -0.2358  0.0771  1.0000  -1.2326   0.0000   0.4000


