XFLR5 v6.09.05 beta

 Calculated polar for: 25s1223

 1 1 Reynolds number fixed          Mach number fixed         

 xtrf =   1.000 (top)        1.000 (bottom)
 Mach =   0.000     Re =     0.300 e 6     Ncrit =   9.000

  alpha     CL        CD       CDp       Cm    Top Xtr Bot Xtr   Cpmin    Chinge    XCp    
 ------- -------- --------- --------- -------- ------- ------- -------- --------- ---------
   0.000   1.5601   0.08530   0.07923  -0.2744  0.4179  0.3590  -1.8565   0.0000   0.4190
   1.000   1.6579   0.08641   0.08037  -0.2721  0.4059  0.4000  -1.9881   0.0000   0.4051
   2.000   1.7510   0.08612   0.08013  -0.2688  0.3942  0.4542  -2.1176   0.0000   0.3924
   3.000   1.8805   0.08052   0.07446  -0.2697  0.3825  0.5126  -2.3004   0.0000   0.3806
   4.000   1.9429   0.08133   0.07557  -0.2623  0.3747  0.5501  -2.4409   0.0000   0.3699
   5.000   2.0064   0.08174   0.07627  -0.2551  0.3635  0.5826  -2.6092   0.0000   0.3599
   6.000   2.0995   0.07893   0.07345  -0.2520  0.3478  0.6207  -2.9175   0.0000   0.3507
   7.000   2.1310   0.08272   0.07767  -0.2418  0.3384  0.6477  -3.1695   0.0000   0.3416
   8.000   2.1873   0.08523   0.08031  -0.2353  0.3203  0.6759  -3.4794   0.0000   0.3331
   9.000   2.2450   0.08700   0.08244  -0.2293  0.3053  0.7070  -3.8037   0.0000   0.3252
  10.000   2.3022   0.09011   0.08579  -0.2242  0.2861  0.7349  -4.1774   0.0000   0.3176
  11.000   2.3295   0.09598   0.09188  -0.2170  0.2553  0.7571  -4.4902   0.0000   0.3105
  12.000   2.2950   0.11056   0.10659  -0.2095  0.2064  0.7732  -4.6516   0.0000   0.3050
  13.000   2.2207   0.13116   0.12730  -0.2073  0.1638  0.7858  -4.6806   0.0000   0.3032
  14.000   2.1469   0.15443   0.15086  -0.2114  0.1334  0.7929  -4.6733   0.0000   0.3044
  15.000   2.0840   0.17861   0.17530  -0.2182  0.1104  0.7990  -4.6693   0.0000   0.3067
  16.000   2.0361   0.20207   0.19897  -0.2255  0.0914  0.8085  -4.7095   0.0000   0.3088
  17.000   1.9976   0.22451   0.22165  -0.2323  0.0772  0.8205  -4.9532   0.0000   0.3103
  18.000   1.9674   0.24550   0.24284  -0.2381  0.0660  0.8311  -5.3875   0.0000   0.3110
  19.000   1.9383   0.26621   0.26388  -0.2433  0.0576  0.8394  -5.8528   0.0000   0.3112
  20.000   1.8901   0.29079   0.28869  -0.2487  0.0497  0.8493  -6.2085   0.0000   0.3129


