XFLR5 v6.09.05 beta

 Calculated polar for: 25s1223

 1 1 Reynolds number fixed          Mach number fixed         

 xtrf =   1.000 (top)        1.000 (bottom)
 Mach =   0.000     Re =     0.315 e 6     Ncrit =   9.000

  alpha     CL        CD       CDp       Cm    Top Xtr Bot Xtr   Cpmin    Chinge    XCp    
 ------- -------- --------- --------- -------- ------- ------- -------- --------- ---------
   0.000   1.5605   0.08617   0.08017  -0.2747  0.4154  0.3555  -1.8580   0.0000   0.4191
   1.000   1.6578   0.08723   0.08123  -0.2723  0.4029  0.3965  -1.9898   0.0000   0.4052
   2.000   1.7521   0.08662   0.08064  -0.2691  0.3901  0.4511  -2.1198   0.0000   0.3925
   3.000   1.8578   0.08373   0.07784  -0.2672  0.3809  0.5061  -2.2776   0.0000   0.3808
   4.000   1.9270   0.08407   0.07842  -0.2607  0.3721  0.5448  -2.4236   0.0000   0.3701
   5.000   1.9943   0.08416   0.07874  -0.2540  0.3610  0.5795  -2.5957   0.0000   0.3600
   6.000   2.0907   0.08073   0.07534  -0.2512  0.3467  0.6178  -2.9047   0.0000   0.3507
   7.000   2.1271   0.08398   0.07897  -0.2415  0.3362  0.6419  -3.1650   0.0000   0.3416
   8.000   2.1917   0.08522   0.08026  -0.2360  0.3160  0.6717  -3.4898   0.0000   0.3332
   9.000   2.2483   0.08755   0.08302  -0.2299  0.3032  0.7007  -3.8146   0.0000   0.3252
  10.000   2.3050   0.09016   0.08579  -0.2245  0.2831  0.7274  -4.1866   0.0000   0.3176
  11.000   2.3294   0.09688   0.09271  -0.2174  0.2485  0.7502  -4.4944   0.0000   0.3106
  13.000   2.2186   0.13165   0.12772  -0.2076  0.1565  0.7768  -4.6773   0.0000   0.3035
  14.000   2.1461   0.15493   0.15129  -0.2119  0.1287  0.7855  -4.6731   0.0000   0.3047
  15.000   2.0842   0.17886   0.17549  -0.2186  0.1069  0.7927  -4.6724   0.0000   0.3069
  16.000   2.0364   0.20211   0.19897  -0.2257  0.0887  0.7997  -4.7129   0.0000   0.3089
  17.000   2.0003   0.22421   0.22134  -0.2323  0.0754  0.8123  -4.9817   0.0000   0.3102
  18.000   1.9665   0.24608   0.24336  -0.2385  0.0636  0.8238  -5.3893   0.0000   0.3112
  19.000   1.9404   0.26603   0.26366  -0.2434  0.0559  0.8323  -5.8796   0.0000   0.3112
  20.000   1.8906   0.29091   0.28873  -0.2489  0.0475  0.8393  -6.2224   0.0000   0.3130
  21.000   1.5345   0.29543   0.29439  -0.2242  0.0445  0.8361  -5.2365   0.0000   0.3232


