XFLR5 v6.09.05 beta

 Calculated polar for: 25s1223

 1 1 Reynolds number fixed          Mach number fixed         

 xtrf =   1.000 (top)        1.000 (bottom)
 Mach =   0.000     Re =     0.185 e 6     Ncrit =   9.000

  alpha     CL        CD       CDp       Cm    Top Xtr Bot Xtr   Cpmin    Chinge    XCp    
 ------- -------- --------- --------- -------- ------- ------- -------- --------- ---------
   0.000   1.6237   0.06936   0.06254  -0.2794  0.4569  0.4044  -1.9054   0.0000   0.4159
   1.000   1.7145   0.07149   0.06477  -0.2763  0.4415  0.4436  -2.0259   0.0000   0.4029
   2.000   1.8135   0.07055   0.06383  -0.2735  0.4280  0.4918  -2.1640   0.0000   0.3906
   3.000   1.9145   0.06933   0.06276  -0.2712  0.4170  0.5397  -2.3165   0.0000   0.3796
   4.000   1.9628   0.07197   0.06576  -0.2619  0.4052  0.5827  -2.4433   0.0000   0.3692
   5.000   2.0389   0.07266   0.06670  -0.2567  0.3921  0.6310  -2.6299   0.0000   0.3594
   6.000   2.1030   0.07497   0.06937  -0.2509  0.3783  0.6755  -2.8920   0.0000   0.3505
   7.000   2.1407   0.07869   0.07351  -0.2420  0.3638  0.7156  -3.1523   0.0000   0.3418
   8.000   2.2115   0.08034   0.07540  -0.2374  0.3460  0.7608  -3.4865   0.0000   0.3336
   9.000   2.2302   0.08651   0.08204  -0.2280  0.3266  0.7902  -3.7323   0.0000   0.3255
  10.000   2.2706   0.09127   0.08716  -0.2217  0.3073  0.8224  -4.0635   0.0000   0.3181
  11.000   2.3046   0.09624   0.09241  -0.2152  0.2857  0.8431  -4.3883   0.0000   0.3108
  12.000   2.2782   0.10925   0.10605  -0.2075  0.2613  0.8652  -4.5609   0.0000   0.3051
  13.000   2.2384   0.12571   0.12286  -0.2040  0.2302  0.8831  -4.6847   0.0000   0.3014
  15.000   2.0979   0.17326   0.17076  -0.2132  0.1579  1.0000  -4.6670   0.0000   0.3038
  16.000   2.0417   0.19751   0.19503  -0.2206  0.1280  1.0000  -4.6889   0.0000   0.3062
  17.000   2.0008   0.21998   0.21768  -0.2274  0.1060  1.0000  -4.9019   0.0000   0.3078
  18.000   1.9587   0.24379   0.24172  -0.2345  0.0886  1.0000  -5.2040   0.0000   0.3097
  19.000   1.9220   0.26614   0.26426  -0.2403  0.0752  1.0000  -5.6037   0.0000   0.3108
  20.000   1.8648   0.29221   0.29071  -0.2456  0.0662  1.0000  -5.8890   0.0000   0.3131


