XFLR5 v6.09.05 beta

 Calculated polar for: 25s1223

 1 1 Reynolds number fixed          Mach number fixed         

 xtrf =   1.000 (top)        1.000 (bottom)
 Mach =   0.000     Re =     0.130 e 6     Ncrit =   9.000

  alpha     CL        CD       CDp       Cm    Top Xtr Bot Xtr   Cpmin    Chinge    XCp    
 ------- -------- --------- --------- -------- ------- ------- -------- --------- ---------
   0.000   1.5946   0.06131   0.05417  -0.2708  0.4961  0.4317  -1.8692   0.0000   0.4142
   1.000   1.7094   0.06491   0.05780  -0.2727  0.4768  0.4739  -2.0030   0.0000   0.4018
   2.000   1.8463   0.06397   0.05671  -0.2758  0.4594  0.5278  -2.1752   0.0000   0.3899
   3.000   1.8966   0.06849   0.06174  -0.2675  0.4484  0.5753  -2.2741   0.0000   0.3794
   4.000   1.9569   0.07165   0.06517  -0.2603  0.4334  0.6306  -2.4134   0.0000   0.3692
   5.000   2.0404   0.07516   0.06909  -0.2572  0.4186  0.6963  -2.6033   0.0000   0.3601
   6.000   2.0182   0.08418   0.07891  -0.2423  0.4031  0.7292  -2.7041   0.0000   0.3514
   7.000   2.1370   0.08499   0.07967  -0.2435  0.3850  0.7962  -3.1100   0.0000   0.3431
   8.000   1.8018   0.13243   0.12864  -0.2216  0.3550  0.7553  -2.5758   0.0000   0.3481
   9.000   2.1334   0.10211   0.09798  -0.2239  0.3469  0.8540  -3.4809   0.0000   0.3282
  10.000   1.8894   0.14783   0.14462  -0.2191  0.3132  0.8382  -3.0761   0.0000   0.3351
  15.000   1.8780   0.22119   0.21945  -0.2321  0.1733  1.0000  -3.8222   0.0000   0.3253
  16.000   1.9348   0.22001   0.21829  -0.2278  0.1502  1.0000  -4.2108   0.0000   0.3158
  20.000   1.0947   0.32831   0.32761  -0.2282  0.1003  1.0000  -1.2005   0.0000   0.3962


