XFLR5 v6.09.05 beta

 Calculated polar for: 25s1223

 1 1 Reynolds number fixed          Mach number fixed         

 xtrf =   1.000 (top)        1.000 (bottom)
 Mach =   0.000     Re =     0.165 e 6     Ncrit =   9.000

  alpha     CL        CD       CDp       Cm    Top Xtr Bot Xtr   Cpmin    Chinge    XCp    
 ------- -------- --------- --------- -------- ------- ------- -------- --------- ---------
   0.000   1.6040   0.06823   0.06138  -0.2757  0.4688  0.4122  -1.8846   0.0000   0.4157
   1.000   1.7251   0.06812   0.06119  -0.2768  0.4520  0.4551  -2.0305   0.0000   0.4024
   2.000   1.8082   0.06904   0.06234  -0.2720  0.4384  0.4992  -2.1514   0.0000   0.3904
   3.000   1.9198   0.06772   0.06092  -0.2712  0.4255  0.5525  -2.3177   0.0000   0.3794
   4.000   1.9819   0.07006   0.06365  -0.2641  0.4140  0.6012  -2.4585   0.0000   0.3692
   5.000   2.0273   0.07342   0.06757  -0.2551  0.4002  0.6468  -2.6049   0.0000   0.3595
   6.000   2.1282   0.07416   0.06835  -0.2540  0.3837  0.7037  -2.9270   0.0000   0.3509
   7.000   2.1296   0.08080   0.07571  -0.2413  0.3708  0.7365  -3.1201   0.0000   0.3421
   8.000   2.2103   0.08184   0.07690  -0.2377  0.3525  0.7878  -3.4764   0.0000   0.3338
   9.000   2.2053   0.09025   0.08598  -0.2268  0.3332  0.8106  -3.6661   0.0000   0.3261
  10.000   2.2676   0.09200   0.08776  -0.2218  0.3116  0.8442  -4.0443   0.0000   0.3183
  11.000   2.2683   0.10042   0.09686  -0.2135  0.2907  0.8655  -4.2843   0.0000   0.3115
  12.000   2.2390   0.11390   0.11090  -0.2067  0.2670  0.8947  -4.4437   0.0000   0.3062
  13.000   2.1997   0.13070   0.12811  -0.2045  0.2378  1.0000  -4.5609   0.0000   0.3031
  14.000   2.1425   0.15191   0.14951  -0.2072  0.2021  1.0000  -4.6016   0.0000   0.3029
  15.000   2.1006   0.17128   0.16873  -0.2112  0.1656  1.0000  -4.6629   0.0000   0.3029
  16.000   2.0444   0.19552   0.19319  -0.2185  0.1369  1.0000  -4.6812   0.0000   0.3051
  17.000   2.0076   0.21680   0.21466  -0.2245  0.1145  1.0000  -4.9248   0.0000   0.3061
  18.000   1.9722   0.23849   0.23647  -0.2306  0.0962  1.0000  -5.2612   0.0000   0.3071
  19.000   1.9287   0.26264   0.26081  -0.2375  0.0811  1.0000  -5.6151   0.0000   0.3090


