XFLR5 v6.09.05 beta

 Calculated polar for: 25s1223

 1 1 Reynolds number fixed          Mach number fixed         

 xtrf =   1.000 (top)        1.000 (bottom)
 Mach =   0.000     Re =     0.175 e 6     Ncrit =   9.000

  alpha     CL        CD       CDp       Cm    Top Xtr Bot Xtr   Cpmin    Chinge    XCp    
 ------- -------- --------- --------- -------- ------- ------- -------- --------- ---------
   0.000   1.6281   0.06778   0.06082  -0.2795  0.4610  0.4101  -1.9083   0.0000   0.4156
   1.000   1.7170   0.06993   0.06314  -0.2761  0.4466  0.4481  -2.0256   0.0000   0.4027
   2.000   1.8071   0.07008   0.06340  -0.2723  0.4332  0.4943  -2.1544   0.0000   0.3905
   3.000   1.9298   0.06765   0.06091  -0.2730  0.4201  0.5478  -2.3296   0.0000   0.3795
   4.000   1.9701   0.07097   0.06468  -0.2626  0.4095  0.5900  -2.4483   0.0000   0.3691
   5.000   2.0320   0.07299   0.06710  -0.2557  0.3961  0.6376  -2.6163   0.0000   0.3594
   6.000   2.1141   0.07443   0.06874  -0.2522  0.3812  0.6876  -2.9072   0.0000   0.3506
   7.000   2.1357   0.07969   0.07456  -0.2417  0.3671  0.7247  -3.1377   0.0000   0.3419
   8.000   2.2211   0.08085   0.07586  -0.2389  0.3476  0.7755  -3.5015   0.0000   0.3339
   9.000   2.2189   0.08799   0.08362  -0.2273  0.3297  0.7992  -3.7019   0.0000   0.3258
  10.000   2.2677   0.09164   0.08744  -0.2216  0.3095  0.8325  -4.0509   0.0000   0.3182
  11.000   2.2892   0.09799   0.09429  -0.2144  0.2882  0.8542  -4.3438   0.0000   0.3111
  12.000   2.2603   0.11129   0.10819  -0.2071  0.2642  0.8771  -4.5073   0.0000   0.3056
  15.000   2.0978   0.17260   0.17010  -0.2124  0.1623  1.0000  -4.6597   0.0000   0.3035
  16.000   2.0419   0.19688   0.19453  -0.2197  0.1328  1.0000  -4.6794   0.0000   0.3058
  17.000   2.0031   0.21872   0.21655  -0.2261  0.1104  1.0000  -4.9067   0.0000   0.3071
  18.000   1.9641   0.24156   0.23955  -0.2329  0.0925  1.0000  -5.2224   0.0000   0.3086
  19.000   1.9268   0.26394   0.26204  -0.2388  0.0777  1.0000  -5.6231   0.0000   0.3097


