XFLR5 v6.09.05 beta

 Calculated polar for: 25s1223

 1 1 Reynolds number fixed          Mach number fixed         

 xtrf =   1.000 (top)        1.000 (bottom)
 Mach =   0.000     Re =     0.345 e 6     Ncrit =   9.000

  alpha     CL        CD       CDp       Cm    Top Xtr Bot Xtr   Cpmin    Chinge    XCp    
 ------- -------- --------- --------- -------- ------- ------- -------- --------- ---------
   0.000   1.5632   0.08743   0.08154  -0.2755  0.4101  0.3495  -1.8629   0.0000   0.4193
   1.000   1.6590   0.08842   0.08245  -0.2729  0.3970  0.3905  -1.9942   0.0000   0.4054
   2.000   1.7562   0.08726   0.08136  -0.2699  0.3834  0.4458  -2.1248   0.0000   0.3926
   3.000   1.8396   0.08735   0.08166  -0.2654  0.3770  0.4974  -2.2604   0.0000   0.3811
   4.000   1.9178   0.08700   0.08144  -0.2601  0.3673  0.5394  -2.4156   0.0000   0.3703
   5.000   1.9935   0.08606   0.08063  -0.2545  0.3550  0.5766  -2.5977   0.0000   0.3602
   6.000   2.0672   0.08472   0.07951  -0.2489  0.3441  0.6100  -2.8674   0.0000   0.3507
   7.000   2.1267   0.08583   0.08085  -0.2420  0.3318  0.6340  -3.1696   0.0000   0.3417
   8.000   2.1915   0.08620   0.08131  -0.2362  0.3124  0.6638  -3.4930   0.0000   0.3333
   9.000   2.2539   0.08844   0.08394  -0.2309  0.2994  0.6893  -3.8332   0.0000   0.3253
  10.000   2.3074   0.09060   0.08626  -0.2249  0.2791  0.7160  -4.1966   0.0000   0.3177
  11.000   2.3291   0.09807   0.09381  -0.2180  0.2332  0.7359  -4.5006   0.0000   0.3107
  12.000   2.2762   0.11349   0.10923  -0.2097  0.1819  0.7484  -4.6107   0.0000   0.3057
  13.000   2.2062   0.13267   0.12862  -0.2076  0.1472  0.7586  -4.6456   0.0000   0.3040
  14.000   2.1395   0.15627   0.15253  -0.2127  0.1211  0.7694  -4.6562   0.0000   0.3053
  15.000   2.0802   0.18026   0.17678  -0.2196  0.1001  0.7782  -4.6625   0.0000   0.3075
  16.000   2.0331   0.20358   0.20035  -0.2268  0.0835  0.7874  -4.7029   0.0000   0.3096
  17.000   2.0028   0.22399   0.22107  -0.2325  0.0716  0.7962  -5.0140   0.0000   0.3102
  18.000   1.9725   0.24522   0.24249  -0.2385  0.0608  0.8097  -5.4522   0.0000   0.3109
  19.000   1.9415   0.26638   0.26391  -0.2439  0.0526  0.8189  -5.9077   0.0000   0.3114
  20.000   1.8966   0.29005   0.28786  -0.2491  0.0454  0.8266  -6.2882   0.0000   0.3127
  21.000   1.5415   0.29522   0.29412  -0.2245  0.0423  0.8241  -5.3134   0.0000   0.3227
  22.000   1.4229   0.30157   0.30087  -0.2246  0.0370  0.8281  -5.1332   0.0000   0.3307
  23.000   1.1401   0.33115   0.33101  -0.2339  0.0242  0.8055  -2.7986   0.0000   0.3769


