XFLR5 v6.09.05 beta

 Calculated polar for: 5s1223

 1 1 Reynolds number fixed          Mach number fixed         

 xtrf =   1.000 (top)        1.000 (bottom)
 Mach =   0.000     Re =     0.345 e 6     Ncrit =   9.000

  alpha     CL        CD       CDp       Cm    Top Xtr Bot Xtr   Cpmin    Chinge    XCp    
 ------- -------- --------- --------- -------- ------- ------- -------- --------- ---------
   0.000   1.3656   0.01943   0.01178  -0.2870  0.4296  0.3075  -1.6600   0.0000   0.4575
   1.000   1.4754   0.02065   0.01293  -0.2862  0.4132  0.3551  -1.7930   0.0000   0.4396
   2.000   1.5797   0.02180   0.01416  -0.2845  0.4009  0.4250  -1.9253   0.0000   0.4240
   3.000   1.6857   0.02328   0.01572  -0.2833  0.3878  0.5469  -2.0591   0.0000   0.4101
   4.000   1.7944   0.02472   0.01748  -0.2826  0.3785  0.6802  -2.2023   0.0000   0.3977
   5.000   1.8844   0.02621   0.01920  -0.2783  0.3700  0.7748  -2.3493   0.0000   0.3860
   6.000   1.9613   0.02760   0.02079  -0.2718  0.3600  1.0000  -2.5194   0.0000   0.3750
   7.000   2.0565   0.02977   0.02308  -0.2693  0.3458  1.0000  -2.7454   0.0000   0.3653
   8.000   2.1184   0.03199   0.02559  -0.2607  0.3373  1.0000  -3.0441   0.0000   0.3553
   9.000   2.1704   0.03466   0.02838  -0.2508  0.3229  1.0000  -3.3372   0.0000   0.3457
  10.000   2.2212   0.03788   0.03197  -0.2416  0.3077  1.0000  -3.6348   0.0000   0.3366
  11.000   2.2617   0.04165   0.03605  -0.2316  0.2928  1.0000  -3.9394   0.0000   0.3279
  12.000   2.2952   0.04655   0.04129  -0.2218  0.2755  1.0000  -4.2555   0.0000   0.3196
  13.000   2.3029   0.05421   0.04912  -0.2108  0.2374  1.0000  -4.5208   0.0000   0.3119


