XFLR5 v6.09.05 beta

 Calculated polar for: 5s1223

 1 1 Reynolds number fixed          Mach number fixed         

 xtrf =   1.000 (top)        1.000 (bottom)
 Mach =   0.000     Re =     0.200 e 6     Ncrit =   9.000

  alpha     CL        CD       CDp       Cm    Top Xtr Bot Xtr   Cpmin    Chinge    XCp    
 ------- -------- --------- --------- -------- ------- ------- -------- --------- ---------
   0.000   1.3649   0.02180   0.01351  -0.2867  0.4716  0.3597  -1.6464   0.0000   0.4576
   1.000   1.5000   0.02315   0.01456  -0.2913  0.4508  0.4113  -1.7950   0.0000   0.4400
   2.000   1.6094   0.02445   0.01602  -0.2906  0.4362  0.4970  -1.9267   0.0000   0.4246
   3.000   1.7299   0.02623   0.01786  -0.2923  0.4211  0.6391  -2.0694   0.0000   0.4112
   4.000   1.8376   0.02816   0.02016  -0.2915  0.4112  0.7741  -2.2154   0.0000   0.3991
   5.000   1.9184   0.02969   0.02197  -0.2856  0.3998  1.0000  -2.3603   0.0000   0.3874
   6.000   2.0164   0.03196   0.02415  -0.2835  0.3875  1.0000  -2.5565   0.0000   0.3772
   7.000   2.0956   0.03499   0.02765  -0.2781  0.3753  1.0000  -2.7852   0.0000   0.3673
   8.000   2.1489   0.03747   0.03046  -0.2676  0.3625  1.0000  -3.0687   0.0000   0.3571
   9.000   2.2218   0.04053   0.03371  -0.2614  0.3460  1.0000  -3.3973   0.0000   0.3480


