XFLR5 v6.09.05 beta

 Calculated polar for: 5s1223

 1 1 Reynolds number fixed          Mach number fixed         

 xtrf =   1.000 (top)        1.000 (bottom)
 Mach =   0.000     Re =     0.330 e 6     Ncrit =   9.000

  alpha     CL        CD       CDp       Cm    Top Xtr Bot Xtr   Cpmin    Chinge    XCp    
 ------- -------- --------- --------- -------- ------- ------- -------- --------- ---------
   0.000   1.3645   0.01958   0.01190  -0.2868  0.4330  0.3117  -1.6582   0.0000   0.4575
   1.000   1.4764   0.02087   0.01304  -0.2865  0.4149  0.3580  -1.7926   0.0000   0.4397
   2.000   1.5815   0.02198   0.01429  -0.2849  0.4034  0.4302  -1.9251   0.0000   0.4240
   3.000   1.6852   0.02341   0.01583  -0.2832  0.3913  0.5525  -2.0575   0.0000   0.4101
   4.000   1.7993   0.02497   0.01763  -0.2835  0.3798  0.6868  -2.2048   0.0000   0.3978
   5.000   1.8885   0.02644   0.01936  -0.2792  0.3720  0.7842  -2.3516   0.0000   0.3862
   6.000   1.9650   0.02784   0.02097  -0.2725  0.3621  1.0000  -2.5218   0.0000   0.3751
   7.000   2.0629   0.03008   0.02328  -0.2706  0.3467  1.0000  -2.7544   0.0000   0.3656
   8.000   2.1219   0.03228   0.02582  -0.2613  0.3391  1.0000  -3.0484   0.0000   0.3555
   9.000   2.1726   0.03489   0.02860  -0.2512  0.3253  1.0000  -3.3391   0.0000   0.3457
  10.000   2.2218   0.03816   0.03219  -0.2417  0.3091  1.0000  -3.6341   0.0000   0.3366
  11.000   2.2607   0.04191   0.03630  -0.2314  0.2946  1.0000  -3.9350   0.0000   0.3279
  12.000   2.2916   0.04693   0.04163  -0.2212  0.2772  1.0000  -4.2454   0.0000   0.3196


