XFLR5 v6.09.05 beta

 Calculated polar for: 5s1223

 1 1 Reynolds number fixed          Mach number fixed         

 xtrf =   1.000 (top)        1.000 (bottom)
 Mach =   0.000     Re =     0.170 e 6     Ncrit =   9.000

  alpha     CL        CD       CDp       Cm    Top Xtr Bot Xtr   Cpmin    Chinge    XCp    
 ------- -------- --------- --------- -------- ------- ------- -------- --------- ---------
   0.000   1.3790   0.02266   0.01412  -0.2896  0.4857  0.3795  -1.6516   0.0000   0.4576
   1.000   1.5000   0.02391   0.01524  -0.2913  0.4657  0.4319  -1.7893   0.0000   0.4401
   2.000   1.6340   0.02576   0.01705  -0.2958  0.4485  0.5292  -1.9370   0.0000   0.4252
   3.000   1.7352   0.02743   0.01901  -0.2934  0.4348  0.6625  -2.0646   0.0000   0.4114
   4.000   1.8506   0.02940   0.02112  -0.2943  0.4218  0.8261  -2.2205   0.0000   0.3995
   5.000   1.9451   0.03199   0.02393  -0.2917  0.4105  1.0000  -2.3785   0.0000   0.3886
   6.000   2.0215   0.03448   0.02663  -0.2853  0.3983  1.0000  -2.5502   0.0000   0.3778
   7.000   2.1233   0.03779   0.03009  -0.2843  0.3828  1.0000  -2.8214   0.0000   0.3686
   8.000   2.1552   0.04089   0.03376  -0.2699  0.3717  1.0000  -3.0661   0.0000   0.3579
   9.000   2.2004   0.04334   0.03658  -0.2582  0.3567  1.0000  -3.3456   0.0000   0.3478


