XFLR5 v6.09.05 beta

 Calculated polar for: 5s1223

 1 1 Reynolds number fixed          Mach number fixed         

 xtrf =   1.000 (top)        1.000 (bottom)
 Mach =   0.000     Re =     0.335 e 6     Ncrit =   9.000

  alpha     CL        CD       CDp       Cm    Top Xtr Bot Xtr   Cpmin    Chinge    XCp    
 ------- -------- --------- --------- -------- ------- ------- -------- --------- ---------
   0.000   1.3649   0.01953   0.01186  -0.2868  0.4319  0.3103  -1.6588   0.0000   0.4575
   1.000   1.4760   0.02079   0.01300  -0.2864  0.4144  0.3571  -1.7927   0.0000   0.4397
   2.000   1.5808   0.02192   0.01425  -0.2848  0.4025  0.4285  -1.9251   0.0000   0.4240
   3.000   1.6849   0.02337   0.01579  -0.2831  0.3902  0.5499  -2.0577   0.0000   0.4101
   4.000   1.7976   0.02488   0.01758  -0.2832  0.3794  0.6846  -2.2039   0.0000   0.3978
   6.000   1.9636   0.02775   0.02090  -0.2723  0.3614  1.0000  -2.5209   0.0000   0.3751
   7.000   2.0606   0.02997   0.02321  -0.2701  0.3464  1.0000  -2.7511   0.0000   0.3655
   8.000   2.1206   0.03218   0.02574  -0.2611  0.3385  1.0000  -3.0468   0.0000   0.3554
   9.000   2.1718   0.03481   0.02852  -0.2511  0.3245  1.0000  -3.3384   0.0000   0.3457
  10.000   2.2215   0.03807   0.03211  -0.2417  0.3087  1.0000  -3.6342   0.0000   0.3366
  11.000   2.2610   0.04182   0.03621  -0.2315  0.2940  1.0000  -3.9365   0.0000   0.3279
  12.000   2.2927   0.04680   0.04152  -0.2214  0.2766  1.0000  -4.2487   0.0000   0.3196


