XFLR5 v6.09.05 beta

 Calculated polar for: 5s1223

 1 1 Reynolds number fixed          Mach number fixed         

 xtrf =   1.000 (top)        1.000 (bottom)
 Mach =   0.000     Re =     0.265 e 6     Ncrit =   9.000

  alpha     CL        CD       CDp       Cm    Top Xtr Bot Xtr   Cpmin    Chinge    XCp    
 ------- -------- --------- --------- -------- ------- ------- -------- --------- ---------
   0.000   1.3650   0.02053   0.01257  -0.2869  0.4479  0.3349  -1.6533   0.0000   0.4576
   1.000   1.4757   0.02164   0.01359  -0.2863  0.4313  0.3791  -1.7868   0.0000   0.4397
   2.000   1.5973   0.02307   0.01492  -0.2881  0.4147  0.4564  -1.9291   0.0000   0.4243
   3.000   1.7008   0.02440   0.01660  -0.2863  0.4046  0.5892  -2.0592   0.0000   0.4105
   4.000   1.7993   0.02593   0.01836  -0.2835  0.3939  0.7157  -2.1980   0.0000   0.3978
   5.000   1.9108   0.02757   0.02015  -0.2837  0.3806  1.0000  -2.3646   0.0000   0.3869
   6.000   1.9890   0.02943   0.02221  -0.2775  0.3727  1.0000  -2.5387   0.0000   0.3760
   7.000   2.0611   0.03139   0.02443  -0.2704  0.3607  1.0000  -2.7441   0.0000   0.3656
   8.000   2.1523   0.03409   0.02719  -0.2674  0.3461  1.0000  -3.0910   0.0000   0.3566
   9.000   2.1883   0.03672   0.03025  -0.2543  0.3351  1.0000  -3.3555   0.0000   0.3464
  10.000   2.2334   0.03961   0.03327  -0.2437  0.3157  1.0000  -3.6462   0.0000   0.3371


