XFLR5 v6.09.05 beta

 Calculated polar for: 5s1223

 1 1 Reynolds number fixed          Mach number fixed         

 xtrf =   1.000 (top)        1.000 (bottom)
 Mach =   0.000     Re =     0.305 e 6     Ncrit =   9.000

  alpha     CL        CD       CDp       Cm    Top Xtr Bot Xtr   Cpmin    Chinge    XCp    
 ------- -------- --------- --------- -------- ------- ------- -------- --------- ---------
   0.000   1.3622   0.01992   0.01215  -0.2862  0.4387  0.3175  -1.6547   0.0000   0.4575
   1.000   1.4785   0.02127   0.01324  -0.2869  0.4179  0.3621  -1.7919   0.0000   0.4397
   2.000   1.5853   0.02233   0.01451  -0.2857  0.4078  0.4396  -1.9251   0.0000   0.4241
   3.000   1.6894   0.02368   0.01607  -0.2840  0.3964  0.5656  -2.0574   0.0000   0.4102
   4.000   1.8087   0.02544   0.01792  -0.2855  0.3821  0.6983  -2.2099   0.0000   0.3981
   5.000   1.8961   0.02683   0.01964  -0.2807  0.3755  0.8075  -2.3556   0.0000   0.3864
   6.000   1.9727   0.02832   0.02135  -0.2741  0.3658  1.0000  -2.5270   0.0000   0.3754
   7.000   2.0534   0.03039   0.02352  -0.2687  0.3527  1.0000  -2.7373   0.0000   0.3653
   8.000   2.1303   0.03283   0.02623  -0.2630  0.3420  1.0000  -3.0596   0.0000   0.3558
   9.000   2.1780   0.03542   0.02907  -0.2522  0.3288  1.0000  -3.3450   0.0000   0.3460
  10.000   2.2249   0.03867   0.03257  -0.2422  0.3113  1.0000  -3.6367   0.0000   0.3368
  11.000   2.2586   0.04249   0.03684  -0.2310  0.2977  1.0000  -3.9263   0.0000   0.3278


