XFLR5 v6.09.05 beta

 Calculated polar for: 5s1223

 1 1 Reynolds number fixed          Mach number fixed         

 xtrf =   1.000 (top)        1.000 (bottom)
 Mach =   0.000     Re =     0.295 e 6     Ncrit =   9.000

  alpha     CL        CD       CDp       Cm    Top Xtr Bot Xtr   Cpmin    Chinge    XCp    
 ------- -------- --------- --------- -------- ------- ------- -------- --------- ---------
   0.000   1.3612   0.02009   0.01227  -0.2860  0.4411  0.3192  -1.6531   0.0000   0.4575
   1.000   1.4750   0.02134   0.01330  -0.2862  0.4218  0.3664  -1.7891   0.0000   0.4397
   2.000   1.5871   0.02250   0.01461  -0.2860  0.4096  0.4434  -1.9253   0.0000   0.4241
   3.000   1.6917   0.02383   0.01618  -0.2844  0.3983  0.5711  -2.0576   0.0000   0.4102
   4.000   1.7997   0.02548   0.01796  -0.2836  0.3857  0.7003  -2.2023   0.0000   0.3978
   5.000   1.8996   0.02701   0.01977  -0.2814  0.3769  0.8197  -2.3579   0.0000   0.3865
   6.000   1.9764   0.02856   0.02153  -0.2749  0.3674  1.0000  -2.5297   0.0000   0.3755
   7.000   2.0524   0.03058   0.02369  -0.2685  0.3551  1.0000  -2.7346   0.0000   0.3653
   8.000   2.1346   0.03309   0.02642  -0.2638  0.3432  1.0000  -3.0657   0.0000   0.3560
   9.000   2.1806   0.03568   0.02931  -0.2527  0.3303  1.0000  -3.3478   0.0000   0.3461
  10.000   2.2274   0.03888   0.03272  -0.2426  0.3121  1.0000  -3.6399   0.0000   0.3368
  11.000   2.2577   0.04277   0.03710  -0.2309  0.2990  1.0000  -3.9224   0.0000   0.3278


