XFLR5 v6.09.05 beta

 Calculated polar for: 5s1223

 1 1 Reynolds number fixed          Mach number fixed         

 xtrf =   1.000 (top)        1.000 (bottom)
 Mach =   0.000     Re =     0.020 e 6     Ncrit =   9.000

  alpha     CL        CD       CDp       Cm    Top Xtr Bot Xtr   Cpmin    Chinge    XCp    
 ------- -------- --------- --------- -------- ------- ------- -------- --------- ---------
   0.000  -0.0545   0.10841   0.10263  -0.0038  1.0000  1.0000  -0.7002   0.0000   0.1535
   1.000  -0.0630   0.10598   0.10043  -0.0022  1.0000  1.0000  -0.7208   0.0000   0.1947
   2.000  -0.0713   0.10276   0.09743  -0.0005  1.0000  1.0000  -0.7398   0.0000   0.2276
   3.000  -0.2014   0.09673   0.09180   0.0291  1.0000  0.9552  -0.8225   0.0000   0.3873
   4.000   0.4417   0.11919   0.11200  -0.1614  0.9984  0.3776  -0.6992   0.0000   0.6100
   5.000   0.5785   0.13216   0.12472  -0.1697  0.9945  0.9051  -0.8053   0.0000   0.5353
   6.000   0.7816   0.15487   0.14572  -0.2137  0.9731  1.0000  -0.8126   0.0000   0.5135
   7.000   0.8938   0.17144   0.16118  -0.2335  0.9437  1.0000  -0.8826   0.0000   0.4994
   8.000   0.9688   0.18592   0.17508  -0.2427  0.9108  1.0000  -0.9378   0.0000   0.4867
   9.000   1.0197   0.19423   0.18310  -0.2471  0.8721  1.0000  -0.9812   0.0000   0.4766
  10.000   1.0777   0.20896   0.19769  -0.2527  0.8326  1.0000  -1.0442   0.0000   0.4668
  11.000   1.1237   0.21969   0.20847  -0.2564  0.7865  1.0000  -1.1018   0.0000   0.4585
  12.000   1.1706   0.23537   0.22446  -0.2603  0.7394  1.0000  -1.1724   0.0000   0.4507
  13.000   1.2102   0.24869   0.23800  -0.2631  0.6844  1.0000  -1.2414   0.0000   0.4436
  14.000   1.2642   0.27688   0.26646  -0.2675  0.6395  1.0000  -1.3456   0.0000   0.4357
  15.000   1.2661   0.28092   0.27082  -0.2681  0.5914  1.0000  -1.3520   0.0000   0.4335
  16.000   1.2864   0.29844   0.28871  -0.2701  0.5449  1.0000  -1.3684   0.0000   0.4294
  17.000   1.3001   0.31789   0.30897  -0.2717  0.5050  1.0000  -1.3933   0.0000   0.4260
  18.000   1.3049   0.33807   0.32961  -0.2717  0.4641  1.0000  -1.3881   0.0000   0.4227


