XFLR5 v6.09.05 beta

 Calculated polar for: 5s1223

 1 1 Reynolds number fixed          Mach number fixed         

 xtrf =   1.000 (top)        1.000 (bottom)
 Mach =   0.000     Re =     0.180 e 6     Ncrit =   9.000

  alpha     CL        CD       CDp       Cm    Top Xtr Bot Xtr   Cpmin    Chinge    XCp    
 ------- -------- --------- --------- -------- ------- ------- -------- --------- ---------
   0.000   1.3741   0.02230   0.01386  -0.2887  0.4808  0.3726  -1.6497   0.0000   0.4576
   1.000   1.5007   0.02364   0.01496  -0.2915  0.4599  0.4250  -1.7924   0.0000   0.4400
   2.000   1.6241   0.02524   0.01666  -0.2938  0.4443  0.5174  -1.9323   0.0000   0.4250
   3.000   1.7291   0.02687   0.01850  -0.2921  0.4303  0.6527  -2.0633   0.0000   0.4112
   4.000   1.8608   0.02942   0.02118  -0.2966  0.4164  0.8111  -2.2309   0.0000   0.3998
   5.000   1.9341   0.03111   0.02320  -0.2892  0.4068  1.0000  -2.3702   0.0000   0.3881
   6.000   2.0183   0.03342   0.02561  -0.2843  0.3945  1.0000  -2.5510   0.0000   0.3775
   7.000   2.1161   0.03695   0.02938  -0.2827  0.3799  1.0000  -2.8127   0.0000   0.3682
   8.000   2.1519   0.03964   0.03258  -0.2688  0.3684  1.0000  -3.0652   0.0000   0.3575
   9.000   2.2104   0.04178   0.03494  -0.2595  0.3533  1.0000  -3.3700   0.0000   0.3479


