XFLR5 v6.09.05 beta

 Calculated polar for: 5s1223

 1 1 Reynolds number fixed          Mach number fixed         

 xtrf =   1.000 (top)        1.000 (bottom)
 Mach =   0.000     Re =     0.215 e 6     Ncrit =   9.000

  alpha     CL        CD       CDp       Cm    Top Xtr Bot Xtr   Cpmin    Chinge    XCp    
 ------- -------- --------- --------- -------- ------- ------- -------- --------- ---------
   0.000   1.3633   0.02146   0.01325  -0.2864  0.4649  0.3537  -1.6474   0.0000   0.4576
   1.000   1.4901   0.02269   0.01430  -0.2892  0.4463  0.4021  -1.7901   0.0000   0.4399
   2.000   1.6016   0.02398   0.01566  -0.2890  0.4309  0.4853  -1.9248   0.0000   0.4245
   3.000   1.7318   0.02588   0.01764  -0.2927  0.4157  0.6294  -2.0730   0.0000   0.4112
   4.000   1.8252   0.02746   0.01962  -0.2889  0.4068  0.7555  -2.2082   0.0000   0.3987
   5.000   1.9094   0.02885   0.02122  -0.2836  0.3953  1.0000  -2.3559   0.0000   0.3870
   6.000   2.0286   0.03185   0.02426  -0.2861  0.3810  1.0000  -2.5711   0.0000   0.3776
   7.000   2.0843   0.03391   0.02671  -0.2755  0.3716  1.0000  -2.7708   0.0000   0.3668
   8.000   2.1466   0.03616   0.02916  -0.2667  0.3588  1.0000  -3.0705   0.0000   0.3568
   9.000   2.2105   0.03932   0.03265  -0.2590  0.3438  1.0000  -3.3822   0.0000   0.3475
  10.000   2.2291   0.04234   0.03609  -0.2435  0.3281  1.0000  -3.6233   0.0000   0.3373


