XFLR5 v6.09.05 beta

 Calculated polar for: 5s1223

 1 1 Reynolds number fixed          Mach number fixed         

 xtrf =   1.000 (top)        1.000 (bottom)
 Mach =   0.000     Re =     0.315 e 6     Ncrit =   9.000

  alpha     CL        CD       CDp       Cm    Top Xtr Bot Xtr   Cpmin    Chinge    XCp    
 ------- -------- --------- --------- -------- ------- ------- -------- --------- ---------
   0.000   1.3632   0.01977   0.01205  -0.2865  0.4364  0.3154  -1.6562   0.0000   0.4575
   1.000   1.4782   0.02111   0.01316  -0.2868  0.4164  0.3607  -1.7925   0.0000   0.4397
   2.000   1.5837   0.02218   0.01442  -0.2853  0.4060  0.4358  -1.9251   0.0000   0.4241
   3.000   1.6874   0.02356   0.01596  -0.2836  0.3944  0.5603  -2.0573   0.0000   0.4101
   4.000   1.8056   0.02526   0.01781  -0.2848  0.3810  0.6935  -2.2083   0.0000   0.3980
   5.000   1.8931   0.02666   0.01952  -0.2801  0.3741  0.7974  -2.3541   0.0000   0.3863
   6.000   1.9693   0.02811   0.02118  -0.2734  0.3642  1.0000  -2.5247   0.0000   0.3753
   7.000   2.0589   0.03027   0.02340  -0.2698  0.3497  1.0000  -2.7470   0.0000   0.3654
   8.000   2.1264   0.03260   0.02606  -0.2622  0.3409  1.0000  -3.0543   0.0000   0.3556
   9.000   2.1756   0.03519   0.02887  -0.2518  0.3274  1.0000  -3.3422   0.0000   0.3459
  10.000   2.2232   0.03846   0.03241  -0.2419  0.3105  1.0000  -3.6350   0.0000   0.3367
  11.000   2.2595   0.04223   0.03661  -0.2312  0.2965  1.0000  -3.9300   0.0000   0.3278


