XFLR5 v6.09.05 beta

 Calculated polar for: 5s1223

 1 1 Reynolds number fixed          Mach number fixed         

 xtrf =   1.000 (top)        1.000 (bottom)
 Mach =   0.000     Re =     0.220 e 6     Ncrit =   9.000

  alpha     CL        CD       CDp       Cm    Top Xtr Bot Xtr   Cpmin    Chinge    XCp    
 ------- -------- --------- --------- -------- ------- ------- -------- --------- ---------
   0.000   1.3634   0.02138   0.01317  -0.2864  0.4626  0.3516  -1.6481   0.0000   0.4576
   1.000   1.4879   0.02255   0.01421  -0.2888  0.4447  0.3997  -1.7893   0.0000   0.4399
   2.000   1.6000   0.02386   0.01555  -0.2887  0.4291  0.4818  -1.9247   0.0000   0.4244
   3.000   1.7269   0.02567   0.01750  -0.2917  0.4147  0.6241  -2.0700   0.0000   0.4111
   4.000   1.8218   0.02727   0.01947  -0.2882  0.4053  0.7503  -2.2066   0.0000   0.3986
   5.000   1.9069   0.02862   0.02101  -0.2830  0.3939  1.0000  -2.3547   0.0000   0.3869
   6.000   2.0233   0.03150   0.02382  -0.2849  0.3803  1.0000  -2.5667   0.0000   0.3774
   7.000   2.0814   0.03359   0.02642  -0.2749  0.3703  1.0000  -2.7674   0.0000   0.3666
   8.000   2.1458   0.03579   0.02880  -0.2665  0.3576  1.0000  -3.0708   0.0000   0.3567
   9.000   2.2070   0.03900   0.03236  -0.2582  0.3429  1.0000  -3.3775   0.0000   0.3473
  10.000   2.2289   0.04192   0.03567  -0.2433  0.3270  1.0000  -3.6249   0.0000   0.3372


