XFLR5 v6.09.05 beta

 Calculated polar for: 5s1223

 1 1 Reynolds number fixed          Mach number fixed         

 xtrf =   1.000 (top)        1.000 (bottom)
 Mach =   0.000     Re =     0.175 e 6     Ncrit =   9.000

  alpha     CL        CD       CDp       Cm    Top Xtr Bot Xtr   Cpmin    Chinge    XCp    
 ------- -------- --------- --------- -------- ------- ------- -------- --------- ---------
   0.000   1.3763   0.02247   0.01398  -0.2891  0.4833  0.3760  -1.6505   0.0000   0.4576
   1.000   1.4994   0.02376   0.01509  -0.2912  0.4629  0.4281  -1.7903   0.0000   0.4400
   2.000   1.6286   0.02549   0.01685  -0.2947  0.4465  0.5230  -1.9343   0.0000   0.4250
   3.000   1.7319   0.02713   0.01874  -0.2927  0.4325  0.6573  -2.0638   0.0000   0.4113
   4.000   1.8613   0.02961   0.02130  -0.2967  0.4181  0.8206  -2.2304   0.0000   0.3998
   5.000   1.9393   0.03153   0.02355  -0.2904  0.4087  1.0000  -2.3741   0.0000   0.3883
   6.000   2.0198   0.03393   0.02610  -0.2847  0.3963  1.0000  -2.5504   0.0000   0.3777
   7.000   2.1222   0.03759   0.02996  -0.2841  0.3809  1.0000  -2.8210   0.0000   0.3685
   8.000   2.1533   0.04025   0.03316  -0.2693  0.3700  1.0000  -3.0652   0.0000   0.3577
   9.000   2.2057   0.04248   0.03568  -0.2589  0.3550  1.0000  -3.3586   0.0000   0.3478


