XFLR5 v6.09.05 beta

 Calculated polar for: 5s1223

 1 1 Reynolds number fixed          Mach number fixed         

 xtrf =   1.000 (top)        1.000 (bottom)
 Mach =   0.000     Re =     0.010 e 6     Ncrit =   9.000

  alpha     CL        CD       CDp       Cm    Top Xtr Bot Xtr   Cpmin    Chinge    XCp    
 ------- -------- --------- --------- -------- ------- ------- -------- --------- ---------
   0.000  -0.1009   0.10793   0.09902   0.0081  1.0000  0.9700  -0.8787   0.0000   0.3172
   1.000  -0.2189   0.10698   0.09869   0.0316  1.0000  0.8999  -0.9672   0.0000   0.3879
   2.000  -0.2969   0.10532   0.09742   0.0417  1.0000  0.8156  -1.0429   0.0000   0.3854
   3.000  -0.1308   0.10511   0.09671  -0.0086  1.0000  0.6851  -0.9605   0.0000   0.1779
   4.000   0.1438   0.10945   0.10011  -0.0718  1.0000  0.6795  -0.8338   0.0000   0.7428
   5.000   0.3367   0.10971   0.10012  -0.1077  1.0000  1.0000  -0.9458   0.0000   0.5617
   7.000   0.8216   0.16831   0.15254  -0.2135  1.0000  1.0000  -0.8592   0.0000   0.4978
   8.000   0.8832   0.18255   0.16606  -0.2207  1.0000  1.0000  -0.9019   0.0000   0.4859
   9.000   0.9364   0.19670   0.17989  -0.2266  1.0000  1.0000  -0.9445   0.0000   0.4760
  10.000   0.9842   0.21111   0.19412  -0.2321  1.0000  1.0000  -0.9867   0.0000   0.4677
  11.000   1.0280   0.22598   0.20903  -0.2376  1.0000  1.0000  -1.0300   0.0000   0.4608
  12.000   1.0686   0.24142   0.22467  -0.2432  1.0000  1.0000  -1.0812   0.0000   0.4551
  14.000   1.1456   0.26835   0.25259  -0.2564  0.9799  1.0000  -1.1876   0.0000   0.4467
  15.000   1.1823   0.28129   0.26604  -0.2633  0.9388  1.0000  -1.2473   0.0000   0.4433
  16.000   1.2254   0.30474   0.29005  -0.2712  0.8870  1.0000  -1.2986   0.0000   0.4396
  17.000   1.2493   0.32086   0.30729  -0.2752  0.8339  1.0000  -1.3147   0.0000   0.4362
  18.000   1.2726   0.34185   0.32897  -0.2789  0.7805  1.0000  -1.3441   0.0000   0.4328
  19.000   1.2721   0.35777   0.34554  -0.2782  0.7233  1.0000  -1.3232   0.0000   0.4300
  20.000   1.2896   0.38647   0.37489  -0.2805  0.6749  1.0000  -1.3344   0.0000   0.4264
  21.000   1.1631   0.37717   0.36691  -0.2535  0.6072  1.0000  -1.1287   0.0000   0.4256
  22.000   1.1410   0.38741   0.37828  -0.2484  0.5666  1.0000  -1.0982   0.0000   0.4231
  24.000   1.0583   0.37035   0.36268  -0.2339  0.4957  1.0000  -0.9819   0.0000   0.4218
  25.000   1.0342   0.36682   0.35973  -0.2311  0.4643  1.0000  -0.9574   0.0000   0.4214


