XFLR5 v6.09.05 beta

 Calculated polar for: 5s1223

 1 1 Reynolds number fixed          Mach number fixed         

 xtrf =   1.000 (top)        1.000 (bottom)
 Mach =   0.000     Re =     0.350 e 6     Ncrit =   9.000

  alpha     CL        CD       CDp       Cm    Top Xtr Bot Xtr   Cpmin    Chinge    XCp    
 ------- -------- --------- --------- -------- ------- ------- -------- --------- ---------
   0.000   1.3660   0.01939   0.01175  -0.2871  0.4284  0.3060  -1.6605   0.0000   0.4575
   1.000   1.4752   0.02058   0.01289  -0.2862  0.4126  0.3541  -1.7933   0.0000   0.4396
   2.000   1.5793   0.02174   0.01412  -0.2844  0.4000  0.4233  -1.9255   0.0000   0.4240
   3.000   1.6868   0.02324   0.01569  -0.2835  0.3864  0.5458  -2.0602   0.0000   0.4101
   4.000   1.7930   0.02465   0.01744  -0.2823  0.3780  0.6780  -2.2016   0.0000   0.3977
   5.000   1.8831   0.02614   0.01915  -0.2781  0.3693  0.7723  -2.3487   0.0000   0.3860
   6.000   1.9603   0.02754   0.02074  -0.2716  0.3592  1.0000  -2.5188   0.0000   0.3749
   7.000   2.0546   0.02968   0.02302  -0.2689  0.3455  1.0000  -2.7429   0.0000   0.3653
   8.000   2.1174   0.03189   0.02552  -0.2605  0.3367  1.0000  -3.0430   0.0000   0.3553
   9.000   2.1699   0.03460   0.02832  -0.2508  0.3221  1.0000  -3.3368   0.0000   0.3457
  10.000   2.2211   0.03780   0.03191  -0.2416  0.3072  1.0000  -3.6351   0.0000   0.3366
  11.000   2.2620   0.04158   0.03598  -0.2317  0.2922  1.0000  -3.9407   0.0000   0.3279
  12.000   2.2964   0.04642   0.04118  -0.2220  0.2749  1.0000  -4.2590   0.0000   0.3197
  13.000   2.3024   0.05427   0.04915  -0.2109  0.2349  1.0000  -4.5205   0.0000   0.3120


