XFLR5 v6.09.05 beta

 Calculated polar for: 5s1223

 1 1 Reynolds number fixed          Mach number fixed         

 xtrf =   1.000 (top)        1.000 (bottom)
 Mach =   0.000     Re =     0.230 e 6     Ncrit =   9.000

  alpha     CL        CD       CDp       Cm    Top Xtr Bot Xtr   Cpmin    Chinge    XCp    
 ------- -------- --------- --------- -------- ------- ------- -------- --------- ---------
   0.000   1.3664   0.02123   0.01302  -0.2871  0.4574  0.3479  -1.6512   0.0000   0.4576
   1.000   1.4841   0.02230   0.01406  -0.2880  0.4415  0.3946  -1.7880   0.0000   0.4398
   2.000   1.5984   0.02366   0.01537  -0.2884  0.4253  0.4756  -1.9256   0.0000   0.4244
   3.000   1.7188   0.02532   0.01725  -0.2900  0.4126  0.6146  -2.0660   0.0000   0.4109
   4.000   1.8156   0.02692   0.01917  -0.2869  0.4025  0.7410  -2.2039   0.0000   0.3984
   5.000   1.9026   0.02823   0.02066  -0.2821  0.3911  1.0000  -2.3529   0.0000   0.3867
   6.000   2.0137   0.03089   0.02333  -0.2828  0.3789  1.0000  -2.5587   0.0000   0.3770
   7.000   2.0761   0.03300   0.02590  -0.2737  0.3679  1.0000  -2.7611   0.0000   0.3664
   8.000   2.1441   0.03517   0.02819  -0.2660  0.3553  1.0000  -3.0709   0.0000   0.3565
   9.000   2.2013   0.03839   0.03184  -0.2570  0.3412  1.0000  -3.3702   0.0000   0.3471
  10.000   2.2278   0.04122   0.03496  -0.2430  0.3249  1.0000  -3.6266   0.0000   0.3371


