XFLR5 v6.09.05 beta

 Calculated polar for: -10s1223

 1 1 Reynolds number fixed          Mach number fixed         

 xtrf =   1.000 (top)        1.000 (bottom)
 Mach =   0.000     Re =     0.025 e 6     Ncrit =   9.000

  alpha     CL        CD       CDp       Cm    Top Xtr Bot Xtr   Cpmin    Chinge    XCp    
 ------- -------- --------- --------- -------- ------- ------- -------- --------- ---------
   1.000   0.1362   0.07801   0.07223  -0.0417  0.8685  0.9646  -0.7064   0.0000   0.5604
   2.000   0.0050   0.08438   0.07903  -0.0152  0.8782  0.9109  -0.7406   0.0000   3.4349
   3.000  -0.1643   0.08782   0.08314   0.0189  0.9584  0.8968  -0.8214   0.0000   0.3577
   4.000  -0.3228   0.08436   0.08011   0.0531  1.0000  0.8646  -0.9164   0.0000   0.4091
   5.000   0.2300   0.08409   0.07617  -0.1272  1.0000  0.2288  -0.9706   0.0000   0.7986
   6.000   0.3755   0.09050   0.08152  -0.1451  1.0000  0.3350  -0.9358   0.0000   0.6300
   8.000   0.5504   0.10748   0.09699  -0.1563  1.0000  1.0000  -0.7121   0.0000   0.5244
   9.000   0.6505   0.12083   0.10951  -0.1682  0.9452  1.0000  -0.7817   0.0000   0.4976
  10.000   0.7497   0.13493   0.12311  -0.1773  0.8576  1.0000  -0.8611   0.0000   0.4741
  11.000   0.8096   0.14678   0.13477  -0.1797  0.7900  1.0000  -0.9133   0.0000   0.4581
  12.000   0.8847   0.16465   0.15250  -0.1850  0.7365  1.0000  -0.9944   0.0000   0.4436
  13.000   0.9144   0.17221   0.16016  -0.1845  0.6808  1.0000  -1.0345   0.0000   0.4348
  14.000   0.9798   0.19190   0.18016  -0.1891  0.6382  1.0000  -1.1269   0.0000   0.4244
  15.000   1.0085   0.20334   0.19175  -0.1909  0.5970  1.0000  -1.1756   0.0000   0.4190
  16.000   1.0336   0.21118   0.19980  -0.1934  0.5540  1.0000  -1.2296   0.0000   0.4151
  17.000   1.0671   0.22495   0.21384  -0.1974  0.5165  1.0000  -1.2793   0.0000   0.4111
  18.000   1.0975   0.23912   0.22831  -0.2015  0.4764  1.0000  -1.3054   0.0000   0.4078
  19.000   1.1284   0.25722   0.24706  -0.2061  0.4467  1.0000  -1.3482   0.0000   0.4050
  20.000   1.1644   0.28055   0.27076  -0.2104  0.4161  1.0000  -1.3899   0.0000   0.4010
  21.000   1.2141   0.31470   0.30534  -0.2144  0.3839  1.0000  -1.4539   0.0000   0.3947
  22.000   1.1908   0.30927   0.30018  -0.2200  0.3603  1.0000  -1.3828   0.0000   0.4007
  23.000   1.2066   0.33336   0.32464  -0.2241  0.3466  1.0000  -1.3889   0.0000   0.3994
  24.000   1.2393   0.36388   0.35595  -0.2267  0.3185  1.0000  -1.4890   0.0000   0.3942
  25.000   1.0697   0.34146   0.33430  -0.2053  0.2972  1.0000  -1.1581   0.0000   0.4029


