XFLR5 v6.09.05 beta

 Calculated polar for: -10s1223

 1 1 Reynolds number fixed          Mach number fixed         

 xtrf =   1.000 (top)        1.000 (bottom)
 Mach =   0.000     Re =     0.335 e 6     Ncrit =   9.000

  alpha     CL        CD       CDp       Cm    Top Xtr Bot Xtr   Cpmin    Chinge    XCp    
 ------- -------- --------- --------- -------- ------- ------- -------- --------- ---------
   0.000   0.5037   0.02593   0.01994  -0.1674  0.4660  0.0368  -1.2933   0.0000   0.5790
   1.000   0.6952   0.01593   0.00795  -0.1854  0.4431  0.0270  -1.3261   0.0000   0.5120
   2.000   0.8284   0.01470   0.00635  -0.1894  0.4228  0.0400  -1.2886   0.0000   0.4727
   3.000   0.9675   0.01387   0.00589  -0.1945  0.4116  0.2753  -1.4276   0.0000   0.4437
   4.000   1.0870   0.01421   0.00643  -0.1956  0.3992  0.3930  -1.5597   0.0000   0.4211
   6.000   1.2849   0.01550   0.00863  -0.1882  0.3798  0.9284  -1.7996   0.0000   0.3846
   7.000   1.3722   0.01588   0.00907  -0.1824  0.3714  0.9805  -1.9291   0.0000   0.3694
   8.000   1.4856   0.01684   0.01004  -0.1829  0.3614  1.0000  -2.1049   0.0000   0.3579
   9.000   1.5965   0.01873   0.01194  -0.1835  0.3487  1.0000  -2.3036   0.0000   0.3480
  10.000   1.7039   0.01951   0.01304  -0.1831  0.3394  1.0000  -2.5517   0.0000   0.3386
  11.000   1.8085   0.02028   0.01386  -0.1824  0.3260  1.0000  -2.9109   0.0000   0.3300
  12.000   1.9070   0.02139   0.01518  -0.1809  0.3104  1.0000  -3.2738   0.0000   0.3219
  13.000   1.9994   0.02213   0.01615  -0.1782  0.2923  1.0000  -3.6414   0.0000   0.3140
  14.000   2.0834   0.02347   0.01786  -0.1744  0.2734  1.0000  -4.0512   0.0000   0.3063
  15.000   2.1388   0.02549   0.02012  -0.1657  0.2444  1.0000  -4.4126   0.0000   0.2978
  16.000   2.1354   0.03140   0.02594  -0.1507  0.1910  1.0000  -4.6432   0.0000   0.2886
  17.000   2.0689   0.04822   0.04300  -0.1442  0.1567  1.0000  -4.6834   0.0000   0.2852
  18.000   1.9740   0.07301   0.06823  -0.1458  0.1368  1.0000  -4.6118   0.0000   0.2868
  19.000   1.8816   0.09974   0.09536  -0.1512  0.1194  1.0000  -4.5143   0.0000   0.2908
  20.000   1.8209   0.12334   0.11919  -0.1587  0.1011  1.0000  -4.4815   0.0000   0.2950
  21.000   1.7828   0.14357   0.13961  -0.1671  0.0866  1.0000  -4.5223   0.0000   0.2990
  22.000   1.7697   0.15875   0.15494  -0.1750  0.0748  1.0000  -4.6814   0.0000   0.3014
  23.000   1.7658   0.17342   0.16995  -0.1829  0.0668  1.0000  -5.1390   0.0000   0.3031
  24.000   1.7539   0.19083   0.18755  -0.1924  0.0590  1.0000  -5.6136   0.0000   0.3063
  25.000   1.7512   0.20702   0.20402  -0.2011  0.0523  1.0000  -6.1784   0.0000   0.3083


