XFLR5 v6.09.05 beta

 Calculated polar for: -10s1223

 1 1 Reynolds number fixed          Mach number fixed         

 xtrf =   1.000 (top)        1.000 (bottom)
 Mach =   0.000     Re =     0.200 e 6     Ncrit =   9.000

  alpha     CL        CD       CDp       Cm    Top Xtr Bot Xtr   Cpmin    Chinge    XCp    
 ------- -------- --------- --------- -------- ------- ------- -------- --------- ---------
   1.000   0.6870   0.01910   0.01048  -0.1844  0.4810  0.0385  -1.2369   0.0000   0.5140
   2.000   0.8199   0.01751   0.00845  -0.1881  0.4598  0.0526  -1.2683   0.0000   0.4736
   3.000   0.9558   0.01722   0.00875  -0.1926  0.4454  0.3448  -1.4000   0.0000   0.4443
   4.000   1.0742   0.01773   0.00939  -0.1934  0.4312  0.4580  -1.5263   0.0000   0.4215
   5.000   1.1455   0.01861   0.01111  -0.1832  0.4183  0.9336  -1.6153   0.0000   0.3998
   6.000   1.2440   0.01953   0.01204  -0.1800  0.4105  1.0000  -1.7393   0.0000   0.3831
   7.000   1.3562   0.02098   0.01345  -0.1802  0.3989  1.0000  -1.8885   0.0000   0.3697
   8.000   1.4673   0.02310   0.01552  -0.1807  0.3872  1.0000  -2.0618   0.0000   0.3583
   9.000   1.5689   0.02544   0.01816  -0.1797  0.3763  1.0000  -2.2462   0.0000   0.3480
  10.000   1.6721   0.02672   0.01957  -0.1787  0.3626  1.0000  -2.4801   0.0000   0.3384
  11.000   1.7702   0.02948   0.02262  -0.1776  0.3485  1.0000  -2.8108   0.0000   0.3299
  12.000   1.8612   0.03027   0.02378  -0.1746  0.3331  1.0000  -3.1550   0.0000   0.3213
  13.000   1.9543   0.03105   0.02473  -0.1721  0.3145  1.0000  -3.5210   0.0000   0.3133
  14.000   2.0288   0.03136   0.02541  -0.1663  0.2947  1.0000  -3.8957   0.0000   0.3049
  15.000   2.0711   0.03353   0.02802  -0.1559  0.2740  1.0000  -4.2195   0.0000   0.2959
  16.000   2.0847   0.03741   0.03231  -0.1435  0.2496  1.0000  -4.4814   0.0000   0.2871
  17.000   2.0486   0.04912   0.04442  -0.1367  0.2203  1.0000  -4.6000   0.0000   0.2825
  18.000   1.9625   0.07128   0.06691  -0.1379  0.1912  1.0000  -4.5518   0.0000   0.2834
  19.000   1.8712   0.09690   0.09278  -0.1433  0.1644  1.0000  -4.4525   0.0000   0.2872
  20.000   1.8179   0.11857   0.11461  -0.1502  0.1400  1.0000  -4.4375   0.0000   0.2906
  21.000   1.7838   0.13746   0.13367  -0.1581  0.1195  1.0000  -4.4901   0.0000   0.2940
  22.000   1.7634   0.15370   0.15005  -0.1669  0.1020  1.0000  -4.6193   0.0000   0.2972
  23.000   1.7507   0.17002   0.16645  -0.1760  0.0867  1.0000  -4.9754   0.0000   0.3002
  24.000   1.7249   0.19115   0.18804  -0.1879  0.0767  1.0000  -5.2585   0.0000   0.3058
  25.000   1.7040   0.21216   0.20937  -0.1991  0.0687  1.0000  -5.6130   0.0000   0.3108


