XFLR5 v6.09.05 beta

 Calculated polar for: -10s1223

 1 1 Reynolds number fixed          Mach number fixed         

 xtrf =   1.000 (top)        1.000 (bottom)
 Mach =   0.000     Re =     0.215 e 6     Ncrit =   9.000

  alpha     CL        CD       CDp       Cm    Top Xtr Bot Xtr   Cpmin    Chinge    XCp    
 ------- -------- --------- --------- -------- ------- ------- -------- --------- ---------
   0.000   0.4906   0.03111   0.02478  -0.1643  0.4991  0.0679  -1.0867   0.0000   0.5814
   1.000   0.6885   0.01840   0.00985  -0.1845  0.4751  0.0364  -1.2577   0.0000   0.5136
   2.000   0.8222   0.01727   0.00827  -0.1885  0.4532  0.0499  -1.2713   0.0000   0.4734
   3.000   0.9575   0.01655   0.00819  -0.1928  0.4401  0.3362  -1.4047   0.0000   0.4442
   4.000   1.0762   0.01722   0.00886  -0.1937  0.4256  0.4464  -1.5325   0.0000   0.4214
   5.000   1.1579   0.01786   0.01048  -0.1858  0.4150  0.9186  -1.6297   0.0000   0.4004
   6.000   1.2463   0.01860   0.01123  -0.1802  0.4057  1.0000  -1.7463   0.0000   0.3829
   7.000   1.3603   0.01993   0.01243  -0.1807  0.3945  1.0000  -1.8981   0.0000   0.3696
   8.000   1.4691   0.02270   0.01528  -0.1810  0.3826  1.0000  -2.0657   0.0000   0.3584
   9.000   1.5742   0.02405   0.01687  -0.1803  0.3722  1.0000  -2.2572   0.0000   0.3479
  10.000   1.6811   0.02512   0.01809  -0.1799  0.3590  1.0000  -2.4985   0.0000   0.3385
  11.000   1.7774   0.02773   0.02098  -0.1784  0.3457  1.0000  -2.8292   0.0000   0.3299
  12.000   1.8730   0.02835   0.02185  -0.1761  0.3299  1.0000  -3.1838   0.0000   0.3214
  13.000   1.9615   0.02930   0.02307  -0.1728  0.3112  1.0000  -3.5411   0.0000   0.3133
  14.000   2.0405   0.02978   0.02377  -0.1678  0.2916  1.0000  -3.9287   0.0000   0.3051
  15.000   2.0838   0.03189   0.02640  -0.1575  0.2705  1.0000  -4.2557   0.0000   0.2962
  16.000   2.0987   0.03586   0.03079  -0.1451  0.2446  1.0000  -4.5216   0.0000   0.2874
  17.000   2.0625   0.04760   0.04288  -0.1378  0.2141  1.0000  -4.6423   0.0000   0.2825
  18.000   1.9749   0.06997   0.06554  -0.1388  0.1856  1.0000  -4.5923   0.0000   0.2834
  19.000   1.8821   0.09575   0.09156  -0.1439  0.1598  1.0000  -4.4913   0.0000   0.2870
  20.000   1.8241   0.11824   0.11418  -0.1511  0.1353  1.0000  -4.4663   0.0000   0.2908
  21.000   1.7851   0.13818   0.13428  -0.1596  0.1144  1.0000  -4.5057   0.0000   0.2947
  22.000   1.7603   0.15550   0.15181  -0.1690  0.0972  1.0000  -4.6172   0.0000   0.2986
  23.000   1.7451   0.17247   0.16896  -0.1785  0.0831  1.0000  -4.9386   0.0000   0.3020
  24.000   1.7409   0.18808   0.18472  -0.1870  0.0722  1.0000  -5.4278   0.0000   0.3041
  25.000   1.7135   0.21085   0.20806  -0.1992  0.0665  1.0000  -5.7231   0.0000   0.3101


