XFLR5 v6.09.05 beta

 Calculated polar for: -10s1223

 1 1 Reynolds number fixed          Mach number fixed         

 xtrf =   1.000 (top)        1.000 (bottom)
 Mach =   0.000     Re =     0.055 e 6     Ncrit =   9.000

  alpha     CL        CD       CDp       Cm    Top Xtr Bot Xtr   Cpmin    Chinge    XCp    
 ------- -------- --------- --------- -------- ------- ------- -------- --------- ---------
   0.000   0.3568   0.06213   0.05612  -0.1232  0.6678  0.2806  -0.8994   0.0000   0.5948
   1.000   0.5897   0.04165   0.03384  -0.1751  0.6388  0.1283  -1.0057   0.0000   0.5440
   2.000   0.7338   0.03753   0.02827  -0.1853  0.6125  0.1318  -1.0990   0.0000   0.4984
   3.000   0.8290   0.03989   0.03190  -0.1824  0.5928  0.5631  -1.1716   0.0000   0.4648
   4.000   0.8717   0.04561   0.03828  -0.1763  0.5764  0.7143  -1.1948   0.0000   0.4459
   5.000   0.9386   0.05245   0.04433  -0.1726  0.5611  1.0000  -1.2518   0.0000   0.4262
   6.000   0.9021   0.07174   0.06373  -0.1729  0.5608  1.0000  -1.1645   0.0000   0.4333
   9.000   0.9266   0.12588   0.11779  -0.1847  0.6010  1.0000  -1.0827   0.0000   0.4380
  10.000   0.9881   0.13967   0.13144  -0.1845  0.5642  1.0000  -1.1603   0.0000   0.4238
  14.000   1.0665   0.18076   0.17298  -0.1833  0.4234  1.0000  -1.3104   0.0000   0.4026
  15.000   1.0810   0.19127   0.18365  -0.1868  0.3921  1.0000  -1.3516   0.0000   0.4018
  16.000   1.1039   0.20309   0.19565  -0.1914  0.3626  1.0000  -1.3947   0.0000   0.4006
  17.000   1.1329   0.21921   0.21197  -0.1964  0.3431  1.0000  -1.4264   0.0000   0.3988
  18.000   1.2000   0.24630   0.23958  -0.1976  0.3169  1.0000  -1.5707   0.0000   0.3879
  20.000   1.2029   0.26638   0.26006  -0.2129  0.2676  1.0000  -1.4750   0.0000   0.3963
  21.000   1.2504   0.29619   0.29015  -0.2145  0.2563  1.0000  -1.5736   0.0000   0.3885
  22.000   1.2497   0.30526   0.29944  -0.2214  0.2322  1.0000  -1.5481   0.0000   0.3918
  23.000   1.2399   0.32550   0.32007  -0.2289  0.2209  1.0000  -1.4779   0.0000   0.3972
  24.000   1.2701   0.34987   0.34484  -0.2283  0.2034  1.0000  -1.6176   0.0000   0.3896


