XFLR5 v6.09.05 beta

 Calculated polar for: -10s1223

 1 1 Reynolds number fixed          Mach number fixed         

 xtrf =   1.000 (top)        1.000 (bottom)
 Mach =   0.000     Re =     0.110 e 6     Ncrit =   9.000

  alpha     CL        CD       CDp       Cm    Top Xtr Bot Xtr   Cpmin    Chinge    XCp    
 ------- -------- --------- --------- -------- ------- ------- -------- --------- ---------
   0.000   0.4312   0.04575   0.03957  -0.1432  0.5666  0.1454  -0.9819   0.0000   0.5792
   1.000   0.6719   0.02507   0.01625  -0.1839  0.5400  0.0731  -1.1115   0.0000   0.5197
   2.000   0.8051   0.02291   0.01342  -0.1871  0.5170  0.0792  -1.2267   0.0000   0.4770
   3.000   0.9334   0.02338   0.01461  -0.1896  0.4986  0.4504  -1.3483   0.0000   0.4464
   4.000   1.0411   0.02483   0.01634  -0.1889  0.4838  0.5724  -1.4511   0.0000   0.4233
   5.000   1.0972   0.02574   0.01781  -0.1759  0.4696  1.0000  -1.5287   0.0000   0.4008
   6.000   1.2065   0.02889   0.02058  -0.1760  0.4571  1.0000  -1.6558   0.0000   0.3849
   7.000   1.2934   0.03352   0.02553  -0.1737  0.4433  1.0000  -1.7667   0.0000   0.3719
   8.000   1.3824   0.03780   0.03006  -0.1717  0.4294  1.0000  -1.9075   0.0000   0.3603
   9.000   1.4610   0.04364   0.03604  -0.1688  0.4154  1.0000  -2.0527   0.0000   0.3499
  10.000   1.4816   0.05300   0.04604  -0.1614  0.3955  1.0000  -2.1367   0.0000   0.3418
  12.000   1.3793   0.09085   0.08459  -0.1514  0.3505  1.0000  -2.0909   0.0000   0.3395
  13.000   1.3218   0.11359   0.10757  -0.1561  0.3191  1.0000  -2.0342   0.0000   0.3464
  16.000   1.2816   0.16529   0.16009  -0.1721  0.2351  1.0000  -2.0691   0.0000   0.3576
  17.000   1.2976   0.17757   0.17256  -0.1772  0.2093  1.0000  -2.1296   0.0000   0.3579
  19.000   1.3135   0.21080   0.20620  -0.1923  0.1634  1.0000  -2.1671   0.0000   0.3638
  20.000   1.3420   0.22418   0.21989  -0.1962  0.1495  1.0000  -2.2602   0.0000   0.3611
  21.000   1.2984   0.26615   0.26197  -0.2143  0.1565  1.0000  -1.8565   0.0000   0.3797
  22.000   1.2834   0.29605   0.29219  -0.2260  0.1592  1.0000  -1.6736   0.0000   0.3895


