XFLR5 v6.09.05 beta

 Calculated polar for: -10s1223

 1 1 Reynolds number fixed          Mach number fixed         

 xtrf =   1.000 (top)        1.000 (bottom)
 Mach =   0.000     Re =     0.210 e 6     Ncrit =   9.000

  alpha     CL        CD       CDp       Cm    Top Xtr Bot Xtr   Cpmin    Chinge    XCp    
 ------- -------- --------- --------- -------- ------- ------- -------- --------- ---------
   1.000   0.6880   0.01863   0.01006  -0.1845  0.4770  0.0370  -1.2503   0.0000   0.5137
   2.000   0.8223   0.01747   0.00842  -0.1886  0.4542  0.0508  -1.2704   0.0000   0.4735
   3.000   0.9570   0.01676   0.00837  -0.1928  0.4418  0.3391  -1.4032   0.0000   0.4442
   4.000   1.0753   0.01736   0.00900  -0.1936  0.4276  0.4487  -1.5305   0.0000   0.4214
   5.000   1.1536   0.01807   0.01066  -0.1849  0.4162  0.9230  -1.6249   0.0000   0.4002
   6.000   1.2455   0.01889   0.01149  -0.1801  0.4073  1.0000  -1.7440   0.0000   0.3830
   7.000   1.3591   0.02025   0.01274  -0.1806  0.3959  1.0000  -1.8951   0.0000   0.3697
   8.000   1.4677   0.02317   0.01570  -0.1809  0.3834  1.0000  -2.0628   0.0000   0.3584
   9.000   1.5725   0.02450   0.01728  -0.1801  0.3736  1.0000  -2.2536   0.0000   0.3479
  10.000   1.6784   0.02560   0.01858  -0.1795  0.3601  1.0000  -2.4929   0.0000   0.3384
  11.000   1.7752   0.02827   0.02148  -0.1781  0.3467  1.0000  -2.8234   0.0000   0.3299
  12.000   1.8693   0.02895   0.02245  -0.1756  0.3309  1.0000  -3.1749   0.0000   0.3214
  13.000   1.9591   0.02984   0.02359  -0.1726  0.3123  1.0000  -3.5345   0.0000   0.3133
  14.000   2.0370   0.03025   0.02426  -0.1674  0.2926  1.0000  -3.9187   0.0000   0.3050
  15.000   2.0797   0.03241   0.02692  -0.1570  0.2717  1.0000  -4.2440   0.0000   0.2961
  16.000   2.0942   0.03636   0.03128  -0.1446  0.2463  1.0000  -4.5087   0.0000   0.2873
  17.000   2.0583   0.04807   0.04336  -0.1375  0.2161  1.0000  -4.6293   0.0000   0.2825
  18.000   1.9712   0.07036   0.06596  -0.1385  0.1874  1.0000  -4.5800   0.0000   0.2834
  19.000   1.8790   0.09606   0.09190  -0.1437  0.1614  1.0000  -4.4800   0.0000   0.2870
  20.000   1.8226   0.11827   0.11425  -0.1508  0.1370  1.0000  -4.4588   0.0000   0.2907
  21.000   1.7845   0.13799   0.13414  -0.1592  0.1162  1.0000  -4.5001   0.0000   0.2945
  22.000   1.7607   0.15508   0.15143  -0.1684  0.0989  1.0000  -4.6146   0.0000   0.2982
  23.000   1.7468   0.17173   0.16820  -0.1777  0.0843  1.0000  -4.9497   0.0000   0.3014
  24.000   1.7354   0.18920   0.18591  -0.1875  0.0736  1.0000  -5.3720   0.0000   0.3048
  25.000   1.7101   0.21137   0.20859  -0.1992  0.0672  1.0000  -5.6838   0.0000   0.3104


