XFLR5 v6.09.05 beta

 Calculated polar for: -10s1223

 1 1 Reynolds number fixed          Mach number fixed         

 xtrf =   1.000 (top)        1.000 (bottom)
 Mach =   0.000     Re =     0.345 e 6     Ncrit =   9.000

  alpha     CL        CD       CDp       Cm    Top Xtr Bot Xtr   Cpmin    Chinge    XCp    
 ------- -------- --------- --------- -------- ------- ------- -------- --------- ---------
   0.000   0.5075   0.02527   0.01923  -0.1685  0.4635  0.0357  -1.3228   0.0000   0.5787
   1.000   0.6962   0.01571   0.00777  -0.1856  0.4413  0.0266  -1.3315   0.0000   0.5120
   2.000   0.8301   0.01465   0.00632  -0.1898  0.4195  0.0393  -1.2897   0.0000   0.4727
   3.000   0.9683   0.01368   0.00576  -0.1947  0.4101  0.2730  -1.4291   0.0000   0.4437
   4.000   1.0877   0.01404   0.00629  -0.1958  0.3975  0.3902  -1.5614   0.0000   0.4211
   5.000   1.2060   0.01485   0.00790  -0.1967  0.3837  0.8436  -1.6898   0.0000   0.4028
   6.000   1.2892   0.01530   0.00847  -0.1892  0.3786  0.9237  -1.8044   0.0000   0.3848
   7.000   1.3767   0.01571   0.00893  -0.1833  0.3699  0.9688  -1.9343   0.0000   0.3697
   8.000   1.4863   0.01660   0.00982  -0.1830  0.3599  1.0000  -2.1066   0.0000   0.3579
   9.000   1.5974   0.01836   0.01163  -0.1835  0.3480  1.0000  -2.3057   0.0000   0.3480
  10.000   1.7051   0.01916   0.01273  -0.1833  0.3383  1.0000  -2.5549   0.0000   0.3386
  11.000   1.8097   0.02002   0.01360  -0.1826  0.3245  1.0000  -2.9141   0.0000   0.3300
  12.000   1.9086   0.02100   0.01483  -0.1811  0.3091  1.0000  -3.2781   0.0000   0.3219
  13.000   2.0009   0.02188   0.01590  -0.1784  0.2908  1.0000  -3.6454   0.0000   0.3140
  14.000   2.0860   0.02313   0.01754  -0.1748  0.2721  1.0000  -4.0585   0.0000   0.3064
  15.000   2.1405   0.02522   0.01982  -0.1661  0.2407  1.0000  -4.4186   0.0000   0.2978
  16.000   2.1333   0.03152   0.02600  -0.1506  0.1856  1.0000  -4.6397   0.0000   0.2886
  18.000   1.9689   0.07390   0.06910  -0.1463  0.1338  1.0000  -4.5980   0.0000   0.2872
  19.000   1.8801   0.10020   0.09579  -0.1516  0.1166  1.0000  -4.5107   0.0000   0.2911
  20.000   1.8216   0.12348   0.11933  -0.1590  0.0995  1.0000  -4.4847   0.0000   0.2952
  21.000   1.7855   0.14339   0.13945  -0.1672  0.0855  1.0000  -4.5329   0.0000   0.2989
  22.000   1.7695   0.15905   0.15524  -0.1754  0.0734  1.0000  -4.6802   0.0000   0.3016
  23.000   1.7675   0.17337   0.16990  -0.1830  0.0659  1.0000  -5.1578   0.0000   0.3031
  24.000   1.7540   0.19110   0.18781  -0.1928  0.0578  1.0000  -5.6178   0.0000   0.3065
  25.000   1.7526   0.20703   0.20405  -0.2013  0.0515  1.0000  -6.1960   0.0000   0.3083


