XFLR5 v6.09.05 beta

 Calculated polar for: -10s1223

 1 1 Reynolds number fixed          Mach number fixed         

 xtrf =   1.000 (top)        1.000 (bottom)
 Mach =   0.000     Re =     0.065 e 6     Ncrit =   9.000

  alpha     CL        CD       CDp       Cm    Top Xtr Bot Xtr   Cpmin    Chinge    XCp    
 ------- -------- --------- --------- -------- ------- ------- -------- --------- ---------
   0.000   0.3843   0.05748   0.05140  -0.1293  0.6379  0.2430  -0.9285   0.0000   0.5851
   1.000   0.4560   0.05121   0.04531  -0.1294  0.6115  0.3259  -0.9773   0.0000   0.5307
   2.000   0.7611   0.03250   0.02308  -0.1854  0.5848  0.1165  -1.1419   0.0000   0.4891
   3.000   0.8780   0.03383   0.02534  -0.1848  0.5653  0.5441  -1.2467   0.0000   0.4547
   4.000   0.9360   0.03806   0.03050  -0.1787  0.5483  0.7038  -1.2863   0.0000   0.4340
   5.000   1.0086   0.04177   0.03358  -0.1721  0.5320  1.0000  -1.3655   0.0000   0.4123
   6.000   1.0139   0.05732   0.04937  -0.1706  0.5197  1.0000  -1.3365   0.0000   0.4091
   7.000   0.9203   0.08336   0.07584  -0.1735  0.5330  1.0000  -1.1638   0.0000   0.4290
   8.000   0.8279   0.10617   0.09904  -0.1785  0.5824  1.0000  -0.9895   0.0000   0.4557
   9.000   0.8742   0.11714   0.10982  -0.1781  0.5493  1.0000  -1.0308   0.0000   0.4424
  10.000   1.0328   0.13632   0.12869  -0.1826  0.5274  1.0000  -1.2357   0.0000   0.4135
  13.000   1.0672   0.16552   0.15824  -0.1798  0.4225  1.0000  -1.3147   0.0000   0.4006
  14.000   1.0745   0.17630   0.16915  -0.1824  0.3907  1.0000  -1.3367   0.0000   0.4002
  15.000   1.0869   0.18845   0.18147  -0.1871  0.3643  1.0000  -1.3689   0.0000   0.4010
  16.000   1.1165   0.20192   0.19511  -0.1915  0.3396  1.0000  -1.4267   0.0000   0.3985
  17.000   1.1879   0.22570   0.21911  -0.1920  0.3166  1.0000  -1.5771   0.0000   0.3865
  18.000   1.2196   0.23730   0.23118  -0.1956  0.2879  1.0000  -1.6516   0.0000   0.3830
  19.000   1.2065   0.24640   0.24044  -0.2051  0.2623  1.0000  -1.5653   0.0000   0.3909
  20.000   1.2141   0.26625   0.26048  -0.2133  0.2505  1.0000  -1.5016   0.0000   0.3947
  21.000   1.2903   0.29726   0.29183  -0.2110  0.2291  1.0000  -1.7252   0.0000   0.3797
  22.000   1.2446   0.30288   0.29755  -0.2249  0.2123  1.0000  -1.5158   0.0000   0.3953
  23.000   1.3030   0.33719   0.33237  -0.2232  0.2020  1.0000  -1.7247   0.0000   0.3831


