XFLR5 v6.09.05 beta

 Calculated polar for: -10s1223

 1 1 Reynolds number fixed          Mach number fixed         

 xtrf =   1.000 (top)        1.000 (bottom)
 Mach =   0.000     Re =     0.195 e 6     Ncrit =   9.000

  alpha     CL        CD       CDp       Cm    Top Xtr Bot Xtr   Cpmin    Chinge    XCp    
 ------- -------- --------- --------- -------- ------- ------- -------- --------- ---------
   0.000   0.4688   0.03456   0.02854  -0.1570  0.5080  0.0709  -1.0082   0.0000   0.5815
   1.000   0.6866   0.01936   0.01070  -0.1843  0.4831  0.0392  -1.2307   0.0000   0.5141
   2.000   0.8191   0.01762   0.00856  -0.1880  0.4623  0.0535  -1.2669   0.0000   0.4736
   3.000   0.9553   0.01747   0.00896  -0.1925  0.4472  0.3476  -1.3984   0.0000   0.4444
   4.000   1.0734   0.01796   0.00963  -0.1933  0.4330  0.4622  -1.5238   0.0000   0.4215
   5.000   1.1421   0.01856   0.01102  -0.1824  0.4204  0.9401  -1.6125   0.0000   0.3996
   6.000   1.2432   0.01987   0.01233  -0.1799  0.4121  1.0000  -1.7369   0.0000   0.3831
   7.000   1.3547   0.02139   0.01384  -0.1801  0.4005  1.0000  -1.8849   0.0000   0.3698
   8.000   1.4661   0.02320   0.01561  -0.1805  0.3893  1.0000  -2.0596   0.0000   0.3583
   9.000   1.5668   0.02596   0.01863  -0.1795  0.3777  1.0000  -2.2421   0.0000   0.3480
  10.000   1.6685   0.02734   0.02021  -0.1783  0.3639  1.0000  -2.4730   0.0000   0.3384
  11.000   1.7674   0.03016   0.02326  -0.1773  0.3493  1.0000  -2.8039   0.0000   0.3299
  12.000   1.8566   0.03099   0.02452  -0.1740  0.3343  1.0000  -3.1440   0.0000   0.3212
  13.000   1.9520   0.03171   0.02535  -0.1718  0.3155  1.0000  -3.5140   0.0000   0.3133
  14.000   2.0242   0.03201   0.02607  -0.1656  0.2957  1.0000  -3.8827   0.0000   0.3048
  15.000   2.0665   0.03414   0.02862  -0.1553  0.2753  1.0000  -4.2063   0.0000   0.2959
  16.000   2.0800   0.03796   0.03283  -0.1430  0.2511  1.0000  -4.4678   0.0000   0.2870
  17.000   2.0434   0.04969   0.04498  -0.1363  0.2223  1.0000  -4.5845   0.0000   0.2825
  18.000   1.9577   0.07177   0.06741  -0.1376  0.1932  1.0000  -4.5366   0.0000   0.2834
  19.000   1.8670   0.09735   0.09324  -0.1431  0.1660  1.0000  -4.4378   0.0000   0.2872
  20.000   1.8147   0.11886   0.11490  -0.1500  0.1414  1.0000  -4.4242   0.0000   0.2906
  21.000   1.7840   0.13704   0.13324  -0.1575  0.1210  1.0000  -4.4880   0.0000   0.2936
  22.000   1.7650   0.15296   0.14930  -0.1660  0.1036  1.0000  -4.6243   0.0000   0.2966
  23.000   1.7537   0.16890   0.16528  -0.1750  0.0877  1.0000  -4.9960   0.0000   0.2994
  24.000   1.7181   0.19241   0.18939  -0.1882  0.0786  1.0000  -5.1831   0.0000   0.3065
  25.000   1.7016   0.21238   0.20957  -0.1989  0.0694  1.0000  -5.5835   0.0000   0.3109


