XFLR5 v6.09.05 beta

 Calculated polar for: -10s1223

 1 1 Reynolds number fixed          Mach number fixed         

 xtrf =   1.000 (top)        1.000 (bottom)
 Mach =   0.000     Re =     0.095 e 6     Ncrit =   9.000

  alpha     CL        CD       CDp       Cm    Top Xtr Bot Xtr   Cpmin    Chinge    XCp    
 ------- -------- --------- --------- -------- ------- ------- -------- --------- ---------
   0.000   0.4229   0.04886   0.04278  -0.1410  0.5838  0.1737  -0.9696   0.0000   0.5809
   1.000   0.6628   0.02814   0.01936  -0.1827  0.5583  0.0848  -1.0968   0.0000   0.5218
   2.000   0.7988   0.02470   0.01503  -0.1865  0.5337  0.0871  -1.2133   0.0000   0.4782
   3.000   0.9197   0.02583   0.01728  -0.1881  0.5154  0.4743  -1.3220   0.0000   0.4480
   4.000   1.0281   0.02677   0.01837  -0.1873  0.4990  0.6162  -1.4255   0.0000   0.4243
   5.000   1.0823   0.02918   0.02108  -0.1748  0.4856  1.0000  -1.4988   0.0000   0.4022
   6.000   1.1739   0.03369   0.02564  -0.1734  0.4712  1.0000  -1.5980   0.0000   0.3871
   7.000   1.2765   0.03730   0.02897  -0.1725  0.4573  1.0000  -1.7357   0.0000   0.3730
   8.000   1.2959   0.04934   0.04179  -0.1665  0.4404  1.0000  -1.7678   0.0000   0.3652
   9.000   1.3789   0.05394   0.04650  -0.1640  0.4250  1.0000  -1.9148   0.0000   0.3539
  12.000   1.1928   0.12209   0.11563  -0.1638  0.3537  1.0000  -1.6556   0.0000   0.3687
  14.000   1.1580   0.15690   0.15083  -0.1733  0.2983  1.0000  -1.6148   0.0000   0.3783
  15.000   1.1799   0.16969   0.16379  -0.1768  0.2733  1.0000  -1.6963   0.0000   0.3766
  16.000   1.2136   0.18023   0.17448  -0.1796  0.2479  1.0000  -1.8060   0.0000   0.3727
  17.000   1.2479   0.18992   0.18455  -0.1827  0.2211  1.0000  -1.9132   0.0000   0.3688
  18.000   1.3010   0.19660   0.19142  -0.1828  0.1994  1.0000  -2.1294   0.0000   0.3601
  19.000   1.3366   0.20581   0.20084  -0.1857  0.1779  1.0000  -2.2818   0.0000   0.3559
  20.000   1.2839   0.24735   0.24265  -0.2052  0.1798  1.0000  -1.8550   0.0000   0.3768
  21.000   1.2634   0.27725   0.27274  -0.2191  0.1837  1.0000  -1.6422   0.0000   0.3893
  22.000   1.3222   0.30479   0.30069  -0.2167  0.1764  1.0000  -1.8451   0.0000   0.3769


