XFLR5 v6.09.05 beta

 Calculated polar for: -10s1223

 1 1 Reynolds number fixed          Mach number fixed         

 xtrf =   1.000 (top)        1.000 (bottom)
 Mach =   0.000     Re =     0.120 e 6     Ncrit =   9.000

  alpha     CL        CD       CDp       Cm    Top Xtr Bot Xtr   Cpmin    Chinge    XCp    
 ------- -------- --------- --------- -------- ------- ------- -------- --------- ---------
   0.000   0.4292   0.04480   0.03874  -0.1420  0.5569  0.1261  -0.9840   0.0000   0.5779
   1.000   0.6733   0.02496   0.01596  -0.1829  0.5302  0.0640  -1.1188   0.0000   0.5175
   2.000   0.8084   0.02175   0.01232  -0.1872  0.5071  0.0739  -1.2349   0.0000   0.4761
   3.000   0.9378   0.02269   0.01392  -0.1903  0.4893  0.4369  -1.3575   0.0000   0.4461
   4.000   1.0474   0.02343   0.01496  -0.1896  0.4745  0.5507  -1.4645   0.0000   0.4228
   5.000   1.1076   0.02386   0.01588  -0.1769  0.4614  1.0000  -1.5498   0.0000   0.4000
   6.000   1.2115   0.02757   0.01947  -0.1765  0.4497  1.0000  -1.6661   0.0000   0.3846
   7.000   1.3096   0.03068   0.02272  -0.1751  0.4354  1.0000  -1.7947   0.0000   0.3712
   8.000   1.4119   0.03381   0.02587  -0.1744  0.4232  1.0000  -1.9577   0.0000   0.3593
   9.000   1.4784   0.04015   0.03273  -0.1700  0.4082  1.0000  -2.0837   0.0000   0.3492
  10.000   1.5657   0.04334   0.03608  -0.1674  0.3924  1.0000  -2.2796   0.0000   0.3393
  11.000   1.5820   0.05308   0.04641  -0.1588  0.3744  1.0000  -2.4009   0.0000   0.3312
  12.000   1.6273   0.05782   0.05164  -0.1521  0.3573  1.0000  -2.6359   0.0000   0.3223
  13.000   1.3653   0.10498   0.09915  -0.1533  0.3167  1.0000  -2.1554   0.0000   0.3401
  18.000   1.3574   0.17950   0.17488  -0.1778  0.1830  1.0000  -2.4132   0.0000   0.3492
  20.000   1.3322   0.22706   0.22283  -0.1998  0.1414  1.0000  -2.2007   0.0000   0.3652
  21.000   1.3967   0.22655   0.22267  -0.1968  0.1296  1.0000  -2.5662   0.0000   0.3522
  22.000   1.3375   0.29304   0.28943  -0.2157  0.1522  1.0000  -1.9692   0.0000   0.3734
  23.000   1.2887   0.31786   0.31436  -0.2330  0.1399  1.0000  -1.6816   0.0000   0.3918


