XFLR5 v6.09.05 beta

 Calculated polar for: -10s1223

 1 1 Reynolds number fixed          Mach number fixed         

 xtrf =   1.000 (top)        1.000 (bottom)
 Mach =   0.000     Re =     0.300 e 6     Ncrit =   9.000

  alpha     CL        CD       CDp       Cm    Top Xtr Bot Xtr   Cpmin    Chinge    XCp    
 ------- -------- --------- --------- -------- ------- ------- -------- --------- ---------
   0.000   0.4928   0.03074   0.02473  -0.1617  0.4739  0.0449  -1.1772   0.0000   0.5747
   1.000   0.6913   0.01695   0.00880  -0.1845  0.4495  0.0283  -1.2999   0.0000   0.5123
   2.000   0.8247   0.01520   0.00677  -0.1886  0.4321  0.0426  -1.2841   0.0000   0.4727
   3.000   0.9659   0.01459   0.00648  -0.1943  0.4165  0.2948  -1.4227   0.0000   0.4439
   4.000   1.0843   0.01495   0.00702  -0.1951  0.4054  0.4019  -1.5528   0.0000   0.4211
   5.000   1.1938   0.01514   0.00809  -0.1937  0.3946  0.8627  -1.6777   0.0000   0.4020
   6.000   1.2710   0.01642   0.00935  -0.1852  0.3834  0.9468  -1.7832   0.0000   0.3839
   7.000   1.3696   0.01692   0.00994  -0.1820  0.3766  1.0000  -1.9219   0.0000   0.3695
   8.000   1.4826   0.01798   0.01108  -0.1825  0.3666  1.0000  -2.0970   0.0000   0.3580
   9.000   1.5935   0.01946   0.01247  -0.1829  0.3540  1.0000  -2.2977   0.0000   0.3479
  10.000   1.6992   0.02091   0.01429  -0.1825  0.3438  1.0000  -2.5392   0.0000   0.3386
  11.000   1.8031   0.02166   0.01519  -0.1816  0.3307  1.0000  -2.8959   0.0000   0.3300
  12.000   1.9012   0.02301   0.01665  -0.1801  0.3146  1.0000  -3.2574   0.0000   0.3219
  13.000   1.9925   0.02339   0.01738  -0.1771  0.2970  1.0000  -3.6231   0.0000   0.3138
  14.000   2.0728   0.02485   0.01915  -0.1727  0.2784  1.0000  -4.0219   0.0000   0.3059
  15.000   2.1259   0.02679   0.02138  -0.1636  0.2534  1.0000  -4.3765   0.0000   0.2973
  16.000   2.1357   0.03160   0.02629  -0.1502  0.2104  1.0000  -4.6370   0.0000   0.2884
  17.000   2.0768   0.04685   0.04176  -0.1428  0.1732  1.0000  -4.7001   0.0000   0.2843
  18.000   1.9770   0.07186   0.06717  -0.1442  0.1505  1.0000  -4.6161   0.0000   0.2859
  19.000   1.8775   0.09941   0.09503  -0.1498  0.1300  1.0000  -4.4971   0.0000   0.2902
  20.000   1.8148   0.12327   0.11907  -0.1576  0.1082  1.0000  -4.4564   0.0000   0.2947
  21.000   1.7754   0.14378   0.13976  -0.1663  0.0909  1.0000  -4.4925   0.0000   0.2990
  22.000   1.7690   0.15781   0.15406  -0.1736  0.0795  1.0000  -4.6763   0.0000   0.3006
  23.000   1.7581   0.17372   0.17011  -0.1822  0.0695  1.0000  -5.0573   0.0000   0.3032
  24.000   1.7527   0.18986   0.18665  -0.1910  0.0628  1.0000  -5.5872   0.0000   0.3056
  25.000   1.7473   0.20653   0.20344  -0.2000  0.0545  1.0000  -6.1252   0.0000   0.3079


