XFLR5 v6.09.05 beta

 Calculated polar for: -10s1223

 1 1 Reynolds number fixed          Mach number fixed         

 xtrf =   1.000 (top)        1.000 (bottom)
 Mach =   0.000     Re =     0.260 e 6     Ncrit =   9.000

  alpha     CL        CD       CDp       Cm    Top Xtr Bot Xtr   Cpmin    Chinge    XCp    
 ------- -------- --------- --------- -------- ------- ------- -------- --------- ---------
   0.000   0.4917   0.02917   0.02310  -0.1642  0.4842  0.0510  -1.1553   0.0000   0.5806
   1.000   0.6920   0.01727   0.00877  -0.1849  0.4584  0.0312  -1.3092   0.0000   0.5126
   2.000   0.8206   0.01625   0.00764  -0.1878  0.4417  0.0449  -1.2771   0.0000   0.4729
   3.000   0.9611   0.01525   0.00696  -0.1933  0.4262  0.3114  -1.4160   0.0000   0.4438
   4.000   1.0818   0.01601   0.00793  -0.1948  0.4135  0.4226  -1.5443   0.0000   0.4213
   6.000   1.2513   0.01652   0.00934  -0.1807  0.3941  1.0000  -1.7636   0.0000   0.3826
   7.000   1.3663   0.01861   0.01133  -0.1818  0.3824  1.0000  -1.9118   0.0000   0.3697
   8.000   1.4774   0.01975   0.01267  -0.1819  0.3739  1.0000  -2.0847   0.0000   0.3581
   9.000   1.5873   0.02085   0.01379  -0.1819  0.3623  1.0000  -2.2844   0.0000   0.3478
  10.000   1.6925   0.02309   0.01623  -0.1817  0.3486  1.0000  -2.5223   0.0000   0.3387
  11.000   1.7931   0.02398   0.01743  -0.1803  0.3369  1.0000  -2.8696   0.0000   0.3299
  12.000   1.8938   0.02505   0.01847  -0.1791  0.3201  1.0000  -3.2362   0.0000   0.3218
  13.000   1.9806   0.02555   0.01947  -0.1754  0.3026  1.0000  -3.5920   0.0000   0.3135
  14.000   2.0595   0.02689   0.02101  -0.1706  0.2838  1.0000  -3.9840   0.0000   0.3056
  15.000   2.1090   0.02858   0.02301  -0.1609  0.2606  1.0000  -4.3295   0.0000   0.2967
  16.000   2.1222   0.03301   0.02775  -0.1481  0.2298  1.0000  -4.5942   0.0000   0.2879
  17.000   2.0818   0.04578   0.04089  -0.1408  0.1938  1.0000  -4.7061   0.0000   0.2832
  18.000   1.9884   0.06935   0.06481  -0.1417  0.1670  1.0000  -4.6421   0.0000   0.2842
  19.000   1.8912   0.09606   0.09184  -0.1469  0.1443  1.0000  -4.5317   0.0000   0.2881
  20.000   1.8241   0.12042   0.11638  -0.1548  0.1213  1.0000  -4.4783   0.0000   0.2927
  21.000   1.7832   0.14089   0.13698  -0.1634  0.1009  1.0000  -4.5161   0.0000   0.2969
  22.000   1.7611   0.15766   0.15386  -0.1724  0.0852  1.0000  -4.6377   0.0000   0.3004
  23.000   1.7495   0.17394   0.17033  -0.1812  0.0747  1.0000  -4.9706   0.0000   0.3033
  24.000   1.7498   0.18869   0.18546  -0.1892  0.0671  1.0000  -5.5389   0.0000   0.3047
  25.000   1.7360   0.20776   0.20482  -0.1995  0.0599  1.0000  -5.9900   0.0000   0.3085


