XFLR5 v6.09.05 beta

 Calculated polar for: -10s1223

 1 1 Reynolds number fixed          Mach number fixed         

 xtrf =   1.000 (top)        1.000 (bottom)
 Mach =   0.000     Re =     0.150 e 6     Ncrit =   9.000

  alpha     CL        CD       CDp       Cm    Top Xtr Bot Xtr   Cpmin    Chinge    XCp    
 ------- -------- --------- --------- -------- ------- ------- -------- --------- ---------
   0.000   0.4458   0.04026   0.03417  -0.1485  0.5324  0.0961  -0.9964   0.0000   0.5799
   1.000   0.6818   0.02159   0.01261  -0.1837  0.5071  0.0467  -1.1963   0.0000   0.5151
   2.000   0.8135   0.02003   0.01069  -0.1874  0.4853  0.0629  -1.2509   0.0000   0.4747
   3.000   0.9466   0.01967   0.01103  -0.1912  0.4684  0.3911  -1.3789   0.0000   0.4450
   4.000   1.0627   0.02106   0.01248  -0.1919  0.4531  0.5062  -1.4968   0.0000   0.4221
   5.000   1.1182   0.02100   0.01338  -0.1780  0.4425  1.0000  -1.5749   0.0000   0.3993
   6.000   1.2308   0.02293   0.01506  -0.1783  0.4304  1.0000  -1.7064   0.0000   0.3835
   7.000   1.3377   0.02630   0.01830  -0.1783  0.4176  1.0000  -1.8475   0.0000   0.3704
   8.000   1.4372   0.02879   0.02118  -0.1770  0.4066  1.0000  -2.0044   0.0000   0.3587
   9.000   1.5389   0.03093   0.02340  -0.1759  0.3932  1.0000  -2.1894   0.0000   0.3481
  10.000   1.6289   0.03486   0.02755  -0.1738  0.3794  1.0000  -2.3940   0.0000   0.3386
  11.000   1.7118   0.03747   0.03074  -0.1702  0.3635  1.0000  -2.6773   0.0000   0.3295
  12.000   1.8062   0.03983   0.03318  -0.1684  0.3477  1.0000  -3.0212   0.0000   0.3212
  13.000   1.8748   0.04129   0.03523  -0.1624  0.3289  1.0000  -3.3295   0.0000   0.3124
  14.000   1.9461   0.04206   0.03626  -0.1566  0.3087  1.0000  -3.6726   0.0000   0.3039
  15.000   2.0267   0.04121   0.03538  -0.1514  0.2863  1.0000  -4.0850   0.0000   0.2956
  16.000   1.9821   0.04853   0.04350  -0.1353  0.2664  1.0000  -4.1957   0.0000   0.2869
  17.000   1.9128   0.06600   0.06158  -0.1339  0.2418  1.0000  -4.2026   0.0000   0.2861
  18.000   1.7794   0.09695   0.09285  -0.1410  0.2127  1.0000  -3.9826   0.0000   0.2930
  19.000   1.7865   0.10838   0.10435  -0.1435  0.1832  1.0000  -4.1606   0.0000   0.2913
  20.000   1.7846   0.12107   0.11696  -0.1470  0.1546  1.0000  -4.3009   0.0000   0.2906
  21.000   1.7238   0.14475   0.14105  -0.1586  0.1347  1.0000  -4.2211   0.0000   0.2979
  22.000   1.4520   0.22917   0.22591  -0.2014  0.1091  1.0000  -2.9278   0.0000   0.3463


