XFLR5 v6.09.05 beta

 Calculated polar for: -10s1223

 1 1 Reynolds number fixed          Mach number fixed         

 xtrf =   1.000 (top)        1.000 (bottom)
 Mach =   0.000     Re =     0.140 e 6     Ncrit =   9.000

  alpha     CL        CD       CDp       Cm    Top Xtr Bot Xtr   Cpmin    Chinge    XCp    
 ------- -------- --------- --------- -------- ------- ------- -------- --------- ---------
   1.000   0.6814   0.02200   0.01307  -0.1843  0.5142  0.0517  -1.1702   0.0000   0.5162
   2.000   0.8128   0.02085   0.01134  -0.1874  0.4904  0.0650  -1.2474   0.0000   0.4750
   3.000   0.9439   0.02062   0.01193  -0.1909  0.4749  0.4031  -1.3717   0.0000   0.4453
   4.000   1.0593   0.02126   0.01267  -0.1911  0.4598  0.5204  -1.4911   0.0000   0.4221
   5.000   1.1152   0.02207   0.01432  -0.1777  0.4483  1.0000  -1.5672   0.0000   0.3996
   6.000   1.2244   0.02430   0.01644  -0.1777  0.4360  1.0000  -1.6921   0.0000   0.3838
   7.000   1.3350   0.02656   0.01847  -0.1778  0.4235  1.0000  -1.8413   0.0000   0.3703
   8.000   1.4288   0.03057   0.02287  -0.1761  0.4118  1.0000  -1.9889   0.0000   0.3589
   9.000   1.5224   0.03345   0.02600  -0.1741  0.3974  1.0000  -2.1600   0.0000   0.3483
  10.000   1.6184   0.03732   0.02986  -0.1728  0.3830  1.0000  -2.3735   0.0000   0.3388
  11.000   1.6866   0.04093   0.03426  -0.1677  0.3670  1.0000  -2.6213   0.0000   0.3296
  12.000   1.7941   0.04238   0.03561  -0.1673  0.3508  1.0000  -2.9908   0.0000   0.3213
  13.000   1.4329   0.09174   0.08648  -0.1511  0.3124  1.0000  -2.3339   0.0000   0.3327
  14.000   1.6426   0.07155   0.06636  -0.1411  0.3100  1.0000  -2.9739   0.0000   0.3102
  15.000   1.9735   0.04519   0.03959  -0.1453  0.2913  1.0000  -3.9506   0.0000   0.2948
  17.000   1.6024   0.11376   0.10941  -0.1482  0.2321  1.0000  -3.2715   0.0000   0.3097
  19.000   1.6170   0.13809   0.13417  -0.1565  0.1817  1.0000  -3.5650   0.0000   0.3089
  20.000   1.6382   0.14729   0.14360  -0.1604  0.1584  1.0000  -3.7448   0.0000   0.3073
  21.000   1.5516   0.18070   0.17716  -0.1781  0.1330  1.0000  -3.4430   0.0000   0.3226


