XFLR5 v6.09.05 beta

 Calculated polar for: -10s1223

 1 1 Reynolds number fixed          Mach number fixed         

 xtrf =   1.000 (top)        1.000 (bottom)
 Mach =   0.000     Re =     0.105 e 6     Ncrit =   9.000

  alpha     CL        CD       CDp       Cm    Top Xtr Bot Xtr   Cpmin    Chinge    XCp    
 ------- -------- --------- --------- -------- ------- ------- -------- --------- ---------
   0.000   0.4200   0.04706   0.04100  -0.1388  0.5721  0.1491  -0.9756   0.0000   0.5778
   1.000   0.6679   0.02604   0.01734  -0.1835  0.5455  0.0778  -1.1060   0.0000   0.5207
   2.000   0.8038   0.02357   0.01398  -0.1870  0.5224  0.0820  -1.2231   0.0000   0.4773
   3.000   0.9290   0.02403   0.01539  -0.1891  0.5035  0.4581  -1.3396   0.0000   0.4469
   4.000   1.0383   0.02567   0.01709  -0.1886  0.4884  0.5858  -1.4450   0.0000   0.4236
   5.000   1.0920   0.02685   0.01891  -0.1755  0.4745  1.0000  -1.5180   0.0000   0.4013
   6.000   1.1981   0.02985   0.02165  -0.1751  0.4615  1.0000  -1.6408   0.0000   0.3853
   7.000   1.2865   0.03496   0.02687  -0.1732  0.4479  1.0000  -1.7548   0.0000   0.3723
   8.000   1.3607   0.04077   0.03314  -0.1701  0.4328  1.0000  -1.8717   0.0000   0.3612
   9.000   1.4578   0.04557   0.03776  -0.1689  0.4187  1.0000  -2.0449   0.0000   0.3503
  10.000   1.3145   0.07136   0.06474  -0.1562  0.3916  1.0000  -1.8579   0.0000   0.3524
  11.000   1.5612   0.05924   0.05215  -0.1586  0.3844  1.0000  -2.3487   0.0000   0.3325
  14.000   1.2623   0.13824   0.13232  -0.1633  0.2904  1.0000  -1.9355   0.0000   0.3565
  15.000   1.2480   0.15645   0.15076  -0.1696  0.2630  1.0000  -1.9296   0.0000   0.3616
  16.000   1.2517   0.17178   0.16648  -0.1755  0.2371  1.0000  -1.9549   0.0000   0.3641
  17.000   1.2735   0.18328   0.17817  -0.1802  0.2115  1.0000  -2.0257   0.0000   0.3633
  18.000   1.2905   0.19722   0.19231  -0.1862  0.1876  1.0000  -2.0876   0.0000   0.3640
  19.000   1.3031   0.21406   0.20934  -0.1933  0.1672  1.0000  -2.1082   0.0000   0.3661
  20.000   1.3569   0.21979   0.21542  -0.1928  0.1536  1.0000  -2.3441   0.0000   0.3566
  21.000   1.3051   0.26360   0.25931  -0.2121  0.1556  1.0000  -1.9073   0.0000   0.3770
  22.000   1.2742   0.29843   0.29434  -0.2271  0.1645  1.0000  -1.6236   0.0000   0.3919


