XFLR5 v6.09.05 beta

 Calculated polar for: -10s1223

 1 1 Reynolds number fixed          Mach number fixed         

 xtrf =   1.000 (top)        1.000 (bottom)
 Mach =   0.000     Re =     0.100 e 6     Ncrit =   9.000

  alpha     CL        CD       CDp       Cm    Top Xtr Bot Xtr   Cpmin    Chinge    XCp    
 ------- -------- --------- --------- -------- ------- ------- -------- --------- ---------
   0.000   0.4149   0.04844   0.04243  -0.1366  0.5776  0.1570  -0.9711   0.0000   0.5766
   1.000   0.6649   0.02704   0.01835  -0.1831  0.5517  0.0818  -1.1009   0.0000   0.5214
   2.000   0.8024   0.02437   0.01463  -0.1870  0.5272  0.0847  -1.2196   0.0000   0.4777
   3.000   0.9242   0.02489   0.01633  -0.1886  0.5091  0.4657  -1.3304   0.0000   0.4475
   4.000   1.0355   0.02602   0.01744  -0.1882  0.4934  0.6024  -1.4396   0.0000   0.4237
   5.000   1.0866   0.02801   0.02002  -0.1751  0.4799  1.0000  -1.5075   0.0000   0.4018
   6.000   1.1870   0.03159   0.02348  -0.1743  0.4660  1.0000  -1.6207   0.0000   0.3861
   7.000   1.2821   0.03647   0.02820  -0.1730  0.4525  1.0000  -1.7464   0.0000   0.3726
   8.000   1.3315   0.04464   0.03703  -0.1683  0.4364  1.0000  -1.8246   0.0000   0.3628
   9.000   1.4356   0.04732   0.03964  -0.1671  0.4226  1.0000  -2.0076   0.0000   0.3510
  10.000   1.1923   0.08898   0.08240  -0.1612  0.3906  1.0000  -1.6325   0.0000   0.3695
  11.000   1.4184   0.07456   0.06772  -0.1521  0.3837  1.0000  -2.0891   0.0000   0.3388
  12.000   1.2758   0.10919   0.10277  -0.1577  0.3512  1.0000  -1.8502   0.0000   0.3542
  13.000   1.2313   0.12964   0.12344  -0.1628  0.3211  1.0000  -1.7871   0.0000   0.3615
  14.000   1.2183   0.14648   0.14048  -0.1674  0.2921  1.0000  -1.8004   0.0000   0.3652
  15.000   1.2079   0.16410   0.15831  -0.1738  0.2662  1.0000  -1.7938   0.0000   0.3702
  16.000   1.2230   0.17758   0.17216  -0.1789  0.2413  1.0000  -1.8445   0.0000   0.3707
  17.000   1.2526   0.18816   0.18293  -0.1827  0.2154  1.0000  -1.9354   0.0000   0.3681
  18.000   1.2771   0.20103   0.19599  -0.1877  0.1922  1.0000  -2.0201   0.0000   0.3670
  19.000   1.3123   0.21190   0.20705  -0.1907  0.1723  1.0000  -2.1572   0.0000   0.3629
  20.000   1.2737   0.24729   0.24268  -0.2078  0.1670  1.0000  -1.8195   0.0000   0.3802
  21.000   1.3222   0.27577   0.27157  -0.2082  0.1765  1.0000  -1.9329   0.0000   0.3721
  22.000   1.2984   0.30179   0.29776  -0.2210  0.1755  1.0000  -1.7388   0.0000   0.3835


