XFLR5 v6.09.05 beta

 Calculated polar for: -10s1223

 1 1 Reynolds number fixed          Mach number fixed         

 xtrf =   1.000 (top)        1.000 (bottom)
 Mach =   0.000     Re =     0.135 e 6     Ncrit =   9.000

  alpha     CL        CD       CDp       Cm    Top Xtr Bot Xtr   Cpmin    Chinge    XCp    
 ------- -------- --------- --------- -------- ------- ------- -------- --------- ---------
   1.000   0.6799   0.02256   0.01365  -0.1842  0.5181  0.0545  -1.1486   0.0000   0.5167
   2.000   0.8119   0.02073   0.01121  -0.1873  0.4949  0.0670  -1.2456   0.0000   0.4751
   3.000   0.9424   0.02099   0.01234  -0.1908  0.4785  0.4123  -1.3681   0.0000   0.4455
   4.000   1.0568   0.02162   0.01307  -0.1908  0.4632  0.5275  -1.4854   0.0000   0.4222
   5.000   1.1135   0.02270   0.01486  -0.1776  0.4511  1.0000  -1.5632   0.0000   0.3997
   6.000   1.2211   0.02506   0.01717  -0.1773  0.4392  1.0000  -1.6854   0.0000   0.3840
   7.000   1.3298   0.02725   0.01921  -0.1772  0.4263  1.0000  -1.8317   0.0000   0.3704
   8.000   1.4246   0.03156   0.02379  -0.1757  0.4144  1.0000  -1.9813   0.0000   0.3590
   9.000   1.5135   0.03489   0.02746  -0.1732  0.3998  1.0000  -2.1439   0.0000   0.3485
  10.000   1.6164   0.03766   0.03012  -0.1726  0.3856  1.0000  -2.3689   0.0000   0.3388
  11.000   1.6697   0.04306   0.03643  -0.1660  0.3688  1.0000  -2.5848   0.0000   0.3298
  12.000   1.7811   0.04317   0.03648  -0.1656  0.3536  1.0000  -2.9622   0.0000   0.3211
  13.000   1.4226   0.09377   0.08842  -0.1511  0.3141  1.0000  -2.3069   0.0000   0.3336
  14.000   1.6499   0.07106   0.06577  -0.1403  0.3128  1.0000  -2.9893   0.0000   0.3094
  15.000   1.9104   0.05060   0.04523  -0.1398  0.2940  1.0000  -3.7917   0.0000   0.2946
  19.000   1.5711   0.14657   0.14259  -0.1604  0.1798  1.0000  -3.3885   0.0000   0.3147
  20.000   1.5584   0.16317   0.15939  -0.1687  0.1555  1.0000  -3.4115   0.0000   0.3185
  21.000   1.4960   0.19483   0.19121  -0.1846  0.1305  1.0000  -3.1566   0.0000   0.3322
  22.000   1.3210   0.28186   0.27838  -0.2219  0.1239  1.0000  -1.9461   0.0000   0.3799
  23.000   1.3383   0.30671   0.30349  -0.2255  0.1311  1.0000  -1.9896   0.0000   0.3781


