XFLR5 v6.09.05 beta

 Calculated polar for: -10s1223

 1 1 Reynolds number fixed          Mach number fixed         

 xtrf =   1.000 (top)        1.000 (bottom)
 Mach =   0.000     Re =     0.080 e 6     Ncrit =   9.000

  alpha     CL        CD       CDp       Cm    Top Xtr Bot Xtr   Cpmin    Chinge    XCp    
 ------- -------- --------- --------- -------- ------- ------- -------- --------- ---------
   0.000   0.4111   0.05262   0.04649  -0.1373  0.6064  0.2060  -0.9553   0.0000   0.5819
   1.000   0.6524   0.03043   0.02186  -0.1829  0.5794  0.0947  -1.0748   0.0000   0.5266
   2.000   0.7862   0.02768   0.01813  -0.1862  0.5561  0.1010  -1.1866   0.0000   0.4819
   3.000   0.9042   0.02873   0.02020  -0.1866  0.5358  0.5044  -1.2928   0.0000   0.4502
   4.000   0.9978   0.03097   0.02290  -0.1839  0.5206  0.6696  -1.3764   0.0000   0.4267
   5.000   1.0518   0.03406   0.02604  -0.1730  0.5039  1.0000  -1.4424   0.0000   0.4056
   6.000   1.1506   0.03935   0.03090  -0.1723  0.4911  1.0000  -1.5558   0.0000   0.3894
   7.000   1.1441   0.05420   0.04652  -0.1675  0.4718  1.0000  -1.5257   0.0000   0.3852
   8.000   1.2316   0.05979   0.05194  -0.1657  0.4590  1.0000  -1.6573   0.0000   0.3717
   9.000   1.0561   0.09765   0.09044  -0.1684  0.4507  1.0000  -1.3596   0.0000   0.3964
  10.000   0.9511   0.12430   0.11753  -0.1766  0.4731  1.0000  -1.1411   0.0000   0.4225
  11.000   1.0964   0.14042   0.13351  -0.1769  0.4540  1.0000  -1.3672   0.0000   0.3961
  12.000   1.1302   0.14968   0.14295  -0.1755  0.4195  1.0000  -1.4429   0.0000   0.3883
  15.000   1.1125   0.18470   0.17843  -0.1856  0.3297  1.0000  -1.4448   0.0000   0.3952
  16.000   1.2107   0.19327   0.18707  -0.1803  0.2853  1.0000  -1.7473   0.0000   0.3743
  17.000   1.2138   0.21832   0.21262  -0.1896  0.2856  1.0000  -1.6733   0.0000   0.3804
  19.000   1.2772   0.22777   0.22236  -0.1938  0.2005  1.0000  -1.9362   0.0000   0.3706
  20.000   1.2574   0.26802   0.26292  -0.2087  0.2278  1.0000  -1.6555   0.0000   0.3843
  21.000   1.2811   0.28105   0.27615  -0.2133  0.2036  1.0000  -1.7218   0.0000   0.3823
  22.000   1.2557   0.30173   0.29698  -0.2262  0.1915  1.0000  -1.5492   0.0000   0.3943


