XFLR5 v6.09.05 beta

 Calculated polar for: -10s1223

 1 1 Reynolds number fixed          Mach number fixed         

 xtrf =   1.000 (top)        1.000 (bottom)
 Mach =   0.000     Re =     0.235 e 6     Ncrit =   9.000

  alpha     CL        CD       CDp       Cm    Top Xtr Bot Xtr   Cpmin    Chinge    XCp    
 ------- -------- --------- --------- -------- ------- ------- -------- --------- ---------
   0.000   0.4786   0.03219   0.02615  -0.1597  0.4899  0.0556  -1.0517   0.0000   0.5803
   1.000   0.6903   0.01764   0.00913  -0.1847  0.4680  0.0339  -1.2876   0.0000   0.5132
   2.000   0.8214   0.01672   0.00791  -0.1881  0.4484  0.0470  -1.2740   0.0000   0.4731
   3.000   0.9590   0.01585   0.00752  -0.1930  0.4337  0.3241  -1.4102   0.0000   0.4439
   4.000   1.0798   0.01698   0.00872  -0.1946  0.4179  0.4360  -1.5375   0.0000   0.4215
   5.000   1.1681   0.01700   0.00978  -0.1880  0.4097  0.9017  -1.6430   0.0000   0.4008
   6.000   1.2490   0.01754   0.01028  -0.1804  0.4001  1.0000  -1.7548   0.0000   0.3828
   7.000   1.3640   0.01912   0.01165  -0.1813  0.3886  1.0000  -1.9069   0.0000   0.3696
   8.000   1.4735   0.02119   0.01393  -0.1815  0.3790  1.0000  -2.0754   0.0000   0.3582
   9.000   1.5807   0.02246   0.01536  -0.1811  0.3673  1.0000  -2.2706   0.0000   0.3479
  10.000   1.6884   0.02399   0.01695  -0.1810  0.3536  1.0000  -2.5136   0.0000   0.3386
  11.000   1.7848   0.02588   0.01924  -0.1793  0.3417  1.0000  -2.8484   0.0000   0.3299
  12.000   1.8845   0.02637   0.01984  -0.1776  0.3261  1.0000  -3.2128   0.0000   0.3216
  13.000   1.9706   0.02739   0.02125  -0.1740  0.3069  1.0000  -3.5659   0.0000   0.3134
  14.000   2.0518   0.02853   0.02246  -0.1696  0.2865  1.0000  -3.9601   0.0000   0.3054
  15.000   2.0977   0.03012   0.02461  -0.1594  0.2660  1.0000  -4.2957   0.0000   0.2965
  16.000   2.1133   0.03422   0.02910  -0.1468  0.2383  1.0000  -4.5647   0.0000   0.2876
  17.000   2.0720   0.04660   0.04175  -0.1392  0.2060  1.0000  -4.6740   0.0000   0.2828
  18.000   1.9806   0.06955   0.06496  -0.1399  0.1772  1.0000  -4.6148   0.0000   0.2837
  19.000   1.8896   0.09510   0.09075  -0.1448  0.1518  1.0000  -4.5217   0.0000   0.2871
  20.000   1.8272   0.11854   0.11439  -0.1524  0.1281  1.0000  -4.4842   0.0000   0.2913
  21.000   1.7866   0.13885   0.13483  -0.1611  0.1071  1.0000  -4.5217   0.0000   0.2954
  22.000   1.7617   0.15611   0.15219  -0.1704  0.0894  1.0000  -4.6357   0.0000   0.2993
  23.000   1.7461   0.17352   0.17000  -0.1801  0.0789  1.0000  -4.9472   0.0000   0.3028
  24.000   1.7468   0.18792   0.18459  -0.1878  0.0696  1.0000  -5.4954   0.0000   0.3041
  25.000   1.7257   0.20903   0.20620  -0.1992  0.0634  1.0000  -5.8650   0.0000   0.3092


