XFLR5 v6.09.05 beta

 Calculated polar for: -10s1223

 1 1 Reynolds number fixed          Mach number fixed         

 xtrf =   1.000 (top)        1.000 (bottom)
 Mach =   0.000     Re =     0.090 e 6     Ncrit =   9.000

  alpha     CL        CD       CDp       Cm    Top Xtr Bot Xtr   Cpmin    Chinge    XCp    
 ------- -------- --------- --------- -------- ------- ------- -------- --------- ---------
   0.000   0.4095   0.05025   0.04423  -0.1355  0.5915  0.1776  -0.9625   0.0000   0.5785
   2.000   0.7948   0.02544   0.01587  -0.1864  0.5400  0.0913  -1.2041   0.0000   0.4794
   3.000   0.9162   0.02682   0.01820  -0.1878  0.5221  0.4843  -1.3150   0.0000   0.4485
   4.000   1.0189   0.02812   0.01987  -0.1864  0.5050  0.6295  -1.4080   0.0000   0.4252
   5.000   1.0792   0.03058   0.02226  -0.1747  0.4907  1.0000  -1.4922   0.0000   0.4026
   6.000   1.1594   0.03600   0.02797  -0.1724  0.4771  1.0000  -1.5738   0.0000   0.3883
   7.000   1.2536   0.04014   0.03198  -0.1710  0.4618  1.0000  -1.6977   0.0000   0.3744
   8.000   1.2708   0.05317   0.04556  -0.1657  0.4460  1.0000  -1.7266   0.0000   0.3672
   9.000   0.9466   0.10939   0.10299  -0.1754  0.4768  1.0000  -1.1531   0.0000   0.4233
  10.000   1.0679   0.10861   0.10186  -0.1681  0.4111  1.0000  -1.3823   0.0000   0.3928
  11.000   1.1089   0.11944   0.11275  -0.1680  0.3896  1.0000  -1.4570   0.0000   0.3853
  12.000   1.0697   0.14281   0.13641  -0.1750  0.3910  1.0000  -1.3471   0.0000   0.3967
  13.000   1.1459   0.14992   0.14361  -0.1723  0.3538  1.0000  -1.5311   0.0000   0.3811
  14.000   1.1447   0.16058   0.15437  -0.1745  0.3089  1.0000  -1.5692   0.0000   0.3814
  15.000   1.1473   0.17776   0.17178  -0.1814  0.2967  1.0000  -1.5688   0.0000   0.3857
  16.000   1.2870   0.17061   0.16487  -0.1691  0.2572  1.0000  -2.0661   0.0000   0.3550
  17.000   1.2999   0.18184   0.17632  -0.1742  0.2299  1.0000  -2.1185   0.0000   0.3555
  18.000   1.2888   0.20053   0.19523  -0.1844  0.2050  1.0000  -2.0616   0.0000   0.3631
  19.000   1.2543   0.22885   0.22376  -0.1998  0.1877  1.0000  -1.8304   0.0000   0.3785
  20.000   1.2661   0.25723   0.25243  -0.2084  0.2049  1.0000  -1.7190   0.0000   0.3823
  21.000   1.2525   0.28008   0.27543  -0.2204  0.1921  1.0000  -1.5859   0.0000   0.3921
  22.000   1.2896   0.29762   0.29335  -0.2214  0.1789  1.0000  -1.7129   0.0000   0.3851


