XFLR5 v6.09.05 beta

 Calculated polar for: -10s1223

 1 1 Reynolds number fixed          Mach number fixed         

 xtrf =   1.000 (top)        1.000 (bottom)
 Mach =   0.000     Re =     0.050 e 6     Ncrit =   9.000

  alpha     CL        CD       CDp       Cm    Top Xtr Bot Xtr   Cpmin    Chinge    XCp    
 ------- -------- --------- --------- -------- ------- ------- -------- --------- ---------
   1.000   0.5582   0.04595   0.03826  -0.1719  0.6570  0.1371  -0.9790   0.0000   0.5553
   2.000   0.7201   0.04063   0.03126  -0.1855  0.6325  0.1399  -1.0775   0.0000   0.5037
   3.000   0.8012   0.04349   0.03559  -0.1823  0.6097  0.5544  -1.1292   0.0000   0.4726
   4.000   0.8391   0.04858   0.04131  -0.1723  0.5977  0.7580  -1.1595   0.0000   0.4492
   5.000   0.7966   0.06480   0.05753  -0.1714  0.5905  1.0000  -1.0633   0.0000   0.4583
   6.000   0.8630   0.07947   0.07135  -0.1770  0.5997  1.0000  -1.0938   0.0000   0.4472
   8.000   0.7747   0.10980   0.10182  -0.1789  0.6555  1.0000  -0.9173   0.0000   0.4714
   9.000   0.8253   0.12055   0.11228  -0.1789  0.6182  1.0000  -0.9603   0.0000   0.4557
  10.000   0.8769   0.13151   0.12307  -0.1789  0.5773  1.0000  -1.0175   0.0000   0.4414
  11.000   0.9182   0.14303   0.13453  -0.1793  0.5414  1.0000  -1.0650   0.0000   0.4311
  12.000   0.9567   0.15484   0.14635  -0.1803  0.5060  1.0000  -1.1107   0.0000   0.4228
  13.000   0.9924   0.16695   0.15855  -0.1821  0.4723  1.0000  -1.1650   0.0000   0.4161
  14.000   1.0322   0.18123   0.17306  -0.1848  0.4466  1.0000  -1.2359   0.0000   0.4101
  15.000   1.1049   0.20344   0.19542  -0.1872  0.4173  1.0000  -1.3906   0.0000   0.3985
  16.000   1.1643   0.22399   0.21621  -0.1893  0.3837  1.0000  -1.5211   0.0000   0.3897
  17.000   1.1462   0.22213   0.21454  -0.1943  0.3540  1.0000  -1.4650   0.0000   0.3949
  18.000   1.1570   0.23378   0.22639  -0.2006  0.3254  1.0000  -1.4556   0.0000   0.3969
  19.000   1.1724   0.25062   0.24372  -0.2074  0.3066  1.0000  -1.4482   0.0000   0.3985
  20.000   1.2295   0.28002   0.27341  -0.2086  0.2858  1.0000  -1.5538   0.0000   0.3890
  21.000   1.2193   0.28616   0.27976  -0.2175  0.2638  1.0000  -1.4745   0.0000   0.3956
  22.000   1.2270   0.30563   0.29945  -0.2238  0.2473  1.0000  -1.4598   0.0000   0.3975


