XFLR5 v6.09.05 beta

 Calculated polar for: -15s1223

 1 1 Reynolds number fixed          Mach number fixed         

 xtrf =   1.000 (top)        1.000 (bottom)
 Mach =   0.000     Re =     0.295 e 6     Ncrit =   9.000

  alpha     CL        CD       CDp       Cm    Top Xtr Bot Xtr   Cpmin    Chinge    XCp    
 ------- -------- --------- --------- -------- ------- ------- -------- --------- ---------
   0.000   0.2118   0.04112   0.03586  -0.1151  0.4842  0.0300  -1.6433   0.0000   0.7888
   1.000   0.3317   0.03051   0.02459  -0.1271  0.4617  0.0391  -1.3482   0.0000   0.6267
   2.000   0.4948   0.01773   0.00973  -0.1393  0.4442  0.0239  -1.5478   0.0000   0.5246
   3.000   0.6213   0.01542   0.00694  -0.1413  0.4280  0.0347  -1.1624   0.0000   0.4693
   4.000   0.7465   0.01496   0.00634  -0.1432  0.4158  0.0435  -1.2852   0.0000   0.4325
   5.000   0.8739   0.01434   0.00664  -0.1461  0.4040  0.3948  -1.4151   0.0000   0.4067
   6.000   0.9781   0.01493   0.00802  -0.1430  0.3935  0.8486  -1.5311   0.0000   0.3843
   7.000   1.0480   0.01627   0.00943  -0.1321  0.3841  0.9017  -1.6293   0.0000   0.3628
   8.000   1.1352   0.01669   0.00992  -0.1259  0.3766  0.9280  -1.7543   0.0000   0.3462
   9.000   1.2357   0.01747   0.01078  -0.1234  0.3670  0.9421  -1.9074   0.0000   0.3335
  10.000   1.3228   0.01829   0.01155  -0.1183  0.3555  0.9628  -2.0743   0.0000   0.3215
  11.000   1.4167   0.01928   0.01279  -0.1154  0.3455  0.9769  -2.2726   0.0000   0.3118
  12.000   1.5335   0.02016   0.01392  -0.1177  0.3331  0.9710  -2.5796   0.0000   0.3051
  13.000   1.6456   0.02169   0.01552  -0.1196  0.3177  0.9661  -2.9474   0.0000   0.2990
  14.000   1.7539   0.02152   0.01557  -0.1203  0.2997  0.9629  -3.3298   0.0000   0.2928
  15.000   1.8531   0.02268   0.01710  -0.1202  0.2809  0.9604  -3.7289   0.0000   0.2867
  16.000   1.9415   0.02408   0.01873  -0.1186  0.2551  0.9583  -4.1470   0.0000   0.2806
  17.000   1.9939   0.02733   0.02225  -0.1128  0.2173  0.9569  -4.4925   0.0000   0.2737
  18.000   1.9474   0.04110   0.03621  -0.1086  0.1797  0.9569  -4.5714   0.0000   0.2705
  19.000   1.8531   0.06427   0.05972  -0.1118  0.1570  0.9555  -4.4857   0.0000   0.2727
  20.000   1.7701   0.08900   0.08470  -0.1182  0.1346  0.9535  -4.4016   0.0000   0.2767
  21.000   1.7092   0.11237   0.10824  -0.1263  0.1129  0.9517  -4.3559   0.0000   0.2815
  22.000   1.6729   0.13303   0.12906  -0.1354  0.0941  0.9506  -4.3943   0.0000   0.2861
  23.000   1.6648   0.14895   0.14522  -0.1436  0.0812  0.9503  -4.5583   0.0000   0.2887
  24.000   1.6618   0.16307   0.15948  -0.1524  0.0711  0.9506  -4.8950   0.0000   0.2914
  25.000   1.6577   0.17865   0.17550  -0.1623  0.0645  0.9519  -5.4016   0.0000   0.2948


