XFLR5 v6.09.05 beta

 Calculated polar for: -15s1223

 1 1 Reynolds number fixed          Mach number fixed         

 xtrf =   1.000 (top)        1.000 (bottom)
 Mach =   0.000     Re =     0.285 e 6     Ncrit =   9.000

  alpha     CL        CD       CDp       Cm    Top Xtr Bot Xtr   Cpmin    Chinge    XCp    
 ------- -------- --------- --------- -------- ------- ------- -------- --------- ---------
   0.000   0.2044   0.04286   0.03764  -0.1124  0.4860  0.0310  -1.5392   0.0000   0.7950
   1.000   0.3318   0.03135   0.02541  -0.1264  0.4647  0.0420  -1.3327   0.0000   0.6246
   2.000   0.4941   0.01804   0.01000  -0.1392  0.4463  0.0245  -1.5377   0.0000   0.5247
   3.000   0.6204   0.01563   0.00715  -0.1412  0.4307  0.0359  -1.1610   0.0000   0.4694
   4.000   0.7456   0.01524   0.00656  -0.1430  0.4173  0.0441  -1.2833   0.0000   0.4325
   5.000   0.8728   0.01460   0.00686  -0.1460  0.4059  0.3988  -1.4126   0.0000   0.4067
   6.000   0.9757   0.01515   0.00823  -0.1424  0.3957  0.8515  -1.5274   0.0000   0.3841
   7.000   1.0428   0.01664   0.00974  -0.1310  0.3850  0.9060  -1.6233   0.0000   0.3623
   8.000   1.1286   0.01698   0.01017  -0.1245  0.3784  0.9327  -1.7470   0.0000   0.3456
   9.000   1.2275   0.01772   0.01102  -0.1217  0.3688  0.9467  -1.8977   0.0000   0.3328
  10.000   1.3155   0.01827   0.01153  -0.1167  0.3582  0.9684  -2.0660   0.0000   0.3208
  11.000   1.4104   0.01967   0.01313  -0.1142  0.3470  0.9838  -2.2633   0.0000   0.3113
  12.000   1.5247   0.02059   0.01435  -0.1159  0.3347  0.9774  -2.5626   0.0000   0.3045
  13.000   1.6368   0.02215   0.01592  -0.1178  0.3186  0.9722  -2.9300   0.0000   0.2984
  14.000   1.7463   0.02199   0.01603  -0.1189  0.3014  0.9680  -3.3135   0.0000   0.2923
  16.000   1.9342   0.02444   0.01904  -0.1173  0.2569  0.9630  -4.1286   0.0000   0.2802
  17.000   1.9878   0.02756   0.02251  -0.1116  0.2222  0.9619  -4.4757   0.0000   0.2733
  18.000   1.9500   0.04034   0.03550  -0.1074  0.1845  0.9624  -4.5782   0.0000   0.2699
  19.000   1.8569   0.06314   0.05864  -0.1106  0.1609  0.9615  -4.4967   0.0000   0.2719
  20.000   1.7723   0.08794   0.08370  -0.1169  0.1384  0.9596  -4.4081   0.0000   0.2759
  21.000   1.7123   0.11095   0.10688  -0.1248  0.1162  0.9579  -4.3664   0.0000   0.2805
  22.000   1.6740   0.13186   0.12794  -0.1339  0.0969  0.9569  -4.3997   0.0000   0.2851
  23.000   1.6626   0.14826   0.14454  -0.1424  0.0827  0.9568  -4.5515   0.0000   0.2881
  24.000   1.6584   0.16254   0.15891  -0.1513  0.0719  0.9576  -4.8748   0.0000   0.2909
  25.000   1.6536   0.17825   0.17511  -0.1612  0.0657  0.9598  -5.3648   0.0000   0.2944


