XFLR5 v6.09.05 beta

 Calculated polar for: -15s1223

 1 1 Reynolds number fixed          Mach number fixed         

 xtrf =   1.000 (top)        1.000 (bottom)
 Mach =   0.000     Re =     0.310 e 6     Ncrit =   9.000

  alpha     CL        CD       CDp       Cm    Top Xtr Bot Xtr   Cpmin    Chinge    XCp    
 ------- -------- --------- --------- -------- ------- ------- -------- --------- ---------
   0.000   0.2131   0.04632   0.04121  -0.1095  0.4795  0.0286  -1.4356   0.0000   0.7589
   1.000   0.3349   0.02960   0.02365  -0.1282  0.4563  0.0363  -1.3865   0.0000   0.6265
   2.000   0.4960   0.01728   0.00934  -0.1395  0.4412  0.0230  -1.5647   0.0000   0.5243
   3.000   0.6229   0.01524   0.00677  -0.1416  0.4234  0.0330  -1.1640   0.0000   0.4692
   4.000   0.7477   0.01460   0.00607  -0.1434  0.4134  0.0425  -1.2879   0.0000   0.4324
   5.000   0.8753   0.01399   0.00633  -0.1464  0.4012  0.3880  -1.4186   0.0000   0.4067
   6.000   0.9811   0.01474   0.00786  -0.1438  0.3895  0.8438  -1.5347   0.0000   0.3846
   7.000   1.0566   0.01582   0.00905  -0.1341  0.3824  0.8957  -1.6385   0.0000   0.3636
   8.000   1.1465   0.01634   0.00962  -0.1284  0.3740  0.9215  -1.7661   0.0000   0.3472
   9.000   1.2426   0.01695   0.01028  -0.1248  0.3646  0.9367  -1.9167   0.0000   0.3341
  10.000   1.3310   0.01854   0.01189  -0.1204  0.3516  0.9550  -2.0825   0.0000   0.3225
  11.000   1.4288   0.01880   0.01237  -0.1179  0.3433  0.9682  -2.2894   0.0000   0.3128
  12.000   1.5453   0.01960   0.01336  -0.1200  0.3309  0.9634  -2.6022   0.0000   0.3060
  13.000   1.6544   0.02102   0.01492  -0.1212  0.3162  0.9598  -2.9655   0.0000   0.2996
  14.000   1.7634   0.02093   0.01507  -0.1221  0.2973  0.9564  -3.3502   0.0000   0.2934
  15.000   1.8637   0.02213   0.01660  -0.1222  0.2785  0.9535  -3.7545   0.0000   0.2874
  16.000   1.9531   0.02362   0.01831  -0.1209  0.2520  0.9512  -4.1758   0.0000   0.2814
  17.000   1.9993   0.02730   0.02211  -0.1143  0.2091  0.9496  -4.5084   0.0000   0.2743
  18.000   1.9561   0.04104   0.03612  -0.1103  0.1719  0.9490  -4.5956   0.0000   0.2711
  19.000   1.8572   0.06485   0.06029  -0.1135  0.1511  0.9474  -4.4972   0.0000   0.2734
  20.000   1.7727   0.08985   0.08554  -0.1199  0.1296  0.9454  -4.4089   0.0000   0.2775
  21.000   1.7113   0.11336   0.10922  -0.1280  0.1086  0.9437  -4.3619   0.0000   0.2823
  22.000   1.6750   0.13390   0.12987  -0.1369  0.0900  0.9425  -4.4001   0.0000   0.2868
  23.000   1.6664   0.14999   0.14624  -0.1452  0.0791  0.9422  -4.5622   0.0000   0.2896
  24.000   1.6669   0.16358   0.16003  -0.1537  0.0698  0.9422  -4.9375   0.0000   0.2919


