XFLR5 v6.09.05 beta

 Calculated polar for: -15s1223

 1 1 Reynolds number fixed          Mach number fixed         

 xtrf =   1.000 (top)        1.000 (bottom)
 Mach =   0.000     Re =     0.335 e 6     Ncrit =   9.000

  alpha     CL        CD       CDp       Cm    Top Xtr Bot Xtr   Cpmin    Chinge    XCp    
 ------- -------- --------- --------- -------- ------- ------- -------- --------- ---------
   0.000   0.2064   0.04644   0.04147  -0.1075  0.4742  0.0282  -1.4013   0.0000   0.7656
   2.000   0.4980   0.01660   0.00870  -0.1399  0.4364  0.0217  -1.5991   0.0000   0.5238
   3.000   0.6243   0.01506   0.00671  -0.1418  0.4188  0.0306  -1.1663   0.0000   0.4690
   4.000   0.7496   0.01408   0.00568  -0.1437  0.4093  0.0409  -1.2920   0.0000   0.4324
   5.000   0.8772   0.01353   0.00589  -0.1467  0.3969  0.3756  -1.4236   0.0000   0.4066
   6.000   0.9870   0.01448   0.00772  -0.1453  0.3847  0.8358  -1.5404   0.0000   0.3853
   7.000   1.0714   0.01527   0.00860  -0.1375  0.3791  0.8870  -1.6536   0.0000   0.3649
   8.000   1.1593   0.01579   0.00914  -0.1313  0.3701  0.9132  -1.7806   0.0000   0.3484
   9.000   1.2564   0.01637   0.00973  -0.1279  0.3605  0.9267  -1.9335   0.0000   0.3354
  10.000   1.3512   0.01782   0.01127  -0.1246  0.3496  0.9431  -2.1067   0.0000   0.3242
  11.000   1.4435   0.01805   0.01169  -0.1208  0.3398  0.9579  -2.3105   0.0000   0.3139
  12.000   1.5599   0.01883   0.01260  -0.1230  0.3272  0.9532  -2.6305   0.0000   0.3071
  13.000   1.6710   0.02007   0.01407  -0.1246  0.3131  0.9491  -2.9987   0.0000   0.3008
  14.000   1.7799   0.02034   0.01447  -0.1256  0.2932  0.9456  -3.3841   0.0000   0.2946
  15.000   1.8809   0.02141   0.01592  -0.1256  0.2744  0.9428  -3.7956   0.0000   0.2885
  16.000   1.9691   0.02297   0.01769  -0.1240  0.2464  0.9413  -4.2159   0.0000   0.2824
  17.000   2.0087   0.02717   0.02189  -0.1165  0.1955  0.9403  -4.5348   0.0000   0.2751
  18.000   1.9522   0.04243   0.03741  -0.1124  0.1604  0.9396  -4.5862   0.0000   0.2723
  19.000   1.8577   0.06588   0.06126  -0.1155  0.1414  0.9382  -4.5001   0.0000   0.2744
  20.000   1.7759   0.09059   0.08627  -0.1217  0.1218  0.9367  -4.4203   0.0000   0.2784
  21.000   1.7153   0.11399   0.10988  -0.1296  0.1029  0.9353  -4.3770   0.0000   0.2831
  22.000   1.6834   0.13379   0.12984  -0.1381  0.0875  0.9343  -4.4310   0.0000   0.2871
  23.000   1.6666   0.15122   0.14744  -0.1470  0.0757  0.9336  -4.5607   0.0000   0.2907
  24.000   1.6729   0.16385   0.16035  -0.1550  0.0674  0.9334  -4.9927   0.0000   0.2922
  25.000   1.6655   0.17997   0.17669  -0.1652  0.0598  0.9335  -5.4795   0.0000   0.2960


