XFLR5 v6.09.05 beta

 Calculated polar for: -15s1223

 1 1 Reynolds number fixed          Mach number fixed         

 xtrf =   1.000 (top)        1.000 (bottom)
 Mach =   0.000     Re =     0.105 e 6     Ncrit =   9.000

  alpha     CL        CD       CDp       Cm    Top Xtr Bot Xtr   Cpmin    Chinge    XCp    
 ------- -------- --------- --------- -------- ------- ------- -------- --------- ---------
   0.000   0.1981   0.05877   0.05296  -0.1083  0.5721  0.1127  -0.9936   0.0000   0.7935
   1.000   0.2789   0.04956   0.04374  -0.1106  0.5500  0.1463  -0.8869   0.0000   0.6412
   2.000   0.4726   0.02827   0.01957  -0.1383  0.5314  0.0565  -1.3212   0.0000   0.5365
   3.000   0.5924   0.02578   0.01662  -0.1397  0.5117  0.0769  -1.0878   0.0000   0.4787
   4.000   0.7057   0.02431   0.01558  -0.1380  0.4969  0.2690  -1.1898   0.0000   0.4372
   5.000   0.8087   0.02633   0.01860  -0.1372  0.4815  0.5882  -1.2807   0.0000   0.4101
   6.000   0.8154   0.02765   0.02045  -0.1126  0.4696  1.0000  -1.3171   0.0000   0.3773
   7.000   0.9181   0.03076   0.02309  -0.1117  0.4582  1.0000  -1.4325   0.0000   0.3595
   8.000   0.9775   0.03946   0.03225  -0.1109  0.4403  1.0000  -1.4847   0.0000   0.3503
   9.000   1.0700   0.04367   0.03636  -0.1104  0.4271  1.0000  -1.6166   0.0000   0.3386
  10.000   0.9559   0.07446   0.06788  -0.1193  0.3986  1.0000  -1.3958   0.0000   0.3600
  11.000   1.1302   0.06782   0.06109  -0.1119  0.3882  1.0000  -1.7151   0.0000   0.3318
  12.000   1.0311   0.09509   0.08868  -0.1209  0.3580  1.0000  -1.5294   0.0000   0.3494
  13.000   1.0019   0.11389   0.10767  -0.1263  0.3322  1.0000  -1.4618   0.0000   0.3573
  15.000   1.1581   0.12260   0.11650  -0.1223  0.2901  1.0000  -1.9186   0.0000   0.3321
  16.000   1.1399   0.14031   0.13443  -0.1290  0.2626  1.0000  -1.8997   0.0000   0.3384
  17.000   1.1353   0.15727   0.15179  -0.1362  0.2365  1.0000  -1.8900   0.0000   0.3438
  18.000   1.1527   0.17058   0.16531  -0.1422  0.2108  1.0000  -1.9329   0.0000   0.3453
  19.000   1.1697   0.18431   0.17924  -0.1494  0.1867  1.0000  -1.9777   0.0000   0.3479
  20.000   1.1758   0.20284   0.19797  -0.1593  0.1678  1.0000  -1.9337   0.0000   0.3542
  21.000   1.1647   0.23041   0.22576  -0.1732  0.1671  1.0000  -1.7115   0.0000   0.3667
  22.000   1.2122   0.24349   0.23902  -0.1757  0.1524  1.0000  -1.8877   0.0000   0.3601
  23.000   1.1863   0.27541   0.27116  -0.1932  0.1640  1.0000  -1.5839   0.0000   0.3777
  24.000   1.2484   0.30089   0.29704  -0.1914  0.1541  1.0000  -1.8616   0.0000   0.3649
  25.000   1.2149   0.31600   0.31227  -0.2076  0.1396  1.0000  -1.6387   0.0000   0.3812


