XFLR5 v6.09.05 beta

 Calculated polar for: -15s1223

 1 1 Reynolds number fixed          Mach number fixed         

 xtrf =   1.000 (top)        1.000 (bottom)
 Mach =   0.000     Re =     0.040 e 6     Ncrit =   9.000

  alpha     CL        CD       CDp       Cm    Top Xtr Bot Xtr   Cpmin    Chinge    XCp    
 ------- -------- --------- --------- -------- ------- ------- -------- --------- ---------
   0.000   0.1506   0.08188   0.07593  -0.0906  0.7387  0.3586  -0.7620   0.0000   0.8549
   1.000   0.1562   0.07242   0.06697  -0.0698  0.7142  0.4625  -0.7560   0.0000   0.6979
   3.000   0.4399   0.05582   0.04769  -0.1446  0.6756  0.1546  -0.9850   0.0000   0.5743
   4.000   0.4937   0.05960   0.05051  -0.1485  0.6771  0.1625  -0.9360   0.0000   0.5455
   7.000   0.4849   0.07947   0.07219  -0.1399  0.8280  1.0000  -0.9807   0.0000   0.5308
   8.000   0.5970   0.09286   0.08415  -0.1452  0.7660  1.0000  -0.8086   0.0000   0.4841
   9.000   0.6200   0.09920   0.09006  -0.1401  0.7141  1.0000  -0.8272   0.0000   0.4655
  10.000   0.6954   0.11169   0.10213  -0.1426  0.6750  1.0000  -0.8915   0.0000   0.4432
  11.000   0.7911   0.12976   0.11995  -0.1473  0.6362  1.0000  -0.9916   0.0000   0.4230
  12.000   0.8265   0.14093   0.13104  -0.1468  0.5996  1.0000  -1.0335   0.0000   0.4130
  13.000   0.8215   0.14494   0.13513  -0.1437  0.5573  1.0000  -1.0235   0.0000   0.4090
  14.000   0.8668   0.15817   0.14843  -0.1458  0.5227  1.0000  -1.0855   0.0000   0.4009
  15.000   0.9313   0.17690   0.16742  -0.1495  0.4899  1.0000  -1.1920   0.0000   0.3916
  16.000   0.9790   0.19342   0.18411  -0.1524  0.4546  1.0000  -1.2893   0.0000   0.3851
  17.000   1.0321   0.21207   0.20303  -0.1557  0.4204  1.0000  -1.3920   0.0000   0.3786
  18.000   1.0218   0.21171   0.20286  -0.1590  0.3890  1.0000  -1.3552   0.0000   0.3817
  19.000   1.0373   0.22050   0.21186  -0.1650  0.3596  1.0000  -1.3531   0.0000   0.3835
  20.000   1.0580   0.23513   0.22699  -0.1721  0.3402  1.0000  -1.3559   0.0000   0.3853
  21.000   1.1056   0.26025   0.25241  -0.1762  0.3178  1.0000  -1.4188   0.0000   0.3800
  22.000   1.1210   0.26963   0.26204  -0.1833  0.2937  1.0000  -1.4091   0.0000   0.3821
  23.000   1.1331   0.28670   0.27935  -0.1911  0.2802  1.0000  -1.3932   0.0000   0.3853
  24.000   1.1984   0.32767   0.32095  -0.1927  0.2592  1.0000  -1.5699   0.0000   0.3748
  25.000   1.1635   0.32418   0.31764  -0.2030  0.2440  1.0000  -1.4360   0.0000   0.3866


