XFLR5 v6.09.05 beta

 Calculated polar for: -15s1223

 1 1 Reynolds number fixed          Mach number fixed         

 xtrf =   1.000 (top)        1.000 (bottom)
 Mach =   0.000     Re =     0.095 e 6     Ncrit =   9.000

  alpha     CL        CD       CDp       Cm    Top Xtr Bot Xtr   Cpmin    Chinge    XCp    
 ------- -------- --------- --------- -------- ------- ------- -------- --------- ---------
   0.000   0.1780   0.06153   0.05596  -0.0961  0.5817  0.1209  -0.8696   0.0000   0.7878
   1.000   0.2801   0.05205   0.04605  -0.1119  0.5617  0.1721  -0.8811   0.0000   0.6444
   2.000   0.4660   0.03064   0.02209  -0.1379  0.5412  0.0611  -1.3111   0.0000   0.5402
   3.000   0.5872   0.02778   0.01851  -0.1397  0.5232  0.0821  -1.0758   0.0000   0.4808
   4.000   0.6920   0.02692   0.01820  -0.1372  0.5066  0.2044  -1.1612   0.0000   0.4402
   5.000   0.7952   0.02825   0.02058  -0.1351  0.4920  0.6343  -1.2632   0.0000   0.4105
   6.000   0.7977   0.03158   0.02446  -0.1130  0.4793  1.0000  -1.2786   0.0000   0.3811
   7.000   0.8866   0.03656   0.02917  -0.1124  0.4656  1.0000  -1.3682   0.0000   0.3651
   8.000   0.9642   0.04338   0.03592  -0.1118  0.4511  1.0000  -1.4563   0.0000   0.3530
   9.000   0.9553   0.06148   0.05450  -0.1170  0.4289  1.0000  -1.4054   0.0000   0.3589
  11.000   0.8534   0.10595   0.09949  -0.1318  0.4319  1.0000  -1.1508   0.0000   0.3900
  12.000   0.9728   0.12061   0.11407  -0.1318  0.4193  1.0000  -1.3389   0.0000   0.3692
  13.000   0.9857   0.12044   0.11398  -0.1292  0.3577  1.0000  -1.4027   0.0000   0.3628
  15.000   1.0034   0.14789   0.14172  -0.1366  0.3051  1.0000  -1.4482   0.0000   0.3652
  16.000   1.0434   0.15772   0.15167  -0.1390  0.2737  1.0000  -1.5744   0.0000   0.3603
  17.000   1.0760   0.16967   0.16379  -0.1431  0.2492  1.0000  -1.6620   0.0000   0.3581
  18.000   1.1109   0.18030   0.17478  -0.1474  0.2215  1.0000  -1.7489   0.0000   0.3558
  19.000   1.1472   0.19114   0.18581  -0.1522  0.1979  1.0000  -1.8582   0.0000   0.3535
  21.000   1.1869   0.22953   0.22463  -0.1680  0.1769  1.0000  -1.8232   0.0000   0.3591
  22.000   1.1703   0.25623   0.25155  -0.1837  0.1842  1.0000  -1.6031   0.0000   0.3738
  23.000   1.2225   0.28446   0.28017  -0.1854  0.1782  1.0000  -1.7437   0.0000   0.3659
  24.000   1.2047   0.29536   0.29120  -0.1992  0.1595  1.0000  -1.6309   0.0000   0.3779
  25.000   1.2335   0.32222   0.31832  -0.2019  0.1535  1.0000  -1.7418   0.0000   0.3738


