XFLR5 v6.09.05 beta

 Calculated polar for: -15s1223

 1 1 Reynolds number fixed          Mach number fixed         

 xtrf =   1.000 (top)        1.000 (bottom)
 Mach =   0.000     Re =     0.240 e 6     Ncrit =   9.000

  alpha     CL        CD       CDp       Cm    Top Xtr Bot Xtr   Cpmin    Chinge    XCp    
 ------- -------- --------- --------- -------- ------- ------- -------- --------- ---------
   0.000   0.1867   0.04924   0.04399  -0.1023  0.4964  0.0375  -1.2083   0.0000   0.7930
   1.000   0.3258   0.03280   0.02687  -0.1258  0.4774  0.0507  -1.2406   0.0000   0.6298
   2.000   0.4906   0.02000   0.01169  -0.1385  0.4551  0.0275  -1.4866   0.0000   0.5253
   3.000   0.6163   0.01721   0.00857  -0.1406  0.4422  0.0427  -1.1527   0.0000   0.4701
   4.000   0.7420   0.01598   0.00704  -0.1423  0.4286  0.0505  -1.2755   0.0000   0.4325
   5.000   0.8681   0.01599   0.00810  -0.1453  0.4156  0.4261  -1.4001   0.0000   0.4069
   6.000   0.9508   0.01656   0.00960  -0.1367  0.4063  0.8693  -1.4978   0.0000   0.3820
   7.000   1.0136   0.01709   0.01010  -0.1241  0.3975  0.9273  -1.5941   0.0000   0.3592
   8.000   1.0937   0.01873   0.01165  -0.1171  0.3853  0.9562  -1.7081   0.0000   0.3425
   9.000   1.1879   0.01940   0.01247  -0.1135  0.3784  0.9740  -1.8506   0.0000   0.3294
  10.000   1.2933   0.02030   0.01354  -0.1127  0.3669  1.0000  -2.0318   0.0000   0.3194
  11.000   1.4016   0.02256   0.01574  -0.1135  0.3523  1.0000  -2.2427   0.0000   0.3115
  12.000   1.5071   0.02357   0.01723  -0.1137  0.3422  1.0000  -2.5213   0.0000   0.3041
  13.000   1.6178   0.02385   0.01756  -0.1146  0.3272  1.0000  -2.8875   0.0000   0.2974
  14.000   1.7168   0.02510   0.01911  -0.1142  0.3101  1.0000  -3.2451   0.0000   0.2910
  15.000   1.8186   0.02542   0.01954  -0.1141  0.2883  1.0000  -3.6417   0.0000   0.2848
  16.000   1.9027   0.02641   0.02100  -0.1119  0.2663  1.0000  -4.0465   0.0000   0.2785
  17.000   1.9523   0.02940   0.02434  -0.1058  0.2366  1.0000  -4.3810   0.0000   0.2716
  18.000   1.9289   0.04096   0.03619  -0.1031  0.2037  1.0000  -4.5156   0.0000   0.2684
  19.000   1.8470   0.06222   0.05776  -0.1066  0.1770  1.0000  -4.4632   0.0000   0.2701
  20.000   1.7708   0.08522   0.08098  -0.1124  0.1521  1.0000  -4.3978   0.0000   0.2735
  21.000   1.7151   0.10714   0.10308  -0.1198  0.1289  1.0000  -4.3686   0.0000   0.2774
  22.000   1.6813   0.12692   0.12298  -0.1285  0.1082  1.0000  -4.4208   0.0000   0.2815
  23.000   1.6607   0.14478   0.14090  -0.1380  0.0901  1.0000  -4.5415   0.0000   0.2856
  24.000   1.6437   0.16227   0.15879  -0.1492  0.0794  1.0000  -4.7817   0.0000   0.2906
  25.000   1.6456   0.17678   0.17356  -0.1587  0.0705  1.0000  -5.2696   0.0000   0.2934


