XFLR5 v6.09.05 beta

 Calculated polar for: -15s1223

 1 1 Reynolds number fixed          Mach number fixed         

 xtrf =   1.000 (top)        1.000 (bottom)
 Mach =   0.000     Re =     0.005 e 6     Ncrit =   9.000

  alpha     CL        CD       CDp       Cm    Top Xtr Bot Xtr   Cpmin    Chinge    XCp    
 ------- -------- --------- --------- -------- ------- ------- -------- --------- ---------
   0.000   0.0600   0.08851   0.07303  -0.0267  1.0000  1.0000  -0.9638   0.0000   0.7092
   1.000   0.0249   0.08892   0.07405  -0.0209  1.0000  1.0000  -1.0129   0.0000   1.1181
   2.000  -0.0073   0.08803   0.07370  -0.0163  1.0000  1.0000  -1.0857   0.0000  -2.0632
   3.000  -0.0391   0.08593   0.07210  -0.0121  1.0000  1.0000  -1.1644   0.0000  -0.0713
   4.000  -0.0739   0.08250   0.06917  -0.0081  1.0000  1.0000  -1.2503   0.0000   0.1361
   5.000  -0.1122   0.07735   0.06455  -0.0042  1.0000  1.0000  -1.3439   0.0000   0.2095
   6.000   0.1066   0.07823   0.06040  -0.0681  1.0000  1.0000  -1.4868   0.0000   0.8781
   7.000   0.2177   0.08589   0.06276  -0.0813  1.0000  1.0000  -1.2799   0.0000   0.6132
   8.000   0.2888   0.09329   0.06736  -0.0856  1.0000  1.0000  -1.0020   0.0000   0.5354
   9.000   0.3526   0.10123   0.07323  -0.0892  1.0000  1.0000  -0.7204   0.0000   0.4908
  10.000   0.4121   0.10975   0.08039  -0.0927  1.0000  1.0000  -0.7103   0.0000   0.4616
  11.000   0.4683   0.11883   0.08855  -0.0963  1.0000  1.0000  -0.7477   0.0000   0.4412
  12.000   0.5218   0.12849   0.09764  -0.1002  1.0000  1.0000  -0.7857   0.0000   0.4265
  13.000   0.5730   0.13873   0.10763  -0.1045  1.0000  1.0000  -0.8234   0.0000   0.4156
  14.000   0.6218   0.14956   0.11835  -0.1092  1.0000  1.0000  -0.8689   0.0000   0.4075
  15.000   0.6684   0.16100   0.12991  -0.1144  1.0000  1.0000  -0.9151   0.0000   0.4016
  16.000   0.7130   0.17313   0.14235  -0.1200  1.0000  1.0000  -0.9613   0.0000   0.3973
  17.000   0.7556   0.18601   0.15597  -0.1261  1.0000  1.0000  -1.0159   0.0000   0.3944
  18.000   0.7963   0.19963   0.17009  -0.1327  1.0000  1.0000  -1.0629   0.0000   0.3925
  19.000   0.8352   0.21404   0.18511  -0.1397  1.0000  1.0000  -1.1145   0.0000   0.3914
  20.000   0.8724   0.22927   0.20103  -0.1471  1.0000  1.0000  -1.1501   0.0000   0.3909
  21.000   0.9080   0.24523   0.21774  -0.1547  1.0000  1.0000  -1.1771   0.0000   0.3908
  22.000   0.9423   0.26199   0.23596  -0.1626  1.0000  1.0000  -1.2123   0.0000   0.3910
  23.000   0.9747   0.27966   0.25447  -0.1707  1.0000  1.0000  -1.2320   0.0000   0.3915
  24.000   1.0052   0.29832   0.27399  -0.1789  1.0000  1.0000  -1.2536   0.0000   0.3922
  25.000   1.0339   0.31792   0.29447  -0.1871  1.0000  1.0000  -1.2810   0.0000   0.3929


