XFLR5 v6.09.05 beta

 Calculated polar for: -15s1223

 1 1 Reynolds number fixed          Mach number fixed         

 xtrf =   1.000 (top)        1.000 (bottom)
 Mach =   0.000     Re =     0.275 e 6     Ncrit =   9.000

  alpha     CL        CD       CDp       Cm    Top Xtr Bot Xtr   Cpmin    Chinge    XCp    
 ------- -------- --------- --------- -------- ------- ------- -------- --------- ---------
   0.000   0.1972   0.04507   0.03988  -0.1087  0.4876  0.0318  -1.4221   0.0000   0.7965
   1.000   0.3350   0.03421   0.02814  -0.1251  0.4670  0.0445  -1.2843   0.0000   0.6169
   2.000   0.4933   0.01838   0.01029  -0.1390  0.4484  0.0251  -1.5282   0.0000   0.5249
   3.000   0.6196   0.01590   0.00740  -0.1411  0.4331  0.0373  -1.1594   0.0000   0.4695
   4.000   0.7447   0.01555   0.00680  -0.1429  0.4186  0.0446  -1.2813   0.0000   0.4326
   6.000   0.9707   0.01537   0.00845  -0.1413  0.3979  0.8549  -1.5214   0.0000   0.3837
   7.000   1.0388   0.01672   0.00975  -0.1299  0.3871  0.9105  -1.6197   0.0000   0.3618
   8.000   1.1228   0.01733   0.01046  -0.1232  0.3801  0.9373  -1.7404   0.0000   0.3450
   9.000   1.2178   0.01802   0.01124  -0.1196  0.3708  0.9521  -1.8864   0.0000   0.3320
  10.000   1.3065   0.01846   0.01171  -0.1147  0.3604  0.9752  -2.0551   0.0000   0.3199
  12.000   1.5175   0.02109   0.01484  -0.1146  0.3364  0.9857  -2.5484   0.0000   0.3041
  13.000   1.6282   0.02267   0.01639  -0.1162  0.3194  0.9792  -2.9127   0.0000   0.2978
  14.000   1.7361   0.02250   0.01655  -0.1169  0.3034  0.9748  -3.2920   0.0000   0.2916
  15.000   1.8372   0.02347   0.01781  -0.1171  0.2841  0.9714  -3.6907   0.0000   0.2857
  16.000   1.9255   0.02479   0.01932  -0.1156  0.2585  0.9689  -4.1072   0.0000   0.2797
  17.000   1.9790   0.02788   0.02282  -0.1100  0.2262  0.9679  -4.4527   0.0000   0.2728
  18.000   1.9503   0.03967   0.03490  -0.1060  0.1893  0.9697  -4.5788   0.0000   0.2692
  19.000   1.8587   0.06216   0.05771  -0.1092  0.1648  0.9696  -4.5018   0.0000   0.2711
  20.000   1.7730   0.08701   0.08282  -0.1156  0.1420  0.9671  -4.4097   0.0000   0.2752
  21.000   1.7146   0.10967   0.10564  -0.1234  0.1192  0.9650  -4.3736   0.0000   0.2795
  22.000   1.6753   0.13064   0.12676  -0.1325  0.0996  0.9641  -4.4049   0.0000   0.2842
  24.000   1.6545   0.16195   0.15829  -0.1500  0.0727  0.9676  -4.8541   0.0000   0.2904
  25.000   1.6489   0.17760   0.17447  -0.1600  0.0669  0.9773  -5.3236   0.0000   0.2940


