XFLR5 v6.09.05 beta

 Calculated polar for: -15s1223

 1 1 Reynolds number fixed          Mach number fixed         

 xtrf =   1.000 (top)        1.000 (bottom)
 Mach =   0.000     Re =     0.185 e 6     Ncrit =   9.000

  alpha     CL        CD       CDp       Cm    Top Xtr Bot Xtr   Cpmin    Chinge    XCp    
 ------- -------- --------- --------- -------- ------- ------- -------- --------- ---------
   0.000   0.1874   0.05116   0.04576  -0.1024  0.5187  0.0509  -1.1335   0.0000   0.7920
   1.000   0.3151   0.03724   0.03117  -0.1225  0.4966  0.0702  -1.0823   0.0000   0.6325
   2.000   0.4877   0.02112   0.01261  -0.1387  0.4778  0.0343  -1.4588   0.0000   0.5276
   3.000   0.6117   0.01899   0.00999  -0.1404  0.4601  0.0543  -1.1407   0.0000   0.4716
   4.000   0.7357   0.01823   0.00905  -0.1416  0.4473  0.0627  -1.2560   0.0000   0.4334
   5.000   0.8563   0.01788   0.00987  -0.1431  0.4332  0.4646  -1.3768   0.0000   0.4068
   7.000   0.9604   0.01971   0.01253  -0.1132  0.4148  0.9676  -1.5327   0.0000   0.3548
   8.000   1.0636   0.02088   0.01371  -0.1115  0.4032  1.0000  -1.6644   0.0000   0.3405
   9.000   1.1744   0.02244   0.01515  -0.1119  0.3924  1.0000  -1.8222   0.0000   0.3294
  10.000   1.2747   0.02551   0.01850  -0.1116  0.3805  1.0000  -1.9903   0.0000   0.3201
  11.000   1.3774   0.02724   0.02046  -0.1114  0.3667  1.0000  -2.1915   0.0000   0.3117
  12.000   1.4827   0.02989   0.02321  -0.1120  0.3519  1.0000  -2.4585   0.0000   0.3045
  13.000   1.5760   0.03125   0.02508  -0.1109  0.3376  1.0000  -2.7834   0.0000   0.2973
  14.000   1.6880   0.03188   0.02559  -0.1120  0.3196  1.0000  -3.1655   0.0000   0.2911
  15.000   1.7793   0.03134   0.02561  -0.1102  0.2995  1.0000  -3.5289   0.0000   0.2843
  16.000   1.8586   0.03251   0.02713  -0.1074  0.2779  1.0000  -3.9186   0.0000   0.2778
  17.000   1.9038   0.03500   0.02992  -0.1011  0.2528  1.0000  -4.2388   0.0000   0.2707
  18.000   1.8811   0.04662   0.04203  -0.1007  0.2243  1.0000  -4.3665   0.0000   0.2686
  19.000   1.8001   0.06799   0.06370  -0.1051  0.1958  1.0000  -4.3083   0.0000   0.2710
  20.000   1.7254   0.09098   0.08689  -0.1117  0.1681  1.0000  -4.2368   0.0000   0.2750
  21.000   1.6829   0.11123   0.10730  -0.1189  0.1436  1.0000  -4.2316   0.0000   0.2785
  22.000   1.6581   0.12927   0.12554  -0.1267  0.1244  1.0000  -4.2933   0.0000   0.2818
  23.000   1.6561   0.14323   0.13964  -0.1339  0.1085  1.0000  -4.4703   0.0000   0.2835


