XFLR5 v6.09.05 beta

 Calculated polar for: -15s1223

 1 1 Reynolds number fixed          Mach number fixed         

 xtrf =   1.000 (top)        1.000 (bottom)
 Mach =   0.000     Re =     0.060 e 6     Ncrit =   9.000

  alpha     CL        CD       CDp       Cm    Top Xtr Bot Xtr   Cpmin    Chinge    XCp    
 ------- -------- --------- --------- -------- ------- ------- -------- --------- ---------
   0.000   0.1617   0.07152   0.06592  -0.0886  0.6440  0.2140  -0.7771   0.0000   0.7994
   1.000   0.2148   0.06490   0.05942  -0.0930  0.6233  0.2550  -0.8046   0.0000   0.6806
   2.000   0.3363   0.05487   0.04885  -0.1140  0.6040  0.2457  -0.8727   0.0000   0.5844
   3.000   0.5365   0.04122   0.03229  -0.1431  0.5824  0.1114  -0.9708   0.0000   0.5111
   4.000   0.6301   0.04131   0.03215  -0.1393  0.5689  0.1571  -1.0299   0.0000   0.4643
   5.000   0.6581   0.04594   0.03938  -0.1305  0.5550  0.7070  -1.0420   0.0000   0.4407
   6.000   0.6615   0.05687   0.04998  -0.1279  0.5532  1.0000  -1.0057   0.0000   0.4350
   7.000   0.7015   0.06993   0.06247  -0.1314  0.5613  1.0000  -1.0083   0.0000   0.4281
  11.000   0.8446   0.12048   0.11242  -0.1406  0.5299  1.0000  -1.0907   0.0000   0.4028
  12.000   0.8792   0.13059   0.12251  -0.1401  0.4941  1.0000  -1.1413   0.0000   0.3942
  13.000   0.8868   0.13975   0.13175  -0.1403  0.4610  1.0000  -1.1476   0.0000   0.3917
  14.000   0.9068   0.15062   0.14273  -0.1419  0.4284  1.0000  -1.1758   0.0000   0.3886
  15.000   0.9301   0.16253   0.15488  -0.1451  0.3988  1.0000  -1.2172   0.0000   0.3866
  16.000   0.9654   0.17714   0.16964  -0.1492  0.3782  1.0000  -1.2894   0.0000   0.3836
  17.000   1.0534   0.20112   0.19382  -0.1515  0.3512  1.0000  -1.4753   0.0000   0.3708
  18.000   1.1062   0.21883   0.21176  -0.1541  0.3196  1.0000  -1.5744   0.0000   0.3643
  19.000   1.0627   0.21534   0.20843  -0.1644  0.2961  1.0000  -1.4305   0.0000   0.3785
  20.000   1.0836   0.23026   0.22377  -0.1719  0.2732  1.0000  -1.4294   0.0000   0.3807
  21.000   1.1556   0.26212   0.25593  -0.1732  0.2588  1.0000  -1.5675   0.0000   0.3695
  22.000   1.1403   0.26410   0.25806  -0.1847  0.2374  1.0000  -1.4675   0.0000   0.3799
  23.000   1.1567   0.28350   0.27766  -0.1923  0.2250  1.0000  -1.4617   0.0000   0.3822
  24.000   1.1886   0.30285   0.29747  -0.1964  0.2071  1.0000  -1.5554   0.0000   0.3787
  25.000   1.1842   0.32177   0.31661  -0.2055  0.1926  1.0000  -1.5004   0.0000   0.3850


