XFLR5 v6.09.05 beta

 Calculated polar for: -15s1223

 1 1 Reynolds number fixed          Mach number fixed         

 xtrf =   1.000 (top)        1.000 (bottom)
 Mach =   0.000     Re =     0.350 e 6     Ncrit =   9.000

  alpha     CL        CD       CDp       Cm    Top Xtr Bot Xtr   Cpmin    Chinge    XCp    
 ------- -------- --------- --------- -------- ------- ------- -------- --------- ---------
   0.000   0.1958   0.04540   0.04050  -0.1063  0.4717  0.0261  -1.4042   0.0000   0.7882
   1.000   0.3462   0.02627   0.02014  -0.1315  0.4515  0.0323  -1.5692   0.0000   0.6236
   2.000   0.4993   0.01623   0.00834  -0.1401  0.4336  0.0210  -1.6219   0.0000   0.5235
   3.000   0.6245   0.01494   0.00669  -0.1418  0.4174  0.0297  -1.1678   0.0000   0.4688
   4.000   0.7507   0.01382   0.00547  -0.1439  0.4070  0.0399  -1.2942   0.0000   0.4323
   5.000   0.8781   0.01334   0.00570  -0.1469  0.3941  0.3674  -1.4258   0.0000   0.4066
   6.000   0.9908   0.01408   0.00740  -0.1461  0.3835  0.8314  -1.5455   0.0000   0.3856
   7.000   1.0757   0.01495   0.00834  -0.1384  0.3771  0.8831  -1.6589   0.0000   0.3653
   8.000   1.1640   0.01540   0.00879  -0.1323  0.3680  0.9088  -1.7866   0.0000   0.3488
   9.000   1.2662   0.01628   0.00964  -0.1302  0.3575  0.9210  -1.9441   0.0000   0.3363
  10.000   1.3575   0.01734   0.01087  -0.1259  0.3482  0.9382  -2.1150   0.0000   0.3247
  11.000   1.4530   0.01767   0.01135  -0.1228  0.3380  0.9517  -2.3238   0.0000   0.3147
  12.000   1.5701   0.01868   0.01244  -0.1252  0.3243  0.9470  -2.6490   0.0000   0.3080
  13.000   1.6804   0.01962   0.01366  -0.1264  0.3111  0.9431  -3.0176   0.0000   0.3014
  14.000   1.7856   0.02014   0.01426  -0.1268  0.2904  0.9409  -3.3960   0.0000   0.2950
  15.000   1.8873   0.02096   0.01548  -0.1269  0.2723  0.9390  -3.8119   0.0000   0.2889
  16.000   1.9756   0.02260   0.01731  -0.1253  0.2432  0.9373  -4.2330   0.0000   0.2828
  17.000   2.0094   0.02729   0.02193  -0.1171  0.1871  0.9359  -4.5386   0.0000   0.2753
  19.000   1.8521   0.06717   0.06250  -0.1166  0.1366  0.9334  -4.4843   0.0000   0.2752
  20.000   1.7730   0.09170   0.08734  -0.1229  0.1176  0.9317  -4.4116   0.0000   0.2792
  21.000   1.7165   0.11459   0.11045  -0.1307  0.0996  0.9302  -4.3810   0.0000   0.2836
  22.000   1.6884   0.13378   0.12985  -0.1389  0.0857  0.9292  -4.4486   0.0000   0.2873
  23.000   1.6688   0.15165   0.14784  -0.1480  0.0733  0.9283  -4.5680   0.0000   0.2911
  24.000   1.6762   0.16413   0.16062  -0.1559  0.0658  0.9280  -5.0228   0.0000   0.2925
  25.000   1.6685   0.18022   0.17690  -0.1661  0.0577  0.9279  -5.5080   0.0000   0.2963


