XFLR5 v6.09.05 beta

 Calculated polar for: -20S1223

 1 1 Reynolds number fixed          Mach number fixed         

 xtrf =   1.000 (top)        1.000 (bottom)
 Mach =   0.000     Re =     0.180 e 6     Ncrit =   9.000

  alpha     CL        CD       CDp       Cm    Top Xtr Bot Xtr   Cpmin    Chinge    XCp    
 ------- -------- --------- --------- -------- ------- ------- -------- --------- ---------
   0.000  -0.0175   0.06874   0.06356  -0.0649  0.5228  0.0440  -1.3693   0.0000  -3.4439
   1.000   0.0420   0.05345   0.04818  -0.0720  0.5047  0.0496  -1.2899   0.0000   1.9447
   2.000   0.1505   0.03986   0.03389  -0.0855  0.4879  0.0677  -1.2585   0.0000   0.8052
   3.000   0.2621   0.03165   0.02511  -0.0898  0.4706  0.0982  -1.0011   0.0000   0.5808
   4.000   0.4036   0.02108   0.01216  -0.0914  0.4565  0.0414  -1.2575   0.0000   0.4654
   5.000   0.5150   0.01936   0.01055  -0.0901  0.4456  0.0551  -1.1166   0.0000   0.4133
   6.000   0.6253   0.01832   0.01051  -0.0885  0.4323  0.4097  -1.2239   0.0000   0.3791
   7.000   0.6799   0.02102   0.01410  -0.0727  0.4215  0.8651  -1.2977   0.0000   0.3432
   8.000   0.7366   0.02234   0.01552  -0.0585  0.4142  0.9101  -1.3770   0.0000   0.3146
   9.000   0.8092   0.02320   0.01640  -0.0496  0.4025  0.9314  -1.4816   0.0000   0.2952
  10.000   0.9054   0.02458   0.01761  -0.0466  0.3927  0.9420  -1.6193   0.0000   0.2840
  11.000   0.9693   0.02704   0.02036  -0.0392  0.3810  0.9588  -1.7378   0.0000   0.2716
  12.000   1.0531   0.02870   0.02229  -0.0362  0.3671  0.9677  -1.8921   0.0000   0.2640
  13.000   1.1679   0.03090   0.02436  -0.0389  0.3536  0.9619  -2.1197   0.0000   0.2612
  14.000   1.2542   0.03420   0.02821  -0.0408  0.3376  0.9586  -2.3678   0.0000   0.2586
  15.000   1.3921   0.03249   0.02642  -0.0443  0.3233  0.9536  -2.7824   0.0000   0.2557
  16.000   1.4750   0.03477   0.02928  -0.0459  0.3034  0.9518  -3.0907   0.0000   0.2528
  17.000   1.5881   0.03367   0.02841  -0.0483  0.2817  0.9498  -3.5086   0.0000   0.2496
  18.000   1.6677   0.03521   0.03016  -0.0497  0.2570  0.9496  -3.8859   0.0000   0.2465
  19.000   1.6586   0.04678   0.04207  -0.0558  0.2286  0.9506  -4.0189   0.0000   0.2479
  20.000   1.5978   0.06593   0.06147  -0.0632  0.1997  0.9494  -3.9902   0.0000   0.2515
  21.000   1.5521   0.08539   0.08116  -0.0711  0.1712  0.9477  -3.9817   0.0000   0.2554
  22.000   1.5221   0.10362   0.09954  -0.0789  0.1465  0.9460  -3.9970   0.0000   0.2592
  23.000   1.4980   0.12203   0.11818  -0.0876  0.1274  0.9445  -4.0307   0.0000   0.2636
  24.000   1.5009   0.13583   0.13211  -0.0947  0.1117  0.9434  -4.1865   0.0000   0.2657


