XFLR5 v6.09.05 beta

 Calculated polar for: -20S1223

 1 1 Reynolds number fixed          Mach number fixed         

 xtrf =   1.000 (top)        1.000 (bottom)
 Mach =   0.000     Re =     0.160 e 6     Ncrit =   9.000

  alpha     CL        CD       CDp       Cm    Top Xtr Bot Xtr   Cpmin    Chinge    XCp    
 ------- -------- --------- --------- -------- ------- ------- -------- --------- ---------
   0.000  -0.0350   0.06730   0.06211  -0.0601  0.5328  0.0480  -1.3068   0.0000  -1.4656
   1.000   0.0552   0.05626   0.05084  -0.0749  0.5136  0.0620  -1.2591   0.0000   1.5887
   2.000   0.1410   0.04366   0.03784  -0.0817  0.4965  0.0757  -1.1113   0.0000   0.8160
   3.000   0.2545   0.03440   0.02804  -0.0887  0.4799  0.1196  -0.9360   0.0000   0.5865
   4.000   0.4015   0.02190   0.01290  -0.0913  0.4667  0.0463  -1.2427   0.0000   0.4665
   5.000   0.5105   0.02095   0.01198  -0.0897  0.4541  0.0595  -1.1053   0.0000   0.4142
   6.000   0.6143   0.02012   0.01244  -0.0868  0.4407  0.4268  -1.2022   0.0000   0.3791
   7.000   0.6648   0.02200   0.01510  -0.0694  0.4310  0.8812  -1.2779   0.0000   0.3408
   8.000   0.7051   0.02398   0.01700  -0.0523  0.4212  0.9297  -1.3425   0.0000   0.3093
   9.000   0.7750   0.02536   0.01855  -0.0441  0.4101  0.9534  -1.4373   0.0000   0.2910
  10.000   0.8565   0.02734   0.02056  -0.0396  0.3986  0.9658  -1.5536   0.0000   0.2790
  11.000   0.9545   0.02977   0.02291  -0.0384  0.3863  0.9848  -1.7089   0.0000   0.2716
  12.000   1.0309   0.03459   0.02832  -0.0394  0.3690  0.9947  -1.8349   0.0000   0.2682
  13.000   1.1309   0.03394   0.02751  -0.0363  0.3588  0.9893  -2.0535   0.0000   0.2602
  16.000   1.1873   0.06728   0.06203  -0.0504  0.2896  0.9847  -2.3958   0.0000   0.2653
  17.000   1.4512   0.04550   0.04026  -0.0428  0.2872  0.9768  -3.1612   0.0000   0.2492
  18.000   1.5946   0.04018   0.03508  -0.0441  0.2643  0.9737  -3.6934   0.0000   0.2447
  19.000   1.5621   0.05527   0.05054  -0.0527  0.2369  0.9727  -3.7486   0.0000   0.2483
  20.000   1.5790   0.06496   0.06027  -0.0571  0.2069  0.9705  -3.9422   0.0000   0.2482
  21.000   1.5192   0.08636   0.08192  -0.0660  0.1790  0.9679  -3.8831   0.0000   0.2534
  23.000   1.4749   0.12154   0.11753  -0.0823  0.1328  0.9638  -3.9514   0.0000   0.2612
  24.000   1.0844   0.23525   0.23151  -0.1372  0.1208  0.9623  -1.7625   0.0000   0.3406


