XFLR5 v6.09.05 beta

 Calculated polar for: -20S1223

 1 1 Reynolds number fixed          Mach number fixed         

 xtrf =   1.000 (top)        1.000 (bottom)
 Mach =   0.000     Re =     0.310 e 6     Ncrit =   9.000

  alpha     CL        CD       CDp       Cm    Top Xtr Bot Xtr   Cpmin    Chinge    XCp    
 ------- -------- --------- --------- -------- ------- ------- -------- --------- ---------
   0.000  -0.0399   0.06355   0.05892  -0.0573  0.4837  0.0242  -1.4291   0.0000  -1.1830
   1.000   0.0630   0.04926   0.04421  -0.0759  0.4656  0.0281  -1.5571   0.0000   1.4377
   2.000   0.1612   0.03150   0.02568  -0.0879  0.4506  0.0327  -1.6132   0.0000   0.7822
   3.000   0.2849   0.02307   0.01604  -0.0926  0.4349  0.0481  -1.3352   0.0000   0.5632
   4.000   0.4135   0.01707   0.00878  -0.0921  0.4204  0.0281  -1.3101   0.0000   0.4614
   5.000   0.5289   0.01504   0.00676  -0.0918  0.4114  0.0407  -1.1547   0.0000   0.4115
   6.000   0.6508   0.01377   0.00617  -0.0931  0.3997  0.3271  -1.2750   0.0000   0.3801
   7.000   0.7571   0.01534   0.00875  -0.0905  0.3872  0.8184  -1.3842   0.0000   0.3557
   8.000   0.8348   0.01686   0.01039  -0.0802  0.3822  0.8412  -1.4894   0.0000   0.3309
   9.000   0.9252   0.01767   0.01120  -0.0741  0.3730  0.8581  -1.6142   0.0000   0.3136
  10.000   1.0153   0.01833   0.01181  -0.0686  0.3637  0.8706  -1.7539   0.0000   0.2996
  11.000   1.1153   0.02041   0.01401  -0.0666  0.3522  0.8825  -1.9237   0.0000   0.2902
  12.000   1.1924   0.02014   0.01396  -0.0591  0.3431  0.8988  -2.0937   0.0000   0.2784
  13.000   1.3197   0.02071   0.01451  -0.0642  0.3308  0.8918  -2.3747   0.0000   0.2757
  14.000   1.4378   0.02217   0.01627  -0.0680  0.3165  0.8861  -2.7391   0.0000   0.2724
  15.000   1.5488   0.02189   0.01607  -0.0696  0.2986  0.8826  -3.1142   0.0000   0.2679
  16.000   1.6545   0.02247   0.01705  -0.0714  0.2790  0.8798  -3.4990   0.0000   0.2639
  17.000   1.7546   0.02358   0.01839  -0.0731  0.2531  0.8771  -3.9281   0.0000   0.2600
  18.000   1.8327   0.02694   0.02195  -0.0743  0.2145  0.8749  -4.3157   0.0000   0.2565
  19.000   1.8015   0.04017   0.03539  -0.0754  0.1788  0.8740  -4.4112   0.0000   0.2555
  20.000   1.7158   0.06139   0.05684  -0.0805  0.1554  0.8745  -4.3316   0.0000   0.2582
  21.000   1.6482   0.08318   0.07880  -0.0873  0.1323  0.8751  -4.2780   0.0000   0.2620
  22.000   1.5995   0.10392   0.09967  -0.0952  0.1107  0.8760  -4.2601   0.0000   0.2663
  23.000   1.5678   0.12323   0.11906  -0.1038  0.0917  0.8774  -4.3076   0.0000   0.2707
  24.000   1.5555   0.14010   0.13621  -0.1126  0.0803  0.8792  -4.4425   0.0000   0.2744
  25.000   1.5580   0.15417   0.15049  -0.1210  0.0711  0.8808  -4.7557   0.0000   0.2770


