XFLR5 v6.09.05 beta

 Calculated polar for: -20S1223

 1 1 Reynolds number fixed          Mach number fixed         

 xtrf =   1.000 (top)        1.000 (bottom)
 Mach =   0.000     Re =     0.095 e 6     Ncrit =   9.000

  alpha     CL        CD       CDp       Cm    Top Xtr Bot Xtr   Cpmin    Chinge    XCp    
 ------- -------- --------- --------- -------- ------- ------- -------- --------- ---------
   0.000  -0.0268   0.07574   0.07053  -0.0576  0.5763  0.0942  -1.0373   0.0000  -1.9137
   1.000   0.0330   0.06532   0.05999  -0.0685  0.5608  0.1169  -1.0180   0.0000   2.3166
   2.000   0.1105   0.05665   0.05131  -0.0738  0.5417  0.1540  -0.8967   0.0000   0.9070
   3.000   0.2076   0.04799   0.04216  -0.0796  0.5268  0.2106  -0.8491   0.0000   0.6224
   4.000   0.3734   0.03292   0.02438  -0.0937  0.5107  0.0814  -1.1486   0.0000   0.4915
   5.000   0.4771   0.03100   0.02197  -0.0898  0.4984  0.0845  -1.0125   0.0000   0.4279
   6.000   0.5502   0.03381   0.02656  -0.0848  0.4828  0.4993  -1.0649   0.0000   0.3932
   7.000   0.5252   0.04020   0.03397  -0.0611  0.4707  0.9322  -1.0385   0.0000   0.3547
   8.000   0.6908   0.03985   0.03265  -0.0656  0.4591  1.0000  -1.2246   0.0000   0.3318
   9.000   0.6074   0.05774   0.05110  -0.0632  0.4462  1.0000  -1.0704   0.0000   0.3408
  10.000   0.6161   0.07153   0.06486  -0.0668  0.4519  1.0000  -1.0431   0.0000   0.3447
  11.000   0.7034   0.07587   0.06895  -0.0650  0.4254  1.0000  -1.1639   0.0000   0.3271
  12.000   0.6616   0.09303   0.08633  -0.0734  0.4302  1.0000  -1.0447   0.0000   0.3454
  13.000   0.6829   0.10356   0.09687  -0.0757  0.4052  1.0000  -1.0592   0.0000   0.3443
  15.000   0.8666   0.12524   0.11861  -0.0755  0.3537  1.0000  -1.3953   0.0000   0.3167
  17.000   0.8636   0.14229   0.13591  -0.0839  0.2839  1.0000  -1.4237   0.0000   0.3241
  18.000   0.9075   0.15227   0.14603  -0.0871  0.2563  1.0000  -1.5402   0.0000   0.3210
  19.000   0.9125   0.16865   0.16265  -0.0959  0.2421  1.0000  -1.4856   0.0000   0.3292
  20.000   0.9367   0.18251   0.17669  -0.1032  0.2198  1.0000  -1.5040   0.0000   0.3329
  21.000   0.9876   0.19641   0.19099  -0.1080  0.2094  1.0000  -1.6092   0.0000   0.3299
  22.000   1.0332   0.22349   0.21831  -0.1144  0.2063  1.0000  -1.6351   0.0000   0.3296
  23.000   1.0175   0.22951   0.22446  -0.1291  0.1869  1.0000  -1.4941   0.0000   0.3447
  24.000   1.0771   0.25653   0.25173  -0.1323  0.1805  1.0000  -1.6472   0.0000   0.3382
  25.000   1.0682   0.26427   0.25960  -0.1472  0.1624  1.0000  -1.5346   0.0000   0.3518


