XFLR5 v6.09.05 beta

 Calculated polar for: -25S1223

 1 1 Reynolds number fixed          Mach number fixed         

 xtrf =   1.000 (top)        1.000 (bottom)
 Mach =   0.000     Re =     0.340 e 6     Ncrit =   9.000

  alpha     CL        CD       CDp       Cm    Top Xtr Bot Xtr   Cpmin    Chinge    XCp    
 ------- -------- --------- --------- -------- ------- ------- -------- --------- ---------
   0.000  -0.2239   0.07886   0.07459  -0.0167  0.4801  0.0187  -1.6071   0.0000   0.1713
   1.000  -0.1851   0.06575   0.06132  -0.0277  0.4635  0.0202  -1.6351   0.0000   0.0996
   2.000  -0.1119   0.05115   0.04648  -0.0387  0.4515  0.0229  -1.6713   0.0000  -0.0894
   3.000  -0.0059   0.03828   0.03271  -0.0446  0.4374  0.0278  -1.7277   0.0000  -7.0568
   4.000   0.0909   0.02545   0.01887  -0.0464  0.4230  0.0349  -1.5681   0.0000   0.7310
   5.000   0.2084   0.01694   0.00896  -0.0428  0.4152  0.0217  -1.6705   0.0000   0.4362
   6.000   0.3173   0.01535   0.00723  -0.0402  0.4044  0.0295  -1.0797   0.0000   0.3596
   7.000   0.4239   0.01483   0.00660  -0.0379  0.3911  0.0393  -1.1366   0.0000   0.3225
   8.000   0.5242   0.01451   0.00835  -0.0343  0.3852  0.6473  -1.2389   0.0000   0.2982
  10.000   0.6958   0.02005   0.01398  -0.0136  0.3684  0.8369  -1.4667   0.0000   0.2504
  11.000   0.8535   0.02027   0.01417  -0.0175  0.3554  0.9269  -1.6623   0.0000   0.2505
  12.000   0.9455   0.02055   0.01464  -0.0136  0.3480  0.9446  -1.8245   0.0000   0.2430
  13.000   1.0800   0.01985   0.01393  -0.0192  0.3361  0.9579  -2.0578   0.0000   0.2448
  16.000   1.3448   0.02054   0.01500  -0.0099  0.2934  0.9698  -2.9221   0.0000   0.2288
  17.000   1.4323   0.02059   0.01542  -0.0080  0.2768  0.9742  -3.2554   0.0000   0.2248
  19.000   1.4396   0.02509   0.02035   0.0215  0.2356  0.9467  -3.6646   0.0000   0.2000
  21.000   1.5336   0.05752   0.05299  -0.0334  0.1584  0.8449  -4.1037   0.0000   0.2316
  22.000   1.4875   0.07597   0.07164  -0.0420  0.1336  0.8410  -4.0975   0.0000   0.2359
  23.000   1.4533   0.09436   0.09012  -0.0509  0.1109  0.8380  -4.1110   0.0000   0.2405
  24.000   1.4301   0.11186   0.10769  -0.0602  0.0919  0.8353  -4.1684   0.0000   0.2453
  25.000   1.4199   0.12853   0.12449  -0.0701  0.0789  0.8326  -4.2873   0.0000   0.2503


