XFLR5 v6.09.05 beta

 Calculated polar for: -25S1223

 1 1 Reynolds number fixed          Mach number fixed         

 xtrf =   1.000 (top)        1.000 (bottom)
 Mach =   0.000     Re =     0.230 e 6     Ncrit =   9.000

  alpha     CL        CD       CDp       Cm    Top Xtr Bot Xtr   Cpmin    Chinge    XCp    
 ------- -------- --------- --------- -------- ------- ------- -------- --------- ---------
   0.000  -0.2123   0.08415   0.07950  -0.0226  0.5046  0.0278  -1.5810   0.0000   0.1397
   1.000  -0.1800   0.06563   0.06087  -0.0332  0.4906  0.0298  -1.7536   0.0000   0.0647
   2.000  -0.1136   0.05442   0.04952  -0.0376  0.4753  0.0341  -1.5208   0.0000  -0.0758
   3.000  -0.0145   0.03978   0.03370  -0.0457  0.4590  0.0451  -1.6491   0.0000  -2.7912
   4.000   0.0854   0.03126   0.02474  -0.0462  0.4482  0.0599  -1.3165   0.0000   0.7602
   6.000   0.3119   0.01926   0.01069  -0.0404  0.4236  0.0436  -1.0108   0.0000   0.3626
   7.000   0.4141   0.01777   0.00923  -0.0364  0.4150  0.0506  -1.1072   0.0000   0.3213
   8.000   0.4982   0.01944   0.01312  -0.0270  0.4054  0.7887  -1.2011   0.0000   0.2873
   9.000   0.5760   0.02287   0.01642  -0.0135  0.3967  0.8400  -1.3021   0.0000   0.2557
  10.000   0.6585   0.02507   0.01868  -0.0049  0.3863  0.8776  -1.4121   0.0000   0.2386
  12.000   1.0764   0.02247   0.01593  -0.0438  0.3582  1.0000  -1.9346   0.0000   0.2699
  13.000   1.1609   0.02392   0.01774  -0.0403  0.3469  1.0000  -2.1239   0.0000   0.2622
  14.000   1.2506   0.02420   0.01811  -0.0371  0.3343  1.0000  -2.3915   0.0000   0.2553
  15.000   1.3327   0.02529   0.01948  -0.0332  0.3205  1.0000  -2.6949   0.0000   0.2487
  16.000   1.4176   0.02499   0.01941  -0.0298  0.3039  1.0000  -3.0184   0.0000   0.2427
  17.000   1.4118   0.02598   0.02049  -0.0081  0.2898  0.9854  -3.1875   0.0000   0.2253
  19.000   1.5051   0.03294   0.02807  -0.0055  0.2443  0.8878  -3.7497   0.0000   0.2185
  21.000   1.4831   0.05740   0.05270  -0.0214  0.1829  0.8713  -3.9685   0.0000   0.2244
  23.000   1.4382   0.09056   0.08619  -0.0403  0.1337  0.8621  -4.0536   0.0000   0.2334
  24.000   1.4372   0.10501   0.10071  -0.0491  0.1138  0.8584  -4.1812   0.0000   0.2372
  25.000   1.4055   0.12580   0.12193  -0.0616  0.1013  0.8555  -4.2078   0.0000   0.2448


