XFLR5 v6.09.05 beta

 Calculated polar for: -25S1223

 1 1 Reynolds number fixed          Mach number fixed         

 xtrf =   1.000 (top)        1.000 (bottom)
 Mach =   0.000     Re =     0.190 e 6     Ncrit =   9.000

  alpha     CL        CD       CDp       Cm    Top Xtr Bot Xtr   Cpmin    Chinge    XCp    
 ------- -------- --------- --------- -------- ------- ------- -------- --------- ---------
   0.000  -0.2120   0.08299   0.07829  -0.0166  0.5171  0.0339  -1.3706   0.0000   0.1672
   1.000  -0.1784   0.07061   0.06581  -0.0268  0.5024  0.0382  -1.4089   0.0000   0.0985
   2.000  -0.0900   0.05818   0.05283  -0.0418  0.4883  0.0439  -1.5679   0.0000  -0.2073
   3.000  -0.0245   0.04411   0.03859  -0.0437  0.4735  0.0552  -1.3573   0.0000  -1.4762
   4.000   0.0807   0.03500   0.02827  -0.0466  0.4589  0.0869  -1.2138   0.0000   0.7955
   5.000   0.2012   0.02210   0.01358  -0.0429  0.4498  0.0337  -1.5472   0.0000   0.4452
   6.000   0.3061   0.02027   0.01172  -0.0398  0.4374  0.0516  -1.0053   0.0000   0.3634
   7.000   0.4066   0.02008   0.01130  -0.0355  0.4246  0.0592  -1.0876   0.0000   0.3212
   8.000   0.4881   0.02374   0.01731  -0.0250  0.4167  0.8135  -1.1769   0.0000   0.2845
   9.000   0.5472   0.02616   0.01982  -0.0082  0.4065  0.8596  -1.2580   0.0000   0.2475
  10.000   0.6575   0.02663   0.02004  -0.0041  0.3958  0.9057  -1.3977   0.0000   0.2377
  11.000   0.7625   0.02933   0.02289  -0.0038  0.3839  0.9395  -1.5341   0.0000   0.2354
  12.000   1.0522   0.02670   0.02029  -0.0419  0.3662  1.0000  -1.8863   0.0000   0.2693
  13.000   1.1340   0.02880   0.02245  -0.0380  0.3540  1.0000  -2.0713   0.0000   0.2613
  14.000   1.2045   0.03137   0.02545  -0.0340  0.3389  1.0000  -2.2843   0.0000   0.2543
  15.000   1.3045   0.02959   0.02362  -0.0306  0.3270  1.0000  -2.6268   0.0000   0.2474
  16.000   0.9874   0.05491   0.04960   0.0040  0.2993  0.9119  -2.1262   0.0000   0.2183
  17.000   1.2290   0.03798   0.03262   0.0106  0.3002  0.9127  -2.8005   0.0000   0.2112
  18.000   1.0911   0.06717   0.06228  -0.0077  0.2595  0.8980  -2.5272   0.0000   0.2254
  19.000   1.2693   0.05761   0.05284  -0.0101  0.2476  0.8926  -3.0892   0.0000   0.2234
  20.000   1.3793   0.05788   0.05331  -0.0158  0.2244  0.8872  -3.5204   0.0000   0.2243
  21.000   1.3778   0.07047   0.06601  -0.0221  0.1963  0.8833  -3.6410   0.0000   0.2265
  22.000   1.3783   0.08270   0.07829  -0.0290  0.1688  0.8802  -3.7565   0.0000   0.2292
  23.000   1.3664   0.09778   0.09355  -0.0369  0.1447  0.8776  -3.8155   0.0000   0.2329
  24.000   1.3311   0.11714   0.11320  -0.0465  0.1264  0.8753  -3.7818   0.0000   0.2390
  25.000   1.0113   0.20256   0.19892  -0.0851  0.1002  0.8743  -2.1115   0.0000   0.2949


