XFLR5 v6.09.05 beta

 Calculated polar for: -25S1223

 1 1 Reynolds number fixed          Mach number fixed         

 xtrf =   1.000 (top)        1.000 (bottom)
 Mach =   0.000     Re =     0.295 e 6     Ncrit =   9.000

  alpha     CL        CD       CDp       Cm    Top Xtr Bot Xtr   Cpmin    Chinge    XCp    
 ------- -------- --------- --------- -------- ------- ------- -------- --------- ---------
   0.000  -0.2182   0.08054   0.07612  -0.0157  0.4876  0.0220  -1.4788   0.0000   0.1741
   1.000  -0.1820   0.06699   0.06251  -0.0276  0.4737  0.0243  -1.5764   0.0000   0.0977
   2.000  -0.0924   0.05328   0.04830  -0.0405  0.4576  0.0277  -1.6962   0.0000  -0.1802
   3.000  -0.0174   0.03520   0.02953  -0.0456  0.4465  0.0315  -1.7865   0.0000  -2.2782
   4.000   0.0939   0.03101   0.02439  -0.0454  0.4324  0.0438  -1.3940   0.0000   0.7037
   5.000   0.2071   0.01829   0.01012  -0.0428  0.4215  0.0241  -1.6237   0.0000   0.4378
   6.000   0.3142   0.01622   0.00800  -0.0399  0.4120  0.0344  -1.0687   0.0000   0.3598
   7.000   0.4217   0.01544   0.00710  -0.0374  0.4011  0.0424  -1.1303   0.0000   0.3219
   8.000   0.4956   0.01652   0.01029  -0.0264  0.3896  0.6651  -1.2125   0.0000   0.2860
  10.000   0.6969   0.02272   0.01654  -0.0143  0.3744  0.8512  -1.4585   0.0000   0.2516
  12.000   1.0946   0.01901   0.01284  -0.0462  0.3493  1.0000  -1.9682   0.0000   0.2711
  13.000   1.1878   0.01939   0.01331  -0.0434  0.3379  1.0000  -2.1755   0.0000   0.2638
  14.000   1.2755   0.02053   0.01459  -0.0400  0.3236  1.0000  -2.4501   0.0000   0.2568
  15.000   1.3641   0.02062   0.01500  -0.0370  0.3119  1.0000  -2.7691   0.0000   0.2506
  16.000   1.4522   0.02053   0.01485  -0.0340  0.2928  1.0000  -3.1033   0.0000   0.2448
  17.000   1.5339   0.02099   0.01580  -0.0310  0.2745  1.0000  -3.4453   0.0000   0.2394
  18.000   1.6031   0.02259   0.01769  -0.0271  0.2497  1.0000  -3.8010   0.0000   0.2338
  19.000   1.6358   0.02671   0.02203  -0.0211  0.2187  1.0000  -4.0742   0.0000   0.2275
  21.000   1.5245   0.05837   0.05386  -0.0324  0.1671  0.8527  -4.0724   0.0000   0.2312
  22.000   1.4762   0.07588   0.07157  -0.0374  0.1444  0.8502  -4.0667   0.0000   0.2330
  24.000   1.4265   0.11043   0.10630  -0.0565  0.1016  0.8433  -4.1555   0.0000   0.2428
  25.000   1.4127   0.12726   0.12330  -0.0662  0.0862  0.8413  -4.2630   0.0000   0.2478


