XFLR5 v6.09.05 beta

 Calculated polar for: -25S1223

 1 1 Reynolds number fixed          Mach number fixed         

 xtrf =   1.000 (top)        1.000 (bottom)
 Mach =   0.000     Re =     0.260 e 6     Ncrit =   9.000

  alpha     CL        CD       CDp       Cm    Top Xtr Bot Xtr   Cpmin    Chinge    XCp    
 ------- -------- --------- --------- -------- ------- ------- -------- --------- ---------
   0.000  -0.2170   0.08182   0.07723  -0.0184  0.4942  0.0265  -1.5301   0.0000   0.1610
   1.000  -0.1630   0.06912   0.06446  -0.0319  0.4813  0.0277  -1.6300   0.0000   0.0536
   2.000  -0.1076   0.04916   0.04408  -0.0420  0.4685  0.0300  -1.8493   0.0000  -0.1341
   3.000  -0.0203   0.03925   0.03373  -0.0446  0.4532  0.0366  -1.5551   0.0000  -1.8656
   4.000   0.0858   0.02846   0.02193  -0.0465  0.4407  0.0511  -1.3949   0.0000   0.7609
   5.000   0.2063   0.01938   0.01103  -0.0428  0.4288  0.0262  -1.5862   0.0000   0.4385
   6.000   0.3127   0.01751   0.00915  -0.0400  0.4187  0.0394  -1.0329   0.0000   0.3610
   7.000   0.4184   0.01657   0.00817  -0.0370  0.4078  0.0450  -1.1193   0.0000   0.3218
   9.000   0.5836   0.02189   0.01556  -0.0163  0.3887  0.8259  -1.3122   0.0000   0.2600
  10.000   0.6679   0.02298   0.01674  -0.0064  0.3808  0.8667  -1.4289   0.0000   0.2406
  11.000   0.9956   0.01919   0.01268  -0.0482  0.3651  1.0000  -1.7861   0.0000   0.2790
  12.000   1.0846   0.02089   0.01456  -0.0449  0.3537  1.0000  -1.9499   0.0000   0.2704
  13.000   1.1752   0.02149   0.01538  -0.0418  0.3423  1.0000  -2.1513   0.0000   0.2630
  14.000   1.2681   0.02155   0.01552  -0.0390  0.3302  1.0000  -2.4322   0.0000   0.2562
  15.000   1.3489   0.02281   0.01712  -0.0351  0.3164  1.0000  -2.7333   0.0000   0.2496
  16.000   1.4396   0.02211   0.01644  -0.0323  0.2993  1.0000  -3.0722   0.0000   0.2439
  17.000   1.3210   0.02474   0.01927   0.0127  0.2914  0.9666  -3.0359   0.0000   0.2099
  18.000   1.4949   0.02442   0.01927  -0.0048  0.2632  0.9858  -3.5646   0.0000   0.2204
  20.000   1.5290   0.04134   0.03668  -0.0149  0.2064  0.8715  -3.9648   0.0000   0.2221
  21.000   1.4988   0.05810   0.05361  -0.0268  0.1762  0.8621  -4.0062   0.0000   0.2279
  22.000   1.4718   0.07615   0.07182  -0.0383  0.1499  0.8554  -4.0397   0.0000   0.2337
  23.000   1.4472   0.09292   0.08871  -0.0458  0.1284  0.8522  -4.0751   0.0000   0.2371
  24.000   1.4233   0.10891   0.10479  -0.0520  0.1098  0.8503  -4.1403   0.0000   0.2397
  25.000   1.4139   0.12458   0.12050  -0.0614  0.0926  0.8479  -4.2710   0.0000   0.2443


