XFLR5 v6.09.05 beta

 Calculated polar for: -25S1223

 1 1 Reynolds number fixed          Mach number fixed         

 xtrf =   1.000 (top)        1.000 (bottom)
 Mach =   0.000     Re =     0.105 e 6     Ncrit =   9.000

  alpha     CL        CD       CDp       Cm    Top Xtr Bot Xtr   Cpmin    Chinge    XCp    
 ------- -------- --------- --------- -------- ------- ------- -------- --------- ---------
   0.000  -0.1955   0.08958   0.08467  -0.0212  0.5615  0.0699  -1.1869   0.0000   0.1345
   1.000  -0.1619   0.08117   0.07627  -0.0355  0.5450  0.0836  -1.2738   0.0000   0.0267
   2.000  -0.1163   0.06758   0.06259  -0.0360  0.5338  0.0952  -1.1627   0.0000  -0.0593
   3.000  -0.0443   0.05870   0.05366  -0.0417  0.5158  0.1246  -1.0612   0.0000  -0.6745
   4.000   0.0641   0.04342   0.03697  -0.0491  0.5041  0.0911  -1.2626   0.0000   0.9892
   5.000   0.1791   0.03398   0.02542  -0.0459  0.4944  0.0549  -1.4406   0.0000   0.4907
   6.000   0.2739   0.03563   0.02729  -0.0469  0.4752  0.0745  -1.0487   0.0000   0.4078
   7.000   0.3571   0.03588   0.02736  -0.0384  0.4656  0.0910  -0.9421   0.0000   0.3436
   8.000   0.3805   0.04351   0.03738  -0.0226  0.4549  0.8549  -0.9584   0.0000   0.2949
   9.000   0.3759   0.05316   0.04717  -0.0145  0.4435  0.9190  -0.9141   0.0000   0.2736
  10.000   0.3845   0.06346   0.05738  -0.0121  0.4644  0.9448  -0.8852   0.0000   0.2663
  11.000   0.4939   0.06612   0.05961  -0.0121  0.4194  0.9658  -1.0318   0.0000   0.2579
  12.000   0.6867   0.07886   0.07240  -0.0494  0.3970  0.9992  -1.1780   0.0000   0.3051
  14.000   0.7029   0.08715   0.08045  -0.0214  0.3548  0.9915  -1.3113   0.0000   0.2601
  15.000   0.5275   0.09714   0.09050  -0.0013  0.3632  0.9784  -1.0493   0.0000   0.2316
  16.000   0.5393   0.10788   0.10131  -0.0049  0.3444  0.9721  -1.0471   0.0000   0.2376
  17.000   0.6370   0.11135   0.10480  -0.0057  0.2990  0.9652  -1.2662   0.0000   0.2349
  18.000   0.6451   0.12568   0.11928  -0.0137  0.2798  0.9612  -1.2587   0.0000   0.2466
  19.000   0.6905   0.13581   0.12953  -0.0192  0.2531  0.9571  -1.3589   0.0000   0.2515
  20.000   0.7384   0.14510   0.13895  -0.0249  0.2223  0.9530  -1.4633   0.0000   0.2556
  21.000   0.7773   0.15750   0.15152  -0.0325  0.2002  0.9493  -1.5252   0.0000   0.2621
  22.000   0.8258   0.16879   0.16315  -0.0398  0.1786  0.9460  -1.6411   0.0000   0.2665
  23.000   0.8057   0.19552   0.19015  -0.0567  0.1968  0.9436  -1.3412   0.0000   0.2897
  24.000   0.8945   0.21695   0.21181  -0.0595  0.1832  0.9414  -1.5886   0.0000   0.2828
  25.000   0.8753   0.22332   0.21829  -0.0764  0.1691  0.9397  -1.3927   0.0000   0.3033


