XFLR5 v6.09.05 beta

 Calculated polar for: -5s1223

 1 1 Reynolds number fixed          Mach number fixed         

 xtrf =   1.000 (top)        1.000 (bottom)
 Mach =   0.000     Re =     0.190 e 6     Ncrit =   9.000

  alpha     CL        CD       CDp       Cm    Top Xtr Bot Xtr   Cpmin    Chinge    XCp    
 ------- -------- --------- --------- -------- ------- ------- -------- --------- ---------
   0.000   0.8693   0.01885   0.01005  -0.2260  0.4973  0.0485  -1.2541   0.0000   0.5075
   1.000   1.0137   0.01773   0.00861  -0.2322  0.4726  0.0594  -1.3831   0.0000   0.4751
   2.000   1.1481   0.01875   0.01002  -0.2367  0.4527  0.3838  -1.5211   0.0000   0.4506
   3.000   1.2667   0.01931   0.01071  -0.2377  0.4400  0.4617  -1.6499   0.0000   0.4305
   4.000   1.3561   0.01939   0.01160  -0.2319  0.4269  1.0000  -1.7603   0.0000   0.4123
   5.000   1.4713   0.02185   0.01383  -0.2329  0.4152  1.0000  -1.8977   0.0000   0.3980
   6.000   1.5767   0.02349   0.01565  -0.2317  0.4049  1.0000  -2.0449   0.0000   0.3850
   7.000   1.6811   0.02524   0.01738  -0.2304  0.3933  1.0000  -2.2211   0.0000   0.3733
   8.000   1.7790   0.02840   0.02065  -0.2287  0.3805  1.0000  -2.4119   0.0000   0.3630
   9.000   1.8679   0.02995   0.02270  -0.2246  0.3677  1.0000  -2.6576   0.0000   0.3528
  10.000   1.9635   0.03148   0.02426  -0.2221  0.3538  1.0000  -3.0069   0.0000   0.3435
  11.000   2.0329   0.03396   0.02722  -0.2151  0.3382  1.0000  -3.3194   0.0000   0.3342
  12.000   2.1146   0.03441   0.02774  -0.2098  0.3180  1.0000  -3.6756   0.0000   0.3253
  13.000   2.1369   0.03655   0.03054  -0.1946  0.3016  1.0000  -3.9508   0.0000   0.3150
  14.000   2.1679   0.03906   0.03327  -0.1822  0.2826  1.0000  -4.2576   0.0000   0.3057
  15.000   2.1614   0.04433   0.03913  -0.1678  0.2606  1.0000  -4.4780   0.0000   0.2969
  16.000   2.1260   0.05577   0.05102  -0.1588  0.2335  1.0000  -4.6112   0.0000   0.2913
  17.000   2.0529   0.07584   0.07137  -0.1571  0.2026  1.0000  -4.6182   0.0000   0.2903
  18.000   1.9680   0.10085   0.09662  -0.1615  0.1728  1.0000  -4.5527   0.0000   0.2930
  19.000   1.9056   0.12337   0.11937  -0.1685  0.1468  1.0000  -4.5175   0.0000   0.2967
  20.000   1.8709   0.14101   0.13715  -0.1761  0.1244  1.0000  -4.5771   0.0000   0.2995


