XFLR5 v6.09.05 beta

 Calculated polar for: -5s1223

 1 1 Reynolds number fixed          Mach number fixed         

 xtrf =   1.000 (top)        1.000 (bottom)
 Mach =   0.000     Re =     0.350 e 6     Ncrit =   9.000

  alpha     CL        CD       CDp       Cm    Top Xtr Bot Xtr   Cpmin    Chinge    XCp    
 ------- -------- --------- --------- -------- ------- ------- -------- --------- ---------
   0.000   0.8710   0.01598   0.00807  -0.2254  0.4487  0.0294  -1.2691   0.0000   0.5061
   1.000   1.0191   0.01456   0.00626  -0.2329  0.4274  0.0406  -1.4050   0.0000   0.4743
   2.000   1.1576   0.01458   0.00664  -0.2382  0.4125  0.3096  -1.5485   0.0000   0.4500
   3.000   1.2754   0.01506   0.00721  -0.2389  0.4001  0.3895  -1.6840   0.0000   0.4300
   4.000   1.3996   0.01594   0.00840  -0.2415  0.3861  0.6008  -1.8239   0.0000   0.4136
   5.000   1.4899   0.01640   0.00939  -0.2360  0.3791  1.0000  -1.9435   0.0000   0.3979
   6.000   1.5994   0.01738   0.01041  -0.2354  0.3704  1.0000  -2.0960   0.0000   0.3849
   7.000   1.7052   0.01847   0.01145  -0.2342  0.3605  1.0000  -2.2737   0.0000   0.3733
   8.000   1.8104   0.02037   0.01336  -0.2334  0.3474  1.0000  -2.4770   0.0000   0.3630
   9.000   1.9059   0.02126   0.01460  -0.2304  0.3388  1.0000  -2.7538   0.0000   0.3530
  10.000   1.9947   0.02219   0.01560  -0.2262  0.3254  1.0000  -3.0972   0.0000   0.3434
  11.000   2.0734   0.02346   0.01717  -0.2202  0.3093  1.0000  -3.4351   0.0000   0.3342
  12.000   2.1354   0.02471   0.01865  -0.2112  0.2942  1.0000  -3.7576   0.0000   0.3247
  13.000   2.1914   0.02677   0.02105  -0.2018  0.2771  1.0000  -4.1148   0.0000   0.3157
  14.000   2.2281   0.02975   0.02427  -0.1903  0.2480  1.0000  -4.4402   0.0000   0.3067
  15.000   2.2093   0.03771   0.03216  -0.1747  0.1948  1.0000  -4.6385   0.0000   0.2979
  16.000   2.1477   0.05466   0.04930  -0.1664  0.1560  1.0000  -4.7054   0.0000   0.2938
  17.000   2.0586   0.07914   0.07422  -0.1662  0.1338  1.0000  -4.6660   0.0000   0.2943
  18.000   1.9703   0.10614   0.10165  -0.1712  0.1164  1.0000  -4.5928   0.0000   0.2977
  19.000   1.9057   0.12994   0.12575  -0.1786  0.1002  1.0000  -4.5576   0.0000   0.3018
  20.000   1.8666   0.14899   0.14499  -0.1869  0.0853  1.0000  -4.5999   0.0000   0.3054
  21.000   1.8460   0.16610   0.16229  -0.1950  0.0736  1.0000  -4.7365   0.0000   0.3080
  22.000   1.8367   0.18218   0.17871  -0.2026  0.0656  1.0000  -5.1985   0.0000   0.3096


