XFLR5 v6.09.05 beta

 Calculated polar for: -5s1223

 1 1 Reynolds number fixed          Mach number fixed         

 xtrf =   1.000 (top)        1.000 (bottom)
 Mach =   0.000     Re =     0.020 e 6     Ncrit =   9.000

  alpha     CL        CD       CDp       Cm    Top Xtr Bot Xtr   Cpmin    Chinge    XCp    
 ------- -------- --------- --------- -------- ------- ------- -------- --------- ---------
   0.000  -0.0324   0.09696   0.09085  -0.0075  1.0000  1.0000  -0.7320   0.0000  -0.0273
   1.000  -0.0442   0.09538   0.08952  -0.0057  1.0000  1.0000  -0.7570   0.0000   0.0942
   2.000  -0.1283   0.09363   0.08814   0.0136  1.0000  0.9685  -0.8133   0.0000   0.3463
   3.000  -0.2717   0.09130   0.08623   0.0433  1.0000  0.8937  -0.9073   0.0000   0.4038
   4.000   0.1478   0.09274   0.08557  -0.1081  1.0000  0.2966  -0.9356   0.0000   0.9801
   5.000   0.3838   0.10019   0.09167  -0.1522  1.0000  0.3704  -0.8621   0.0000   0.6414
   9.000   0.7543   0.14646   0.13394  -0.1925  0.9919  1.0000  -0.8269   0.0000   0.4930
  10.000   0.8300   0.15852   0.14576  -0.2014  0.9338  1.0000  -0.8855   0.0000   0.4787
  11.000   0.8963   0.17103   0.15811  -0.2076  0.8721  1.0000  -0.9459   0.0000   0.4661
  12.000   0.9603   0.18502   0.17209  -0.2129  0.8076  1.0000  -1.0128   0.0000   0.4545
  13.000   1.0114   0.19792   0.18510  -0.2163  0.7475  1.0000  -1.0781   0.0000   0.4450
  14.000   1.0627   0.21618   0.20371  -0.2208  0.7037  1.0000  -1.1582   0.0000   0.4371
  15.000   1.0925   0.22396   0.21173  -0.2228  0.6494  1.0000  -1.2170   0.0000   0.4314
  16.000   1.1591   0.25647   0.24457  -0.2281  0.6005  1.0000  -1.3268   0.0000   0.4225
  17.000   1.1780   0.26644   0.25486  -0.2308  0.5626  1.0000  -1.3440   0.0000   0.4195
  18.000   1.1909   0.27558   0.26470  -0.2336  0.5218  1.0000  -1.3544   0.0000   0.4177
  19.000   1.2141   0.29422   0.28375  -0.2372  0.4856  1.0000  -1.3803   0.0000   0.4147
  20.000   1.2434   0.31957   0.30953  -0.2407  0.4520  1.0000  -1.4012   0.0000   0.4108
  22.000   1.2364   0.34806   0.33889  -0.2444  0.3922  1.0000  -1.3606   0.0000   0.4102
  24.000   1.0650   0.34419   0.33683  -0.2155  0.3439  1.0000  -1.0781   0.0000   0.4123


