XFLR5 v6.09.05 beta

 Calculated polar for: -5s1223

 1 1 Reynolds number fixed          Mach number fixed         

 xtrf =   1.000 (top)        1.000 (bottom)
 Mach =   0.000     Re =     0.230 e 6     Ncrit =   9.000

  alpha     CL        CD       CDp       Cm    Top Xtr Bot Xtr   Cpmin    Chinge    XCp    
 ------- -------- --------- --------- -------- ------- ------- -------- --------- ---------
   0.000   0.8723   0.01756   0.00907  -0.2264  0.4810  0.0399  -1.2604   0.0000   0.5069
   1.000   1.0183   0.01693   0.00790  -0.2331  0.4537  0.0512  -1.3918   0.0000   0.4748
   2.000   1.1482   0.01709   0.00866  -0.2363  0.4402  0.3586  -1.5292   0.0000   0.4502
   3.000   1.2692   0.01775   0.00929  -0.2379  0.4253  0.4363  -1.6633   0.0000   0.4302
   4.000   1.3744   0.01839   0.01084  -0.2359  0.4133  0.8946  -1.7839   0.0000   0.4128
   5.000   1.4766   0.01947   0.01184  -0.2335  0.4034  1.0000  -1.9143   0.0000   0.3977
   6.000   1.5862   0.02091   0.01323  -0.2331  0.3924  1.0000  -2.0674   0.0000   0.3848
   7.000   1.6929   0.02351   0.01585  -0.2327  0.3808  1.0000  -2.2421   0.0000   0.3736
   8.000   1.7904   0.02483   0.01740  -0.2300  0.3704  1.0000  -2.4367   0.0000   0.3628
   9.000   1.8877   0.02602   0.01877  -0.2275  0.3572  1.0000  -2.7058   0.0000   0.3528
  10.000   1.9764   0.02850   0.02153  -0.2240  0.3440  1.0000  -3.0414   0.0000   0.3436
  11.000   2.0557   0.02931   0.02270  -0.2181  0.3286  1.0000  -3.3787   0.0000   0.3343
  12.000   2.1214   0.03068   0.02429  -0.2101  0.3103  1.0000  -3.7034   0.0000   0.3250
  13.000   2.1597   0.03223   0.02621  -0.1972  0.2937  1.0000  -4.0195   0.0000   0.3151
  14.000   2.1861   0.03542   0.02985  -0.1842  0.2746  1.0000  -4.3158   0.0000   0.3058
  15.000   2.1908   0.04067   0.03550  -0.1711  0.2503  1.0000  -4.5645   0.0000   0.2972
  16.000   2.1585   0.05216   0.04737  -0.1617  0.2187  1.0000  -4.7095   0.0000   0.2914
  17.000   2.0772   0.07369   0.06923  -0.1598  0.1865  1.0000  -4.6978   0.0000   0.2906
  18.000   1.9802   0.10091   0.09673  -0.1645  0.1593  1.0000  -4.6016   0.0000   0.2940
  19.000   1.9080   0.12534   0.12130  -0.1722  0.1338  1.0000  -4.5411   0.0000   0.2984
  20.000   1.8619   0.14538   0.14147  -0.1812  0.1114  1.0000  -4.5652   0.0000   0.3027
  21.000   1.8332   0.16412   0.16037  -0.1905  0.0932  1.0000  -4.6670   0.0000   0.3064


