XFLR5 v6.09.05 beta

 Calculated polar for: -5s1223

 1 1 Reynolds number fixed          Mach number fixed         

 xtrf =   1.000 (top)        1.000 (bottom)
 Mach =   0.000     Re =     0.340 e 6     Ncrit =   9.000

  alpha     CL        CD       CDp       Cm    Top Xtr Bot Xtr   Cpmin    Chinge    XCp    
 ------- -------- --------- --------- -------- ------- ------- -------- --------- ---------
   1.000   1.0185   0.01467   0.00634  -0.2328  0.4297  0.0412  -1.4039   0.0000   0.4744
   2.000   1.1569   0.01478   0.00678  -0.2380  0.4137  0.3118  -1.5472   0.0000   0.4500
   3.000   1.2749   0.01523   0.00735  -0.2388  0.4018  0.3922  -1.6825   0.0000   0.4300
   4.000   1.3987   0.01595   0.00842  -0.2412  0.3888  0.6133  -1.8229   0.0000   0.4135
   5.000   1.4894   0.01666   0.00958  -0.2360  0.3800  1.0000  -1.9419   0.0000   0.3979
   6.000   1.5987   0.01763   0.01061  -0.2353  0.3718  1.0000  -2.0942   0.0000   0.3849
   7.000   1.7046   0.01871   0.01167  -0.2341  0.3619  1.0000  -2.2719   0.0000   0.3733
   8.000   1.8099   0.02074   0.01367  -0.2334  0.3481  1.0000  -2.4753   0.0000   0.3630
   9.000   1.9050   0.02159   0.01489  -0.2302  0.3399  1.0000  -2.7512   0.0000   0.3530
  10.000   1.9939   0.02248   0.01588  -0.2260  0.3268  1.0000  -3.0945   0.0000   0.3434
  11.000   2.0729   0.02381   0.01748  -0.2202  0.3103  1.0000  -3.4330   0.0000   0.3342
  12.000   2.1344   0.02501   0.01894  -0.2110  0.2953  1.0000  -3.7539   0.0000   0.3247
  13.000   2.1887   0.02711   0.02136  -0.2014  0.2783  1.0000  -4.1073   0.0000   0.3156
  14.000   2.2247   0.03009   0.02461  -0.1897  0.2514  1.0000  -4.4307   0.0000   0.3066
  16.000   2.1519   0.05403   0.04871  -0.1662  0.1601  1.0000  -4.7154   0.0000   0.2935
  17.000   2.0620   0.07845   0.07356  -0.1658  0.1369  1.0000  -4.6749   0.0000   0.2939
  18.000   1.9701   0.10595   0.10148  -0.1709  0.1189  1.0000  -4.5912   0.0000   0.2976
  19.000   1.9033   0.13009   0.12590  -0.1785  0.1018  1.0000  -4.5489   0.0000   0.3019
  20.000   1.8632   0.14929   0.14527  -0.1868  0.0862  1.0000  -4.5866   0.0000   0.3056
  21.000   1.8461   0.16580   0.16201  -0.1946  0.0750  1.0000  -4.7368   0.0000   0.3078
  22.000   1.8347   0.18229   0.17880  -0.2025  0.0665  1.0000  -5.1783   0.0000   0.3097


