XFLR5 v6.09.05 beta

 Calculated polar for: -5s1223

 1 1 Reynolds number fixed          Mach number fixed         

 xtrf =   1.000 (top)        1.000 (bottom)
 Mach =   0.000     Re =     0.195 e 6     Ncrit =   9.000

  alpha     CL        CD       CDp       Cm    Top Xtr Bot Xtr   Cpmin    Chinge    XCp    
 ------- -------- --------- --------- -------- ------- ------- -------- --------- ---------
   0.000   0.8634   0.01951   0.01078  -0.2244  0.4944  0.0456  -1.2516   0.0000   0.5074
   1.000   1.0138   0.01754   0.00846  -0.2322  0.4704  0.0582  -1.3842   0.0000   0.4750
   2.000   1.1481   0.01846   0.00980  -0.2366  0.4514  0.3808  -1.5223   0.0000   0.4505
   3.000   1.2669   0.01906   0.01048  -0.2376  0.4380  0.4574  -1.6517   0.0000   0.4305
   4.000   1.3573   0.01921   0.01144  -0.2321  0.4247  1.0000  -1.7631   0.0000   0.4123
   5.000   1.4720   0.02147   0.01352  -0.2329  0.4138  1.0000  -1.9001   0.0000   0.3979
   6.000   1.5781   0.02310   0.01529  -0.2319  0.4031  1.0000  -2.0480   0.0000   0.3849
   7.000   1.6834   0.02482   0.01696  -0.2308  0.3917  1.0000  -2.2255   0.0000   0.3733
   8.000   1.7808   0.02783   0.02013  -0.2289  0.3793  1.0000  -2.4156   0.0000   0.3629
   9.000   1.8709   0.02934   0.02210  -0.2250  0.3661  1.0000  -2.6648   0.0000   0.3528
  10.000   1.9667   0.03126   0.02402  -0.2227  0.3518  1.0000  -3.0141   0.0000   0.3436
  11.000   2.0362   0.03328   0.02656  -0.2155  0.3369  1.0000  -3.3279   0.0000   0.3342
  12.000   2.1184   0.03420   0.02754  -0.2106  0.3159  1.0000  -3.6843   0.0000   0.3255
  13.000   2.1408   0.03587   0.02986  -0.1951  0.3004  1.0000  -3.9621   0.0000   0.3150
  14.000   2.1695   0.03855   0.03280  -0.1824  0.2817  1.0000  -4.2638   0.0000   0.3057
  15.000   2.1669   0.04365   0.03841  -0.1684  0.2591  1.0000  -4.4940   0.0000   0.2969
  16.000   2.1317   0.05506   0.05026  -0.1592  0.2315  1.0000  -4.6286   0.0000   0.2912
  17.000   2.0589   0.07504   0.07050  -0.1572  0.2001  1.0000  -4.6374   0.0000   0.2901
  18.000   1.9693   0.10096   0.09678  -0.1620  0.1716  1.0000  -4.5575   0.0000   0.2932
  19.000   1.9060   0.12367   0.11970  -0.1691  0.1456  1.0000  -4.5198   0.0000   0.2969
  20.000   1.8694   0.14172   0.13789  -0.1769  0.1230  1.0000  -4.5736   0.0000   0.3000


