XFLR5 v6.09.05 beta

 Calculated polar for: -5s1223

 1 1 Reynolds number fixed          Mach number fixed         

 xtrf =   1.000 (top)        1.000 (bottom)
 Mach =   0.000     Re =     0.335 e 6     Ncrit =   9.000

  alpha     CL        CD       CDp       Cm    Top Xtr Bot Xtr   Cpmin    Chinge    XCp    
 ------- -------- --------- --------- -------- ------- ------- -------- --------- ---------
   0.000   0.8736   0.01598   0.00795  -0.2260  0.4508  0.0302  -1.2696   0.0000   0.5061
   1.000   1.0182   0.01473   0.00639  -0.2327  0.4308  0.0415  -1.4033   0.0000   0.4744
   2.000   1.1566   0.01488   0.00685  -0.2380  0.4144  0.3129  -1.5465   0.0000   0.4500
   3.000   1.2747   0.01532   0.00742  -0.2388  0.4026  0.3936  -1.6818   0.0000   0.4300
   4.000   1.3984   0.01598   0.00845  -0.2412  0.3900  0.6203  -1.8223   0.0000   0.4135
   5.000   1.4891   0.01679   0.00968  -0.2359  0.3805  1.0000  -1.9411   0.0000   0.3979
   6.000   1.5984   0.01776   0.01072  -0.2353  0.3725  1.0000  -2.0933   0.0000   0.3849
   7.000   1.7042   0.01885   0.01179  -0.2341  0.3626  1.0000  -2.2710   0.0000   0.3733
   8.000   1.8097   0.02093   0.01383  -0.2334  0.3484  1.0000  -2.4744   0.0000   0.3631
   9.000   1.9046   0.02177   0.01505  -0.2302  0.3405  1.0000  -2.7498   0.0000   0.3530
  10.000   1.9935   0.02264   0.01603  -0.2260  0.3274  1.0000  -3.0931   0.0000   0.3434
  11.000   2.0727   0.02400   0.01764  -0.2202  0.3109  1.0000  -3.4319   0.0000   0.3342
  12.000   2.1338   0.02517   0.01910  -0.2110  0.2959  1.0000  -3.7520   0.0000   0.3247
  13.000   2.1873   0.02729   0.02152  -0.2012  0.2789  1.0000  -4.1035   0.0000   0.3156
  14.000   2.2226   0.03028   0.02479  -0.1894  0.2528  1.0000  -4.4252   0.0000   0.3065
  15.000   2.2091   0.03773   0.03223  -0.1744  0.2030  1.0000  -4.6357   0.0000   0.2978
  16.000   2.1536   0.05377   0.04846  -0.1661  0.1623  1.0000  -4.7192   0.0000   0.2934
  17.000   2.0633   0.07817   0.07329  -0.1656  0.1387  1.0000  -4.6781   0.0000   0.2938
  18.000   1.9698   0.10588   0.10142  -0.1707  0.1203  1.0000  -4.5898   0.0000   0.2975
  19.000   1.9018   0.13021   0.12602  -0.1784  0.1026  1.0000  -4.5436   0.0000   0.3019
  20.000   1.8615   0.14946   0.14542  -0.1868  0.0866  1.0000  -4.5796   0.0000   0.3057
  21.000   1.8460   0.16568   0.16190  -0.1944  0.0757  1.0000  -4.7361   0.0000   0.3077
  22.000   1.8336   0.18236   0.17886  -0.2024  0.0669  1.0000  -5.1672   0.0000   0.3097


