XFLR5 v6.09.05 beta

 Calculated polar for: -5s1223

 1 1 Reynolds number fixed          Mach number fixed         

 xtrf =   1.000 (top)        1.000 (bottom)
 Mach =   0.000     Re =     0.110 e 6     Ncrit =   9.000

  alpha     CL        CD       CDp       Cm    Top Xtr Bot Xtr   Cpmin    Chinge    XCp    
 ------- -------- --------- --------- -------- ------- ------- -------- --------- ---------
   0.000   0.8627   0.02321   0.01413  -0.2266  0.5583  0.0774  -1.2295   0.0000   0.5104
   2.000   1.1284   0.02352   0.01451  -0.2335  0.5071  0.4556  -1.4770   0.0000   0.4518
   3.000   1.2487   0.02545   0.01632  -0.2354  0.4895  0.5562  -1.5979   0.0000   0.4318
   4.000   1.3250   0.02619   0.01782  -0.2274  0.4749  1.0000  -1.6909   0.0000   0.4134
   5.000   1.4333   0.02899   0.02031  -0.2272  0.4613  1.0000  -1.8210   0.0000   0.3986
   6.000   1.5263   0.03349   0.02492  -0.2249  0.4488  1.0000  -1.9492   0.0000   0.3859
   7.000   1.6071   0.03758   0.02944  -0.2206  0.4344  1.0000  -2.0902   0.0000   0.3742
   8.000   1.7018   0.04145   0.03324  -0.2184  0.4199  1.0000  -2.2730   0.0000   0.3634
  10.000   1.8101   0.05184   0.04475  -0.2028  0.3879  1.0000  -2.6674   0.0000   0.3435
  11.000   1.4336   0.10446   0.09840  -0.1819  0.3523  1.0000  -2.0399   0.0000   0.3575
  12.000   1.6701   0.08220   0.07625  -0.1706  0.3492  1.0000  -2.6958   0.0000   0.3299


