XFLR5 v6.09.05 beta

 Calculated polar for: -5s1223

 1 1 Reynolds number fixed          Mach number fixed         

 xtrf =   1.000 (top)        1.000 (bottom)
 Mach =   0.000     Re =     0.135 e 6     Ncrit =   9.000

  alpha     CL        CD       CDp       Cm    Top Xtr Bot Xtr   Cpmin    Chinge    XCp    
 ------- -------- --------- --------- -------- ------- ------- -------- --------- ---------
   0.000   0.8647   0.02160   0.01250  -0.2260  0.5328  0.0669  -1.2402   0.0000   0.5090
   1.000   1.0118   0.02001   0.01047  -0.2325  0.5052  0.0810  -1.3678   0.0000   0.4759
   2.000   1.1384   0.02157   0.01261  -0.2351  0.4853  0.4261  -1.4972   0.0000   0.4512
   3.000   1.2569   0.02247   0.01361  -0.2363  0.4692  0.5162  -1.6205   0.0000   0.4311
   4.000   1.3432   0.02388   0.01553  -0.2303  0.4534  1.0000  -1.7237   0.0000   0.4130
   5.000   1.4490   0.02604   0.01768  -0.2294  0.4429  1.0000  -1.8514   0.0000   0.3983
   6.000   1.5517   0.02847   0.02020  -0.2280  0.4299  1.0000  -1.9954   0.0000   0.3852
   7.000   1.6493   0.03272   0.02444  -0.2264  0.4168  1.0000  -2.1597   0.0000   0.3739
   8.000   1.7310   0.03564   0.02781  -0.2217  0.4039  1.0000  -2.3261   0.0000   0.3629
   9.000   1.8229   0.03796   0.03041  -0.2185  0.3893  1.0000  -2.5548   0.0000   0.3528
  10.000   1.8822   0.04305   0.03602  -0.2112  0.3741  1.0000  -2.8226   0.0000   0.3432
  11.000   1.9553   0.04492   0.03816  -0.2050  0.3571  1.0000  -3.1369   0.0000   0.3338
  12.000   1.9880   0.04953   0.04338  -0.1937  0.3394  1.0000  -3.3801   0.0000   0.3242
  13.000   2.0837   0.04760   0.04139  -0.1897  0.3183  1.0000  -3.7894   0.0000   0.3154
  14.000   1.6410   0.10553   0.10066  -0.1698  0.2879  1.0000  -2.9100   0.0000   0.3264
  15.000   2.0083   0.06296   0.05796  -0.1582  0.2798  1.0000  -4.0550   0.0000   0.2984
  16.000   2.0230   0.06922   0.06449  -0.1537  0.2547  1.0000  -4.3045   0.0000   0.2929
  17.000   1.9515   0.08930   0.08497  -0.1546  0.2267  1.0000  -4.2962   0.0000   0.2934


