XFLR5 v6.09.05 beta

 Calculated polar for: -5s1223

 1 1 Reynolds number fixed          Mach number fixed         

 xtrf =   1.000 (top)        1.000 (bottom)
 Mach =   0.000     Re =     0.160 e 6     Ncrit =   9.000

  alpha     CL        CD       CDp       Cm    Top Xtr Bot Xtr   Cpmin    Chinge    XCp    
 ------- -------- --------- --------- -------- ------- ------- -------- --------- ---------
   0.000   0.8652   0.02032   0.01155  -0.2258  0.5148  0.0603  -1.2462   0.0000   0.5085
   1.000   1.0147   0.01911   0.00964  -0.2327  0.4874  0.0674  -1.3771   0.0000   0.4754
   2.000   1.1411   0.01982   0.01100  -0.2352  0.4692  0.4020  -1.5088   0.0000   0.4507
   3.000   1.2655   0.02129   0.01239  -0.2378  0.4526  0.4889  -1.6384   0.0000   0.4309
   4.000   1.3491   0.02134   0.01340  -0.2309  0.4406  1.0000  -1.7397   0.0000   0.4126
   5.000   1.4617   0.02321   0.01499  -0.2311  0.4283  1.0000  -1.8794   0.0000   0.3979
   6.000   1.5678   0.02647   0.01827  -0.2306  0.4160  1.0000  -2.0242   0.0000   0.3853
   7.000   1.6643   0.02864   0.02070  -0.2281  0.4051  1.0000  -2.1890   0.0000   0.3735
   8.000   1.7625   0.03064   0.02276  -0.2259  0.3919  1.0000  -2.3822   0.0000   0.3627
   9.000   1.8488   0.03430   0.02685  -0.2223  0.3783  1.0000  -2.6109   0.0000   0.3529
  10.000   1.9259   0.03653   0.02950  -0.2166  0.3633  1.0000  -2.9213   0.0000   0.3432
  11.000   2.0119   0.03903   0.03209  -0.2128  0.3468  1.0000  -3.2634   0.0000   0.3344
  12.000   2.0649   0.04028   0.03396  -0.2029  0.3289  1.0000  -3.5572   0.0000   0.3247
  13.000   2.1097   0.04170   0.03563  -0.1918  0.3098  1.0000  -3.8706   0.0000   0.3151
  14.000   2.1298   0.04381   0.03808  -0.1779  0.2906  1.0000  -4.1513   0.0000   0.3053
  15.000   2.1044   0.05121   0.04621  -0.1632  0.2700  1.0000  -4.3180   0.0000   0.2970
  16.000   2.0682   0.06292   0.05836  -0.1560  0.2457  1.0000  -4.4415   0.0000   0.2922
  17.000   1.9923   0.08405   0.07989  -0.1563  0.2170  1.0000  -4.4280   0.0000   0.2924
  18.000   1.9095   0.10919   0.10528  -0.1626  0.1861  1.0000  -4.3536   0.0000   0.2964
  19.000   1.8695   0.12786   0.12398  -0.1689  0.1571  1.0000  -4.3784   0.0000   0.2987


