XFLR5 v6.09.05 beta

 Calculated polar for: -5s1223

 1 1 Reynolds number fixed          Mach number fixed         

 xtrf =   1.000 (top)        1.000 (bottom)
 Mach =   0.000     Re =     0.265 e 6     Ncrit =   9.000

  alpha     CL        CD       CDp       Cm    Top Xtr Bot Xtr   Cpmin    Chinge    XCp    
 ------- -------- --------- --------- -------- ------- ------- -------- --------- ---------
   0.000   0.8753   0.01651   0.00819  -0.2268  0.4696  0.0356  -1.2658   0.0000   0.5066
   1.000   1.0130   0.01610   0.00744  -0.2317  0.4466  0.0456  -1.3927   0.0000   0.4746
   2.000   1.1507   0.01601   0.00776  -0.2368  0.4301  0.3436  -1.5366   0.0000   0.4501
   3.000   1.2731   0.01704   0.00875  -0.2387  0.4151  0.4192  -1.6707   0.0000   0.4303
   4.000   1.3864   0.01725   0.00989  -0.2385  0.4048  0.8380  -1.8014   0.0000   0.4131
   5.000   1.4803   0.01806   0.01061  -0.2341  0.3946  1.0000  -1.9262   0.0000   0.3976
   6.000   1.5937   0.02031   0.01279  -0.2347  0.3820  1.0000  -2.0785   0.0000   0.3851
   7.000   1.6974   0.02146   0.01409  -0.2331  0.3744  1.0000  -2.2538   0.0000   0.3734
   8.000   1.7981   0.02266   0.01536  -0.2311  0.3628  1.0000  -2.4538   0.0000   0.3627
   9.000   1.8976   0.02509   0.01795  -0.2295  0.3482  1.0000  -2.7275   0.0000   0.3532
  10.000   1.9837   0.02596   0.01917  -0.2248  0.3375  1.0000  -3.0633   0.0000   0.3435
  11.000   2.0661   0.02688   0.02021  -0.2195  0.3208  1.0000  -3.4087   0.0000   0.3343
  12.000   2.1253   0.02831   0.02208  -0.2101  0.3049  1.0000  -3.7199   0.0000   0.3248
  13.000   2.1711   0.03019   0.02412  -0.1988  0.2868  1.0000  -4.0550   0.0000   0.3153
  14.000   2.2030   0.03303   0.02756  -0.1865  0.2677  1.0000  -4.3654   0.0000   0.3061
  15.000   2.2087   0.03849   0.03332  -0.1733  0.2390  1.0000  -4.6183   0.0000   0.2975
  17.000   2.0766   0.07466   0.07002  -0.1620  0.1695  1.0000  -4.7052   0.0000   0.2916
  18.000   1.9781   0.10256   0.09827  -0.1670  0.1452  1.0000  -4.6046   0.0000   0.2953
  19.000   1.9052   0.12742   0.12336  -0.1749  0.1218  1.0000  -4.5430   0.0000   0.2999
  20.000   1.8601   0.14747   0.14356  -0.1838  0.1009  1.0000  -4.5676   0.0000   0.3042
  21.000   1.8340   0.16555   0.16174  -0.1926  0.0849  1.0000  -4.6781   0.0000   0.3075
  22.000   1.8237   0.18195   0.17844  -0.2005  0.0749  1.0000  -5.0532   0.0000   0.3093


