XFLR5 v6.09.05 beta

 Calculated polar for: 0s1223

 1 1 Reynolds number fixed          Mach number fixed         

 xtrf =   1.000 (top)        1.000 (bottom)
 Mach =   0.000     Re =     0.195 e 6     Ncrit =   9.000

  alpha     CL        CD       CDp       Cm    Top Xtr Bot Xtr   Cpmin    Chinge    XCp    
 ------- -------- --------- --------- -------- ------- ------- -------- --------- ---------
   0.000   1.1892   0.01797   0.00933  -0.2718  0.4811  0.2443  -1.4910   0.0000   0.4762
   1.000   1.3018   0.01949   0.01079  -0.2713  0.4594  0.3783  -1.6193   0.0000   0.4544
   2.000   1.4261   0.02065   0.01197  -0.2737  0.4445  0.4444  -1.7558   0.0000   0.4362
   3.000   1.5427   0.02167   0.01325  -0.2744  0.4293  0.6009  -1.8914   0.0000   0.4205
   4.000   1.6442   0.02344   0.01531  -0.2721  0.4162  1.0000  -2.0196   0.0000   0.4065
   5.000   1.7460   0.02514   0.01717  -0.2702  0.4074  1.0000  -2.1650   0.0000   0.3940
   6.000   1.8443   0.02696   0.01902  -0.2677  0.3955  1.0000  -2.3364   0.0000   0.3825
   7.000   1.9452   0.03027   0.02234  -0.2665  0.3814  1.0000  -2.5363   0.0000   0.3724
   8.000   2.0207   0.03185   0.02447  -0.2596  0.3703  1.0000  -2.7850   0.0000   0.3619
   9.000   2.0997   0.03353   0.02631  -0.2536  0.3568  1.0000  -3.1126   0.0000   0.3522
  10.000   2.1585   0.03639   0.02963  -0.2445  0.3416  1.0000  -3.4134   0.0000   0.3426
  11.000   2.1890   0.03772   0.03125  -0.2297  0.3246  1.0000  -3.6769   0.0000   0.3321
  12.000   2.2133   0.04108   0.03502  -0.2157  0.3077  1.0000  -3.9538   0.0000   0.3224
  13.000   2.2272   0.04482   0.03914  -0.2017  0.2897  1.0000  -4.2259   0.0000   0.3131
  14.000   2.2156   0.05183   0.04683  -0.1879  0.2694  1.0000  -4.4356   0.0000   0.3048
  15.000   2.1933   0.06225   0.05766  -0.1782  0.2436  1.0000  -4.6118   0.0000   0.2985


