XFLR5 v6.09.05 beta

 Calculated polar for: 0s1223

 1 1 Reynolds number fixed          Mach number fixed         

 xtrf =   1.000 (top)        1.000 (bottom)
 Mach =   0.000     Re =     0.255 e 6     Ncrit =   9.000

  alpha     CL        CD       CDp       Cm    Top Xtr Bot Xtr   Cpmin    Chinge    XCp    
 ------- -------- --------- --------- -------- ------- ------- -------- --------- ---------
   0.000   1.1671   0.01706   0.00828  -0.2666  0.4571  0.0520  -1.4854   0.0000   0.4760
   1.000   1.2974   0.01771   0.00946  -0.2702  0.4401  0.3508  -1.6243   0.0000   0.4541
   2.000   1.4191   0.01873   0.01031  -0.2719  0.4237  0.4083  -1.7633   0.0000   0.4358
   3.000   1.5417   0.01987   0.01173  -0.2740  0.4111  0.5487  -1.9034   0.0000   0.4203
   5.000   1.7442   0.02208   0.01443  -0.2692  0.3899  1.0000  -2.1796   0.0000   0.3934
   6.000   1.8524   0.02435   0.01674  -0.2690  0.3789  1.0000  -2.3567   0.0000   0.3824
   7.000   1.9405   0.02577   0.01836  -0.2643  0.3686  1.0000  -2.5457   0.0000   0.3715
   8.000   2.0244   0.02723   0.01999  -0.2590  0.3557  1.0000  -2.8092   0.0000   0.3613
   9.000   2.1035   0.02967   0.02272  -0.2534  0.3431  1.0000  -3.1354   0.0000   0.3518
  10.000   2.1500   0.03115   0.02459  -0.2411  0.3292  1.0000  -3.4189   0.0000   0.3413
  11.000   2.1972   0.03345   0.02707  -0.2300  0.3117  1.0000  -3.7119   0.0000   0.3317
  12.000   2.2262   0.03636   0.03047  -0.2166  0.2967  1.0000  -4.0046   0.0000   0.3220
  13.000   2.2500   0.04063   0.03507  -0.2044  0.2787  1.0000  -4.2987   0.0000   0.3132
  14.000   2.2517   0.04700   0.04180  -0.1918  0.2546  1.0000  -4.5446   0.0000   0.3050
  15.000   2.2261   0.05847   0.05365  -0.1818  0.2201  1.0000  -4.7167   0.0000   0.2988
  16.000   2.1539   0.07930   0.07473  -0.1775  0.1823  1.0000  -4.7466   0.0000   0.2966


