XFLR5 v6.09.05 beta

 Calculated polar for: 0s1223

 1 1 Reynolds number fixed          Mach number fixed         

 xtrf =   1.000 (top)        1.000 (bottom)
 Mach =   0.000     Re =     0.300 e 6     Ncrit =   9.000

  alpha     CL        CD       CDp       Cm    Top Xtr Bot Xtr   Cpmin    Chinge    XCp    
 ------- -------- --------- --------- -------- ------- ------- -------- --------- ---------
   0.000   1.1597   0.01627   0.00787  -0.2650  0.4473  0.0454  -1.4845   0.0000   0.4760
   1.000   1.2927   0.01675   0.00869  -0.2691  0.4285  0.3358  -1.6258   0.0000   0.4540
   2.000   1.4187   0.01781   0.00970  -0.2718  0.4134  0.3938  -1.7677   0.0000   0.4358
   3.000   1.5333   0.01860   0.01072  -0.2721  0.4018  0.5175  -1.9049   0.0000   0.4199
   5.000   1.7489   0.02118   0.01380  -0.2702  0.3798  1.0000  -2.1882   0.0000   0.3935
   6.000   1.8446   0.02244   0.01517  -0.2669  0.3715  1.0000  -2.3553   0.0000   0.3819
   7.000   1.9326   0.02379   0.01656  -0.2622  0.3606  1.0000  -2.5442   0.0000   0.3709
   8.000   2.0306   0.02609   0.01904  -0.2602  0.3465  1.0000  -2.8248   0.0000   0.3614
   9.000   2.0894   0.02740   0.02069  -0.2499  0.3366  1.0000  -3.1192   0.0000   0.3509
  10.000   2.1453   0.02906   0.02252  -0.2397  0.3209  1.0000  -3.4204   0.0000   0.3408
  11.000   2.1938   0.03146   0.02532  -0.2289  0.3063  1.0000  -3.7141   0.0000   0.3313
  12.000   2.2326   0.03438   0.02851  -0.2174  0.2901  1.0000  -4.0294   0.0000   0.3220
  13.000   2.2639   0.03852   0.03316  -0.2063  0.2717  1.0000  -4.3404   0.0000   0.3134
  14.000   2.2669   0.04532   0.04018  -0.1941  0.2392  1.0000  -4.5914   0.0000   0.3054
  15.000   2.2220   0.05930   0.05422  -0.1832  0.1936  1.0000  -4.7174   0.0000   0.2995
  16.000   2.1434   0.08187   0.07707  -0.1798  0.1586  1.0000  -4.7269   0.0000   0.2980
  17.000   2.0492   0.10913   0.10472  -0.1840  0.1348  1.0000  -4.6519   0.0000   0.3010


