XFLR5 v6.09.05 beta

 Calculated polar for: 0s1223

 1 1 Reynolds number fixed          Mach number fixed         

 xtrf =   1.000 (top)        1.000 (bottom)
 Mach =   0.000     Re =     0.315 e 6     Ncrit =   9.000

  alpha     CL        CD       CDp       Cm    Top Xtr Bot Xtr   Cpmin    Chinge    XCp    
 ------- -------- --------- --------- -------- ------- ------- -------- --------- ---------
   0.000   1.1594   0.01600   0.00770  -0.2649  0.4444  0.0444  -1.4856   0.0000   0.4760
   1.000   1.2930   0.01658   0.00852  -0.2692  0.4242  0.3305  -1.6270   0.0000   0.4540
   2.000   1.4152   0.01745   0.00944  -0.2710  0.4112  0.3884  -1.7668   0.0000   0.4357
   3.000   1.5291   0.01827   0.01043  -0.2711  0.3992  0.5067  -1.9039   0.0000   0.4198
   4.000   1.6448   0.01938   0.01200  -0.2717  0.3862  0.8472  -2.0439   0.0000   0.4059
   6.000   1.8415   0.02195   0.01476  -0.2662  0.3692  1.0000  -2.3539   0.0000   0.3817
   7.000   1.9288   0.02332   0.01614  -0.2613  0.3582  1.0000  -2.5418   0.0000   0.3707
   8.000   2.0241   0.02546   0.01852  -0.2587  0.3453  1.0000  -2.8159   0.0000   0.3611
   9.000   2.0865   0.02682   0.02017  -0.2492  0.3346  1.0000  -3.1166   0.0000   0.3507
  10.000   2.1505   0.02882   0.02226  -0.2407  0.3163  1.0000  -3.4314   0.0000   0.3410
  11.000   2.1942   0.03092   0.02484  -0.2288  0.3045  1.0000  -3.7171   0.0000   0.3312
  12.000   2.2339   0.03398   0.02810  -0.2176  0.2876  1.0000  -4.0350   0.0000   0.3220
  13.000   2.2684   0.03794   0.03260  -0.2069  0.2692  1.0000  -4.3532   0.0000   0.3135
  14.000   2.2654   0.04535   0.04011  -0.1943  0.2319  1.0000  -4.5915   0.0000   0.3054
  15.000   2.2198   0.05973   0.05458  -0.1836  0.1845  1.0000  -4.7144   0.0000   0.2997
  16.000   2.1343   0.08354   0.07867  -0.1806  0.1522  1.0000  -4.7037   0.0000   0.2987
  17.000   2.0422   0.11062   0.10615  -0.1850  0.1294  1.0000  -4.6326   0.0000   0.3017


