XFLR5 v6.09.05 beta

 Calculated polar for: 0s1223

 1 1 Reynolds number fixed          Mach number fixed         

 xtrf =   1.000 (top)        1.000 (bottom)
 Mach =   0.000     Re =     0.005 e 6     Ncrit =   9.000

  alpha     CL        CD       CDp       Cm    Top Xtr Bot Xtr   Cpmin    Chinge    XCp    
 ------- -------- --------- --------- -------- ------- ------- -------- --------- ---------
   0.000  -0.0150   0.10393   0.08934  -0.0119  1.0000  1.0000  -0.9792   0.0000  -0.6209
   1.000  -0.0373   0.10175   0.08775  -0.0085  1.0000  1.0000  -1.0027   0.0000  -0.0036
   2.000  -0.0594   0.09841   0.08495  -0.0054  1.0000  1.0000  -1.0333   0.0000   0.1460
   3.000  -0.0816   0.09355   0.08061  -0.0026  1.0000  1.0000  -1.0929   0.0000   0.2108
   4.000  -0.0855   0.08760   0.07500  -0.0046  1.0000  1.0000  -1.1557   0.0000   0.1903
   5.000   0.4651   0.11636   0.09673  -0.1461  1.0000  1.0000  -0.9982   0.0000   0.5572
   6.000   0.5803   0.13042   0.10753  -0.1643  1.0000  1.0000  -0.7649   0.0000   0.5244
   7.000   0.6570   0.14267   0.11775  -0.1732  1.0000  1.0000  -0.8052   0.0000   0.5032
   8.000   0.7215   0.15480   0.12868  -0.1799  1.0000  1.0000  -0.8423   0.0000   0.4870
   9.000   0.7793   0.16713   0.14028  -0.1856  1.0000  1.0000  -0.8831   0.0000   0.4741
  10.000   0.8323   0.17987   0.15270  -0.1911  1.0000  1.0000  -0.9242   0.0000   0.4637
  11.000   0.8813   0.19306   0.16571  -0.1965  1.0000  1.0000  -0.9656   0.0000   0.4551
  12.000   0.9268   0.20677   0.17951  -0.2019  1.0000  1.0000  -1.0116   0.0000   0.4481
  13.000   0.9692   0.22110   0.19413  -0.2076  1.0000  1.0000  -1.0622   0.0000   0.4424
  14.000   1.0087   0.23611   0.20991  -0.2135  1.0000  1.0000  -1.1139   0.0000   0.4378
  15.000   1.0456   0.25188   0.22620  -0.2197  1.0000  1.0000  -1.1653   0.0000   0.4341
  16.000   1.0802   0.26836   0.24331  -0.2262  1.0000  1.0000  -1.2173   0.0000   0.4312
  17.000   1.1127   0.28561   0.26128  -0.2329  1.0000  1.0000  -1.2631   0.0000   0.4288
  18.000   1.1428   0.30387   0.28032  -0.2399  1.0000  1.0000  -1.2912   0.0000   0.4269
  19.000   1.1707   0.32319   0.30118  -0.2468  1.0000  1.0000  -1.3203   0.0000   0.4253
  20.000   1.1963   0.34348   0.32234  -0.2539  1.0000  1.0000  -1.3458   0.0000   0.4241
  21.000   1.2194   0.36468   0.34444  -0.2608  1.0000  1.0000  -1.3536   0.0000   0.4231
  22.000   1.2401   0.38674   0.36740  -0.2676  1.0000  1.0000  -1.3772   0.0000   0.4222
  25.000   1.2583   0.44952   0.43407  -0.2806  0.9458  1.0000  -1.3865   0.0000   0.4208


