XFLR5 v6.09.05 beta

 Calculated polar for: 0s1223

 1 1 Reynolds number fixed          Mach number fixed         

 xtrf =   1.000 (top)        1.000 (bottom)
 Mach =   0.000     Re =     0.250 e 6     Ncrit =   9.000

  alpha     CL        CD       CDp       Cm    Top Xtr Bot Xtr   Cpmin    Chinge    XCp    
 ------- -------- --------- --------- -------- ------- ------- -------- --------- ---------
   0.000   1.1664   0.01709   0.00831  -0.2665  0.4595  0.0531  -1.4846   0.0000   0.4760
   1.000   1.2981   0.01785   0.00957  -0.2703  0.4414  0.3526  -1.6241   0.0000   0.4542
   2.000   1.4188   0.01879   0.01037  -0.2719  0.4256  0.4115  -1.7625   0.0000   0.4359
   3.000   1.5429   0.02004   0.01188  -0.2743  0.4121  0.5534  -1.9033   0.0000   0.4204
   4.000   1.6365   0.02064   0.01308  -0.2700  0.4020  1.0000  -2.0271   0.0000   0.4058
   5.000   1.7439   0.02222   0.01456  -0.2692  0.3913  1.0000  -2.1784   0.0000   0.3934
   6.000   1.8534   0.02463   0.01696  -0.2692  0.3796  1.0000  -2.3569   0.0000   0.3825
   7.000   1.9410   0.02605   0.01860  -0.2645  0.3696  1.0000  -2.5452   0.0000   0.3716
   8.000   2.0244   0.02746   0.02022  -0.2591  0.3568  1.0000  -2.8082   0.0000   0.3613
  10.000   2.1507   0.03148   0.02491  -0.2414  0.3301  1.0000  -3.4187   0.0000   0.3414
  11.000   2.1983   0.03372   0.02730  -0.2303  0.3123  1.0000  -3.7128   0.0000   0.3318
  12.000   2.2253   0.03665   0.03075  -0.2166  0.2975  1.0000  -4.0012   0.0000   0.3221
  13.000   2.2488   0.04089   0.03531  -0.2043  0.2795  1.0000  -4.2946   0.0000   0.3132
  14.000   2.2502   0.04720   0.04202  -0.1916  0.2560  1.0000  -4.5397   0.0000   0.3050
  15.000   2.2239   0.05867   0.05384  -0.1815  0.2226  1.0000  -4.7098   0.0000   0.2988
  16.000   2.1553   0.07898   0.07445  -0.1772  0.1851  1.0000  -4.7490   0.0000   0.2965


