XFLR5 v6.09.05 beta

 Calculated polar for: 0s1223

 1 1 Reynolds number fixed          Mach number fixed         

 xtrf =   1.000 (top)        1.000 (bottom)
 Mach =   0.000     Re =     0.265 e 6     Ncrit =   9.000

  alpha     CL        CD       CDp       Cm    Top Xtr Bot Xtr   Cpmin    Chinge    XCp    
 ------- -------- --------- --------- -------- ------- ------- -------- --------- ---------
   0.000   1.1687   0.01697   0.00823  -0.2670  0.4531  0.0501  -1.4869   0.0000   0.4760
   1.000   1.2959   0.01744   0.00926  -0.2698  0.4374  0.3473  -1.6244   0.0000   0.4541
   2.000   1.4225   0.01870   0.01028  -0.2727  0.4194  0.4044  -1.7664   0.0000   0.4359
   3.000   1.5398   0.01954   0.01148  -0.2736  0.4089  0.5416  -1.9039   0.0000   0.4202
   4.000   1.6348   0.02012   0.01265  -0.2695  0.3984  1.0000  -2.0287   0.0000   0.4057
   5.000   1.7466   0.02194   0.01430  -0.2697  0.3867  1.0000  -2.1829   0.0000   0.3935
   6.000   1.8505   0.02385   0.01632  -0.2685  0.3773  1.0000  -2.3564   0.0000   0.3823
   7.000   1.9395   0.02526   0.01789  -0.2640  0.3666  1.0000  -2.5464   0.0000   0.3714
   8.000   2.0262   0.02690   0.01966  -0.2594  0.3532  1.0000  -2.8138   0.0000   0.3613
  10.000   2.1485   0.03054   0.02400  -0.2407  0.3275  1.0000  -3.4188   0.0000   0.3412
  11.000   2.1957   0.03294   0.02663  -0.2296  0.3105  1.0000  -3.7112   0.0000   0.3315
  12.000   2.2279   0.03582   0.02994  -0.2168  0.2952  1.0000  -4.0111   0.0000   0.3220
  13.000   2.2529   0.04012   0.03467  -0.2048  0.2773  1.0000  -4.3077   0.0000   0.3132
  14.000   2.2558   0.04655   0.04139  -0.1924  0.2524  1.0000  -4.5566   0.0000   0.3051
  15.000   2.2283   0.05830   0.05344  -0.1823  0.2140  1.0000  -4.7252   0.0000   0.2989
  16.000   2.1487   0.08026   0.07560  -0.1781  0.1771  1.0000  -4.7350   0.0000   0.2971


