XFLR5 v6.09.05 beta

 Calculated polar for: 0s1223

 1 1 Reynolds number fixed          Mach number fixed         

 xtrf =   1.000 (top)        1.000 (bottom)
 Mach =   0.000     Re =     0.150 e 6     Ncrit =   9.000

  alpha     CL        CD       CDp       Cm    Top Xtr Bot Xtr   Cpmin    Chinge    XCp    
 ------- -------- --------- --------- -------- ------- ------- -------- --------- ---------
   0.000   1.1874   0.01966   0.01085  -0.2716  0.5076  0.2986  -1.4802   0.0000   0.4765
   1.000   1.3033   0.02159   0.01260  -0.2718  0.4841  0.4090  -1.6089   0.0000   0.4547
   2.000   1.4249   0.02264   0.01369  -0.2737  0.4666  0.4812  -1.7418   0.0000   0.4365
   3.000   1.5448   0.02457   0.01582  -0.2753  0.4501  0.6592  -1.8737   0.0000   0.4210
   4.000   1.6320   0.02583   0.01746  -0.2700  0.4384  1.0000  -1.9920   0.0000   0.4065
   5.000   1.7386   0.02815   0.01973  -0.2693  0.4262  1.0000  -2.1425   0.0000   0.3942
   6.000   1.8355   0.03180   0.02349  -0.2673  0.4137  1.0000  -2.3088   0.0000   0.3831
   7.000   1.9168   0.03435   0.02636  -0.2618  0.4006  1.0000  -2.4850   0.0000   0.3723
   8.000   2.0096   0.03680   0.02902  -0.2587  0.3864  1.0000  -2.7478   0.0000   0.3624
   9.000   2.0648   0.04097   0.03377  -0.2493  0.3725  1.0000  -3.0241   0.0000   0.3525
  10.000   2.1293   0.04265   0.03567  -0.2409  0.3560  1.0000  -3.3352   0.0000   0.3427
  11.000   2.1475   0.04687   0.04053  -0.2256  0.3398  1.0000  -3.5640   0.0000   0.3326
  12.000   2.1865   0.04763   0.04145  -0.2133  0.3201  1.0000  -3.8662   0.0000   0.3227
  13.000   2.1513   0.05495   0.04951  -0.1943  0.3019  1.0000  -4.0185   0.0000   0.3131


