XFLR5 v6.09.05 beta

 Calculated polar for: 0s1223

 1 1 Reynolds number fixed          Mach number fixed         

 xtrf =   1.000 (top)        1.000 (bottom)
 Mach =   0.000     Re =     0.160 e 6     Ncrit =   9.000

  alpha     CL        CD       CDp       Cm    Top Xtr Bot Xtr   Cpmin    Chinge    XCp    
 ------- -------- --------- --------- -------- ------- ------- -------- --------- ---------
   0.000   1.1879   0.01921   0.01039  -0.2716  0.5004  0.2881  -1.4836   0.0000   0.4764
   1.000   1.3011   0.02099   0.01213  -0.2712  0.4781  0.4010  -1.6101   0.0000   0.4546
   2.000   1.4266   0.02213   0.01318  -0.2740  0.4603  0.4721  -1.7475   0.0000   0.4365
   3.000   1.5444   0.02377   0.01514  -0.2751  0.4452  0.6441  -1.8778   0.0000   0.4209
   4.000   1.6338   0.02490   0.01661  -0.2701  0.4329  1.0000  -1.9991   0.0000   0.4064
   5.000   1.7450   0.02767   0.01923  -0.2705  0.4203  1.0000  -2.1530   0.0000   0.3943
   6.000   1.8375   0.03046   0.02229  -0.2673  0.4094  1.0000  -2.3154   0.0000   0.3830
   7.000   1.9246   0.03275   0.02477  -0.2628  0.3960  1.0000  -2.5002   0.0000   0.3722
   8.000   2.0150   0.03658   0.02887  -0.2598  0.3811  1.0000  -2.7601   0.0000   0.3626
   9.000   2.0725   0.03902   0.03187  -0.2501  0.3683  1.0000  -3.0444   0.0000   0.3523
  10.000   2.1537   0.04048   0.03347  -0.2448  0.3516  1.0000  -3.3884   0.0000   0.3431
  11.000   2.1574   0.04445   0.03813  -0.2265  0.3359  1.0000  -3.5914   0.0000   0.3324
  12.000   2.2176   0.04547   0.03911  -0.2178  0.3146  1.0000  -3.9420   0.0000   0.3233
  13.000   2.1776   0.05166   0.04615  -0.1967  0.2985  1.0000  -4.0883   0.0000   0.3131


