XFLR5 v6.09.05 beta

 Calculated polar for: 0s1223

 1 1 Reynolds number fixed          Mach number fixed         

 xtrf =   1.000 (top)        1.000 (bottom)
 Mach =   0.000     Re =     0.345 e 6     Ncrit =   9.000

  alpha     CL        CD       CDp       Cm    Top Xtr Bot Xtr   Cpmin    Chinge    XCp    
 ------- -------- --------- --------- -------- ------- ------- -------- --------- ---------
   0.000   1.1601   0.01557   0.00740  -0.2650  0.4385  0.0424  -1.4883   0.0000   0.4759
   1.000   1.2953   0.01635   0.00835  -0.2696  0.4166  0.3174  -1.6299   0.0000   0.4540
   2.000   1.4111   0.01687   0.00902  -0.2700  0.4064  0.3785  -1.7667   0.0000   0.4355
   3.000   1.5244   0.01776   0.01000  -0.2700  0.3938  0.4918  -1.9041   0.0000   0.4196
   4.000   1.6522   0.01911   0.01182  -0.2733  0.3808  0.7944  -2.0519   0.0000   0.4062
   5.000   1.7388   0.01987   0.01280  -0.2678  0.3745  1.0000  -2.1845   0.0000   0.3930
   6.000   1.8343   0.02112   0.01406  -0.2645  0.3649  1.0000  -2.3497   0.0000   0.3813
   7.000   1.9303   0.02282   0.01570  -0.2616  0.3519  1.0000  -2.5457   0.0000   0.3707
   8.000   2.0152   0.02444   0.01768  -0.2566  0.3426  1.0000  -2.8044   0.0000   0.3606
   9.000   2.0821   0.02584   0.01928  -0.2481  0.3309  1.0000  -3.1129   0.0000   0.3503
  10.000   2.1469   0.02795   0.02155  -0.2398  0.3134  1.0000  -3.4286   0.0000   0.3408
  11.000   2.1961   0.02997   0.02397  -0.2290  0.3011  1.0000  -3.7247   0.0000   0.3312
  12.000   2.2391   0.03325   0.02742  -0.2184  0.2830  1.0000  -4.0503   0.0000   0.3221
  13.000   2.2734   0.03707   0.03169  -0.2077  0.2629  1.0000  -4.3704   0.0000   0.3136
  14.000   2.2664   0.04526   0.03992  -0.1949  0.2163  1.0000  -4.5990   0.0000   0.3056
  15.000   2.2099   0.06126   0.05596  -0.1840  0.1695  1.0000  -4.6934   0.0000   0.3002
  16.000   2.1345   0.08412   0.07918  -0.1816  0.1403  1.0000  -4.7076   0.0000   0.2991
  17.000   2.0453   0.11089   0.10639  -0.1859  0.1210  1.0000  -4.6447   0.0000   0.3020


