XFLR5 v6.09.05 beta

 Calculated polar for: 0s1223

 1 1 Reynolds number fixed          Mach number fixed         

 xtrf =   1.000 (top)        1.000 (bottom)
 Mach =   0.000     Re =     0.310 e 6     Ncrit =   9.000

  alpha     CL        CD       CDp       Cm    Top Xtr Bot Xtr   Cpmin    Chinge    XCp    
 ------- -------- --------- --------- -------- ------- ------- -------- --------- ---------
   0.000   1.1595   0.01609   0.00775  -0.2649  0.4454  0.0447  -1.4852   0.0000   0.4760
   1.000   1.2927   0.01663   0.00857  -0.2691  0.4257  0.3323  -1.6265   0.0000   0.4540
   2.000   1.4164   0.01757   0.00953  -0.2712  0.4119  0.3902  -1.7671   0.0000   0.4357
   3.000   1.5305   0.01837   0.01052  -0.2714  0.4000  0.5103  -1.9042   0.0000   0.4198
   4.000   1.6421   0.01937   0.01199  -0.2711  0.3877  0.8576  -2.0415   0.0000   0.4058
   6.000   1.8428   0.02211   0.01489  -0.2665  0.3699  1.0000  -2.3546   0.0000   0.3818
   7.000   1.9298   0.02346   0.01627  -0.2616  0.3590  1.0000  -2.5424   0.0000   0.3708
   8.000   2.0261   0.02566   0.01868  -0.2592  0.3457  1.0000  -2.8186   0.0000   0.3612
   9.000   2.0875   0.02700   0.02033  -0.2494  0.3352  1.0000  -3.1174   0.0000   0.3507
  10.000   2.1476   0.02885   0.02230  -0.2401  0.3181  1.0000  -3.4257   0.0000   0.3409
  11.000   2.1940   0.03110   0.02500  -0.2289  0.3051  1.0000  -3.7160   0.0000   0.3312
  12.000   2.2334   0.03410   0.02823  -0.2175  0.2885  1.0000  -4.0331   0.0000   0.3220
  13.000   2.2669   0.03812   0.03278  -0.2067  0.2701  1.0000  -4.3491   0.0000   0.3134
  14.000   2.2664   0.04529   0.04009  -0.1943  0.2343  1.0000  -4.5926   0.0000   0.3054
  15.000   2.2214   0.05949   0.05435  -0.1835  0.1873  1.0000  -4.7177   0.0000   0.2996
  16.000   2.1375   0.08296   0.07812  -0.1803  0.1543  1.0000  -4.7120   0.0000   0.2985
  17.000   2.0447   0.11010   0.10564  -0.1847  0.1312  1.0000  -4.6397   0.0000   0.3015


