XFLR5 v6.09.05 beta

 Calculated polar for: 0s1223

 1 1 Reynolds number fixed          Mach number fixed         

 xtrf =   1.000 (top)        1.000 (bottom)
 Mach =   0.000     Re =     0.010 e 6     Ncrit =   9.000

  alpha     CL        CD       CDp       Cm    Top Xtr Bot Xtr   Cpmin    Chinge    XCp    
 ------- -------- --------- --------- -------- ------- ------- -------- --------- ---------
   0.000  -0.1291   0.10454   0.09548   0.0148  1.0000  0.9387  -0.9198   0.0000   0.3541
   1.000  -0.2487   0.10534   0.09692   0.0368  1.0000  0.8593  -1.0145   0.0000   0.3920
   2.000  -0.3147   0.10352   0.09545   0.0424  1.0000  0.7710  -1.0889   0.0000   0.3797
   3.000  -0.2066   0.09974   0.09137   0.0066  1.0000  0.6725  -1.0520   0.0000   0.2759
   4.000   0.0726   0.10105   0.09157  -0.0626  1.0000  0.6199  -0.8952   0.0000   1.1092
   5.000   0.2618   0.10365   0.09383  -0.0937  1.0000  0.8449  -0.9765   0.0000   0.6005
   7.000   0.7143   0.14412   0.12767  -0.1925  1.0000  1.0000  -0.8097   0.0000   0.5091
   8.000   0.7758   0.15699   0.13961  -0.1986  1.0000  1.0000  -0.8498   0.0000   0.4938
   9.000   0.8306   0.16999   0.15208  -0.2039  1.0000  1.0000  -0.8855   0.0000   0.4815
  10.000   0.8809   0.18334   0.16520  -0.2090  1.0000  1.0000  -0.9273   0.0000   0.4714
  11.000   0.9275   0.19714   0.17890  -0.2141  1.0000  1.0000  -0.9711   0.0000   0.4631
  12.000   0.9710   0.21149   0.19334  -0.2195  1.0000  1.0000  -1.0148   0.0000   0.4562
  13.000   1.0118   0.22648   0.20858  -0.2251  1.0000  1.0000  -1.0621   0.0000   0.4506
  14.000   1.0501   0.24214   0.22479  -0.2310  1.0000  1.0000  -1.1188   0.0000   0.4461
  15.000   1.0896   0.25807   0.24113  -0.2382  0.9943  1.0000  -1.1731   0.0000   0.4425
  16.000   1.1362   0.27144   0.25508  -0.2476  0.9434  1.0000  -1.2363   0.0000   0.4396
  17.000   1.1771   0.28947   0.27372  -0.2551  0.8849  1.0000  -1.2772   0.0000   0.4362
  18.000   1.2017   0.30340   0.28874  -0.2589  0.8233  1.0000  -1.2983   0.0000   0.4329
  19.000   1.2277   0.32448   0.31045  -0.2632  0.7667  1.0000  -1.3251   0.0000   0.4296
  20.000   1.2580   0.35204   0.33872  -0.2676  0.7095  1.0000  -1.3426   0.0000   0.4257
  21.000   1.2432   0.36409   0.35140  -0.2651  0.6602  1.0000  -1.3125   0.0000   0.4239
  22.000   1.2236   0.38229   0.37042  -0.2608  0.6115  1.0000  -1.2708   0.0000   0.4216
  24.000   1.0831   0.37607   0.36657  -0.2320  0.5252  1.0000  -1.0546   0.0000   0.4196
  25.000   1.0715   0.38399   0.37525  -0.2301  0.4914  1.0000  -1.0564   0.0000   0.4177


