XFLR5 v6.09.05 beta

 Calculated polar for: 0s1223

 1 1 Reynolds number fixed          Mach number fixed         

 xtrf =   1.000 (top)        1.000 (bottom)
 Mach =   0.000     Re =     0.105 e 6     Ncrit =   9.000

  alpha     CL        CD       CDp       Cm    Top Xtr Bot Xtr   Cpmin    Chinge    XCp    
 ------- -------- --------- --------- -------- ------- ------- -------- --------- ---------
   0.000   1.1750   0.02290   0.01401  -0.2694  0.5528  0.3678  -1.4575   0.0000   0.4772
   1.000   1.2949   0.02482   0.01556  -0.2705  0.5242  0.4607  -1.5851   0.0000   0.4552
   2.000   1.4146   0.02630   0.01708  -0.2723  0.5041  0.5405  -1.7097   0.0000   0.4371
   3.000   1.5233   0.02866   0.01968  -0.2716  0.4867  0.7397  -1.8289   0.0000   0.4213
   4.000   1.6094   0.03091   0.02213  -0.2670  0.4722  1.0000  -1.9410   0.0000   0.4073
   5.000   1.7124   0.03444   0.02560  -0.2660  0.4587  1.0000  -2.0860   0.0000   0.3950
   6.000   1.7864   0.03949   0.03100  -0.2603  0.4450  1.0000  -2.2234   0.0000   0.3837
   7.000   1.8526   0.04389   0.03575  -0.2531  0.4296  1.0000  -2.3737   0.0000   0.3728
   8.000   1.9194   0.05016   0.04244  -0.2469  0.4150  1.0000  -2.5615   0.0000   0.3629
   9.000   1.8462   0.06086   0.05411  -0.2206  0.3986  1.0000  -2.5842   0.0000   0.3520
  10.000   1.9628   0.06355   0.05674  -0.2212  0.3815  1.0000  -2.9710   0.0000   0.3430


