XFLR5 v6.09.05 beta

 Calculated polar for: 0s1223

 1 1 Reynolds number fixed          Mach number fixed         

 xtrf =   1.000 (top)        1.000 (bottom)
 Mach =   0.000     Re =     0.350 e 6     Ncrit =   9.000

  alpha     CL        CD       CDp       Cm    Top Xtr Bot Xtr   Cpmin    Chinge    XCp    
 ------- -------- --------- --------- -------- ------- ------- -------- --------- ---------
   0.000   1.1603   0.01551   0.00736  -0.2650  0.4375  0.0421  -1.4888   0.0000   0.4759
   1.000   1.2952   0.01624   0.00828  -0.2696  0.4161  0.3167  -1.6302   0.0000   0.4540
   2.000   1.4106   0.01679   0.00895  -0.2699  0.4056  0.3769  -1.7669   0.0000   0.4355
   3.000   1.5240   0.01769   0.00995  -0.2700  0.3928  0.4899  -1.9043   0.0000   0.4196
   4.000   1.6512   0.01900   0.01172  -0.2731  0.3805  0.7852  -2.0516   0.0000   0.4061
   5.000   1.7378   0.01975   0.01271  -0.2675  0.3738  1.0000  -2.1841   0.0000   0.3929
   6.000   1.8333   0.02100   0.01396  -0.2642  0.3642  1.0000  -2.3491   0.0000   0.3813
   7.000   1.9331   0.02284   0.01572  -0.2622  0.3505  1.0000  -2.5489   0.0000   0.3709
   8.000   2.0141   0.02430   0.01756  -0.2563  0.3422  1.0000  -2.8031   0.0000   0.3605
   9.000   2.0815   0.02570   0.01915  -0.2479  0.3303  1.0000  -3.1125   0.0000   0.3503
  10.000   2.1461   0.02781   0.02142  -0.2396  0.3131  1.0000  -3.4277   0.0000   0.3407
  11.000   2.1965   0.02982   0.02384  -0.2291  0.3006  1.0000  -3.7261   0.0000   0.3312
  12.000   2.2397   0.03311   0.02730  -0.2185  0.2827  1.0000  -4.0525   0.0000   0.3221
  13.000   2.2735   0.03698   0.03159  -0.2078  0.2616  1.0000  -4.3715   0.0000   0.3136
  14.000   2.2661   0.04529   0.03993  -0.1949  0.2132  1.0000  -4.5992   0.0000   0.3057
  15.000   2.2103   0.06127   0.05596  -0.1842  0.1670  1.0000  -4.6949   0.0000   0.3003
  16.000   2.1346   0.08420   0.07925  -0.1817  0.1386  1.0000  -4.7083   0.0000   0.2992
  17.000   2.0468   0.11076   0.10625  -0.1860  0.1199  1.0000  -4.6498   0.0000   0.3020


