XFLR5 v6.09.05 beta

 Calculated polar for: 0s1223

 1 1 Reynolds number fixed          Mach number fixed         

 xtrf =   1.000 (top)        1.000 (bottom)
 Mach =   0.000     Re =     0.100 e 6     Ncrit =   9.000

  alpha     CL        CD       CDp       Cm    Top Xtr Bot Xtr   Cpmin    Chinge    XCp    
 ------- -------- --------- --------- -------- ------- ------- -------- --------- ---------
   0.000   1.1711   0.02350   0.01465  -0.2685  0.5599  0.3785  -1.4532   0.0000   0.4773
   1.000   1.2914   0.02521   0.01593  -0.2698  0.5300  0.4682  -1.5807   0.0000   0.4552
   2.000   1.4116   0.02698   0.01775  -0.2719  0.5102  0.5490  -1.7027   0.0000   0.4373
   3.000   1.5203   0.02928   0.02021  -0.2711  0.4914  0.7535  -1.8237   0.0000   0.4213
   4.000   1.6051   0.03190   0.02305  -0.2666  0.4779  1.0000  -1.9320   0.0000   0.4075
   5.000   1.6995   0.03557   0.02684  -0.2641  0.4639  1.0000  -2.0666   0.0000   0.3951
   6.000   1.7822   0.04093   0.03231  -0.2601  0.4497  1.0000  -2.2146   0.0000   0.3839
   7.000   1.8320   0.04627   0.03818  -0.2505  0.4344  1.0000  -2.3411   0.0000   0.3730
   8.000   1.9145   0.05124   0.04342  -0.2464  0.4191  1.0000  -2.5507   0.0000   0.3630
   9.000   1.4393   0.10969   0.10355  -0.2079  0.3874  1.0000  -1.8691   0.0000   0.3779
  10.000   1.7936   0.07515   0.06874  -0.2036  0.3853  1.0000  -2.6417   0.0000   0.3441


