XFLR5 v6.09.05 beta

 Calculated polar for: 0s1223

 1 1 Reynolds number fixed          Mach number fixed         

 xtrf =   1.000 (top)        1.000 (bottom)
 Mach =   0.000     Re =     0.280 e 6     Ncrit =   9.000

  alpha     CL        CD       CDp       Cm    Top Xtr Bot Xtr   Cpmin    Chinge    XCp    
 ------- -------- --------- --------- -------- ------- ------- -------- --------- ---------
   0.000   1.1621   0.01668   0.00812  -0.2655  0.4509  0.0468  -1.4842   0.0000   0.4760
   1.000   1.2941   0.01710   0.00899  -0.2694  0.4336  0.3423  -1.6248   0.0000   0.4541
   2.000   1.4230   0.01838   0.01009  -0.2728  0.4161  0.4006  -1.7683   0.0000   0.4359
   3.000   1.5372   0.01910   0.01114  -0.2730  0.4058  0.5313  -1.9046   0.0000   0.4201
   4.000   1.6328   0.01968   0.01228  -0.2691  0.3952  1.0000  -2.0299   0.0000   0.4056
   5.000   1.7532   0.02198   0.01443  -0.2713  0.3817  1.0000  -2.1890   0.0000   0.3937
   6.000   1.8479   0.02319   0.01578  -0.2678  0.3748  1.0000  -2.3560   0.0000   0.3821
   7.000   1.9375   0.02457   0.01726  -0.2634  0.3638  1.0000  -2.5468   0.0000   0.3712
   8.000   2.0369   0.02709   0.01990  -0.2618  0.3478  1.0000  -2.8321   0.0000   0.3618
   9.000   2.0943   0.02830   0.02150  -0.2512  0.3394  1.0000  -3.1243   0.0000   0.3512
  10.000   2.1461   0.02978   0.02325  -0.2400  0.3249  1.0000  -3.4181   0.0000   0.3410
  11.000   2.1944   0.03226   0.02603  -0.2292  0.3088  1.0000  -3.7117   0.0000   0.3314
  12.000   2.2303   0.03511   0.02924  -0.2171  0.2930  1.0000  -4.0202   0.0000   0.3220
  13.000   2.2576   0.03940   0.03400  -0.2054  0.2749  1.0000  -4.3218   0.0000   0.3133
  14.000   2.2625   0.04586   0.04075  -0.1933  0.2479  1.0000  -4.5760   0.0000   0.3052
  15.000   2.2252   0.05874   0.05377  -0.1827  0.2051  1.0000  -4.7214   0.0000   0.2992
  16.000   2.1468   0.08090   0.07619  -0.1789  0.1692  1.0000  -4.7328   0.0000   0.2975
  17.000   2.0530   0.10796   0.10363  -0.1829  0.1433  1.0000  -4.6597   0.0000   0.3003


