XFLR5 v6.09.05 beta

 Calculated polar for: 0s1223

 1 1 Reynolds number fixed          Mach number fixed         

 xtrf =   1.000 (top)        1.000 (bottom)
 Mach =   0.000     Re =     0.125 e 6     Ncrit =   9.000

  alpha     CL        CD       CDp       Cm    Top Xtr Bot Xtr   Cpmin    Chinge    XCp    
 ------- -------- --------- --------- -------- ------- ------- -------- --------- ---------
   0.000   1.1891   0.02151   0.01245  -0.2722  0.5274  0.3366  -1.4747   0.0000   0.4767
   1.000   1.2960   0.02290   0.01387  -0.2704  0.5034  0.4341  -1.5956   0.0000   0.4548
   2.000   1.4254   0.02471   0.01555  -0.2742  0.4848  0.5109  -1.7297   0.0000   0.4370
   3.000   1.5328   0.02608   0.01727  -0.2730  0.4676  0.6961  -1.8503   0.0000   0.4210
   4.000   1.6303   0.02892   0.02009  -0.2705  0.4531  1.0000  -1.9762   0.0000   0.4071
   5.000   1.7237   0.03165   0.02314  -0.2674  0.4425  1.0000  -2.1104   0.0000   0.3947
   6.000   1.8152   0.03451   0.02608  -0.2640  0.4283  1.0000  -2.2737   0.0000   0.3831
   7.000   1.9006   0.03922   0.03095  -0.2603  0.4145  1.0000  -2.4502   0.0000   0.3728
   8.000   1.9572   0.04306   0.03554  -0.2510  0.4000  1.0000  -2.6366   0.0000   0.3623
   9.000   2.0465   0.04628   0.03878  -0.2477  0.3838  1.0000  -2.9741   0.0000   0.3529
  11.000   2.1223   0.05347   0.04695  -0.2238  0.3498  1.0000  -3.4926   0.0000   0.3332


