XFLR5 v6.09.05 beta

 Calculated polar for: 0s1223

 1 1 Reynolds number fixed          Mach number fixed         

 xtrf =   1.000 (top)        1.000 (bottom)
 Mach =   0.000     Re =     0.295 e 6     Ncrit =   9.000

  alpha     CL        CD       CDp       Cm    Top Xtr Bot Xtr   Cpmin    Chinge    XCp    
 ------- -------- --------- --------- -------- ------- ------- -------- --------- ---------
   0.000   1.1599   0.01637   0.00793  -0.2650  0.4482  0.0457  -1.4842   0.0000   0.4760
   1.000   1.2929   0.01683   0.00876  -0.2691  0.4298  0.3375  -1.6255   0.0000   0.4540
   2.000   1.4199   0.01794   0.00979  -0.2720  0.4141  0.3956  -1.7680   0.0000   0.4358
   3.000   1.5345   0.01872   0.01082  -0.2723  0.4028  0.5210  -1.9050   0.0000   0.4200
   4.000   1.6337   0.01940   0.01204  -0.2692  0.3918  0.9240  -2.0329   0.0000   0.4056
   5.000   1.7500   0.02137   0.01394  -0.2704  0.3803  1.0000  -2.1885   0.0000   0.3936
   6.000   1.8454   0.02262   0.01531  -0.2671  0.3723  1.0000  -2.3555   0.0000   0.3819
   7.000   1.9341   0.02397   0.01672  -0.2626  0.3613  1.0000  -2.5452   0.0000   0.3710
   8.000   2.0327   0.02632   0.01923  -0.2607  0.3468  1.0000  -2.8275   0.0000   0.3615
   9.000   2.0904   0.02761   0.02088  -0.2502  0.3373  1.0000  -3.1202   0.0000   0.3509
  10.000   2.1451   0.02921   0.02267  -0.2397  0.3220  1.0000  -3.4193   0.0000   0.3408
  11.000   2.1938   0.03166   0.02549  -0.2289  0.3069  1.0000  -3.7133   0.0000   0.3313
  12.000   2.2321   0.03454   0.02867  -0.2173  0.2908  1.0000  -4.0274   0.0000   0.3220
  13.000   2.2624   0.03873   0.03336  -0.2061  0.2725  1.0000  -4.3359   0.0000   0.3134
  14.000   2.2664   0.04539   0.04027  -0.1940  0.2415  1.0000  -4.5892   0.0000   0.3053
  15.000   2.2210   0.05937   0.05429  -0.1830  0.1966  1.0000  -4.7138   0.0000   0.2994
  16.000   2.1455   0.08145   0.07667  -0.1795  0.1610  1.0000  -4.7319   0.0000   0.2978
  17.000   2.0509   0.10874   0.10435  -0.1837  0.1367  1.0000  -4.6561   0.0000   0.3007


