XFLR5 v6.09.05 beta

 Calculated polar for: 0s1223

 1 1 Reynolds number fixed          Mach number fixed         

 xtrf =   1.000 (top)        1.000 (bottom)
 Mach =   0.000     Re =     0.320 e 6     Ncrit =   9.000

  alpha     CL        CD       CDp       Cm    Top Xtr Bot Xtr   Cpmin    Chinge    XCp    
 ------- -------- --------- --------- -------- ------- ------- -------- --------- ---------
   0.000   1.1594   0.01592   0.00764  -0.2649  0.4434  0.0441  -1.4860   0.0000   0.4760
   1.000   1.2937   0.01655   0.00849  -0.2693  0.4226  0.3287  -1.6277   0.0000   0.4540
   2.000   1.4142   0.01734   0.00937  -0.2707  0.4104  0.3867  -1.7666   0.0000   0.4356
   3.000   1.5279   0.01817   0.01034  -0.2708  0.3983  0.5032  -1.9037   0.0000   0.4198
   4.000   1.6479   0.01941   0.01203  -0.2724  0.3845  0.8385  -2.0465   0.0000   0.4060
   5.000   1.7449   0.02053   0.01330  -0.2692  0.3775  1.0000  -2.1872   0.0000   0.3933
   6.000   1.8402   0.02180   0.01463  -0.2658  0.3684  1.0000  -2.3531   0.0000   0.3816
   7.000   1.9281   0.02319   0.01602  -0.2611  0.3573  1.0000  -2.5415   0.0000   0.3707
   8.000   2.0223   0.02527   0.01836  -0.2583  0.3449  1.0000  -2.8135   0.0000   0.3610
   9.000   2.0857   0.02664   0.02000  -0.2490  0.3339  1.0000  -3.1158   0.0000   0.3506
  10.000   2.1530   0.02879   0.02224  -0.2412  0.3149  1.0000  -3.4361   0.0000   0.3411
  11.000   2.1944   0.03075   0.02469  -0.2289  0.3039  1.0000  -3.7182   0.0000   0.3312
  12.000   2.2346   0.03386   0.02799  -0.2177  0.2867  1.0000  -4.0372   0.0000   0.3220
  13.000   2.2697   0.03776   0.03242  -0.2071  0.2684  1.0000  -4.3571   0.0000   0.3135
  14.000   2.2641   0.04544   0.04016  -0.1942  0.2294  1.0000  -4.5894   0.0000   0.3055
  15.000   2.2175   0.06006   0.05487  -0.1836  0.1818  1.0000  -4.7095   0.0000   0.2998
  16.000   2.1315   0.08408   0.07919  -0.1809  0.1501  1.0000  -4.6963   0.0000   0.2989
  17.000   2.0396   0.11118   0.10669  -0.1854  0.1278  1.0000  -4.6250   0.0000   0.3020


