XFLR5 v6.09.05 beta

 Calculated polar for: 0s1223

 1 1 Reynolds number fixed          Mach number fixed         

 xtrf =   1.000 (top)        1.000 (bottom)
 Mach =   0.000     Re =     0.340 e 6     Ncrit =   9.000

  alpha     CL        CD       CDp       Cm    Top Xtr Bot Xtr   Cpmin    Chinge    XCp    
 ------- -------- --------- --------- -------- ------- ------- -------- --------- ---------
   0.000   1.1599   0.01564   0.00745  -0.2650  0.4395  0.0427  -1.4878   0.0000   0.4759
   1.000   1.2964   0.01643   0.00840  -0.2699  0.4169  0.3201  -1.6303   0.0000   0.4540
   2.000   1.4116   0.01696   0.00908  -0.2701  0.4072  0.3801  -1.7666   0.0000   0.4355
   3.000   1.5249   0.01783   0.01006  -0.2701  0.3947  0.4937  -1.9039   0.0000   0.4196
   4.000   1.6529   0.01922   0.01191  -0.2735  0.3812  0.8039  -2.0519   0.0000   0.4062
   5.000   1.7400   0.01999   0.01289  -0.2681  0.3751  1.0000  -2.1850   0.0000   0.3930
   6.000   1.8354   0.02124   0.01417  -0.2647  0.3656  1.0000  -2.3503   0.0000   0.3814
   7.000   1.9286   0.02285   0.01572  -0.2612  0.3532  1.0000  -2.5436   0.0000   0.3707
   8.000   2.0163   0.02460   0.01780  -0.2569  0.3431  1.0000  -2.8058   0.0000   0.3607
   9.000   2.0827   0.02599   0.01942  -0.2482  0.3315  1.0000  -3.1134   0.0000   0.3504
  10.000   2.1479   0.02811   0.02167  -0.2400  0.3138  1.0000  -3.4297   0.0000   0.3408
  11.000   2.1957   0.03012   0.02411  -0.2290  0.3017  1.0000  -3.7234   0.0000   0.3312
  12.000   2.2385   0.03340   0.02754  -0.2183  0.2833  1.0000  -4.0483   0.0000   0.3221
  13.000   2.2731   0.03717   0.03181  -0.2076  0.2642  1.0000  -4.3687   0.0000   0.3136
  14.000   2.2660   0.04529   0.03996  -0.1947  0.2193  1.0000  -4.5973   0.0000   0.3056
  15.000   2.2089   0.06132   0.05604  -0.1839  0.1719  1.0000  -4.6902   0.0000   0.3002
  16.000   2.1342   0.08407   0.07914  -0.1815  0.1422  1.0000  -4.7062   0.0000   0.2991
  17.000   2.0436   0.11104   0.10654  -0.1858  0.1222  1.0000  -4.6392   0.0000   0.3021


