XFLR5 v6.09.05 beta

 Calculated polar for: 0s1223

 1 1 Reynolds number fixed          Mach number fixed         

 xtrf =   1.000 (top)        1.000 (bottom)
 Mach =   0.000     Re =     0.275 e 6     Ncrit =   9.000

  alpha     CL        CD       CDp       Cm    Top Xtr Bot Xtr   Cpmin    Chinge    XCp    
 ------- -------- --------- --------- -------- ------- ------- -------- --------- ---------
   1.000   1.2946   0.01721   0.00908  -0.2695  0.4349  0.3439  -1.6246   0.0000   0.4541
   2.000   1.4241   0.01854   0.01020  -0.2730  0.4167  0.4022  -1.7684   0.0000   0.4359
   3.000   1.5381   0.01924   0.01125  -0.2732  0.4068  0.5348  -1.9043   0.0000   0.4201
   4.000   1.6334   0.01982   0.01240  -0.2692  0.3963  1.0000  -2.0296   0.0000   0.4056
   5.000   1.7531   0.02211   0.01451  -0.2712  0.3825  1.0000  -2.1884   0.0000   0.3938
   6.000   1.8487   0.02340   0.01595  -0.2680  0.3757  1.0000  -2.3561   0.0000   0.3822
   7.000   1.9383   0.02479   0.01746  -0.2636  0.3647  1.0000  -2.5468   0.0000   0.3713
   8.000   2.0323   0.02686   0.01964  -0.2607  0.3499  1.0000  -2.8247   0.0000   0.3616
   9.000   2.0958   0.02855   0.02172  -0.2515  0.3402  1.0000  -3.1261   0.0000   0.3513
  10.000   2.1468   0.03002   0.02348  -0.2402  0.3258  1.0000  -3.4181   0.0000   0.3410
  11.000   2.1947   0.03248   0.02622  -0.2293  0.3094  1.0000  -3.7115   0.0000   0.3314
  12.000   2.2296   0.03533   0.02946  -0.2170  0.2937  1.0000  -4.0174   0.0000   0.3220
  13.000   2.2560   0.03964   0.03422  -0.2052  0.2757  1.0000  -4.3170   0.0000   0.3133
  14.000   2.2605   0.04607   0.04095  -0.1931  0.2497  1.0000  -4.5701   0.0000   0.3052
  15.000   2.2270   0.05851   0.05358  -0.1826  0.2080  1.0000  -4.7247   0.0000   0.2991
  16.000   2.1453   0.08099   0.07628  -0.1786  0.1719  1.0000  -4.7275   0.0000   0.2974
  17.000   2.0524   0.10788   0.10356  -0.1826  0.1455  1.0000  -4.6569   0.0000   0.3002


