XFLR5 v6.09.05 beta

 Calculated polar for: 10s1223

 1 1 Reynolds number fixed          Mach number fixed         

 xtrf =   1.000 (top)        1.000 (bottom)
 Mach =   0.000     Re =     0.010 e 6     Ncrit =   9.000

  alpha     CL        CD       CDp       Cm    Top Xtr Bot Xtr   Cpmin    Chinge    XCp    
 ------- -------- --------- --------- -------- ------- ------- -------- --------- ---------
   0.000  -0.0516   0.11235   0.10357  -0.0038  1.0000  1.0000  -0.8180   0.0000   0.1523
   1.000  -0.1746   0.10981   0.10163   0.0226  1.0000  0.9427  -0.9072   0.0000   0.3717
   2.000  -0.2741   0.10667   0.09899   0.0403  1.0000  0.8694  -0.9899   0.0000   0.3915
   3.000  -0.1020   0.10903   0.10086  -0.0103  1.0000  0.7198  -0.8930   0.0000   0.1430
   4.000   0.2140   0.11840   0.10919  -0.0822  1.0000  0.7301  -0.7816   0.0000   0.6252
   6.000   0.8121   0.17263   0.15873  -0.2126  1.0000  1.0000  -0.8398   0.0000   0.4997
   7.000   0.9033   0.19099   0.17616  -0.2277  1.0000  1.0000  -0.8997   0.0000   0.4878
   8.000   0.9683   0.20710   0.19178  -0.2367  1.0000  1.0000  -0.9460   0.0000   0.4781
   9.000   1.0213   0.22261   0.20699  -0.2436  1.0000  1.0000  -0.9902   0.0000   0.4699
  13.000   1.1855   0.27769   0.26312  -0.2684  0.9680  1.0000  -1.1959   0.0000   0.4483
  15.000   1.2546   0.31332   0.29976  -0.2809  0.8885  1.0000  -1.3031   0.0000   0.4409
  16.000   1.2811   0.33337   0.32093  -0.2856  0.8427  1.0000  -1.3230   0.0000   0.4374
  17.000   1.2865   0.34861   0.33683  -0.2864  0.7962  1.0000  -1.3279   0.0000   0.4347
  18.000   1.2921   0.37056   0.35946  -0.2867  0.7415  1.0000  -1.3213   0.0000   0.4315
  19.000   1.2743   0.38974   0.37946  -0.2818  0.6836  1.0000  -1.2695   0.0000   0.4284
  20.000   1.1347   0.36870   0.35971  -0.2515  0.6109  1.0000  -1.0490   0.0000   0.4277
  21.000   1.1070   0.36997   0.36167  -0.2458  0.5718  1.0000  -1.0017   0.0000   0.4256
  22.000   1.0929   0.37558   0.36828  -0.2429  0.5319  1.0000  -0.9941   0.0000   0.4232
  23.000   1.0555   0.36478   0.35808  -0.2375  0.5025  1.0000  -0.9352   0.0000   0.4232
  24.000   1.0393   0.36615   0.36000  -0.2360  0.4744  1.0000  -0.9306   0.0000   0.4222
  25.000   1.0343   0.37489   0.36925  -0.2361  0.4490  1.0000  -0.9523   0.0000   0.4202


