XFLR5 v6.09.05 beta

 Calculated polar for: 15s1223

 1 1 Reynolds number fixed          Mach number fixed         

 xtrf =   1.000 (top)        1.000 (bottom)
 Mach =   0.000     Re =     0.310 e 6     Ncrit =   9.000

  alpha     CL        CD       CDp       Cm    Top Xtr Bot Xtr   Cpmin    Chinge    XCp    
 ------- -------- --------- --------- -------- ------- ------- -------- --------- ---------
   0.000   1.5622   0.04290   0.03570  -0.2956  0.4238  0.3536  -1.8450   0.0000   0.4353
   1.000   1.6655   0.04427   0.03710  -0.2938  0.4109  0.4021  -1.9781   0.0000   0.4206
   2.000   1.7589   0.04587   0.03882  -0.2905  0.3991  0.4738  -2.1047   0.0000   0.4073
   3.000   1.8569   0.04659   0.03960  -0.2875  0.3858  0.5499  -2.2411   0.0000   0.3951
   4.000   1.9439   0.04788   0.04112  -0.2830  0.3774  0.6097  -2.3844   0.0000   0.3839
   5.000   2.0124   0.04993   0.04341  -0.2759  0.3680  0.6567  -2.5438   0.0000   0.3733
   6.000   2.0772   0.05223   0.04595  -0.2684  0.3559  0.6974  -2.7306   0.0000   0.3633
   7.000   2.1581   0.05440   0.04836  -0.2639  0.3435  0.7375  -3.0573   0.0000   0.3541
   8.000   2.2009   0.05931   0.05369  -0.2548  0.3302  0.7710  -3.3368   0.0000   0.3452
   9.000   2.2513   0.06341   0.05790  -0.2471  0.3114  0.8051  -3.6385   0.0000   0.3367
  10.000   2.2799   0.06921   0.06421  -0.2374  0.2983  0.8393  -3.9207   0.0000   0.3284
  19.000   1.9733   0.22552   0.22248  -0.2410  0.0662  1.0000  -5.3496   0.0000   0.3165
  20.000   1.9529   0.24477   0.24208  -0.2468  0.0585  1.0000  -5.8529   0.0000   0.3169
  21.000   1.9162   0.26829   0.26578  -0.2539  0.0503  1.0000  -6.2440   0.0000   0.3190
  22.000   1.8850   0.28938   0.28728  -0.2589  0.0449  1.0000  -6.7153   0.0000   0.3198


