XFLR5 v6.09.05 beta

 Calculated polar for: 15s1223

 1 1 Reynolds number fixed          Mach number fixed         

 xtrf =   1.000 (top)        1.000 (bottom)
 Mach =   0.000     Re =     0.265 e 6     Ncrit =   9.000

  alpha     CL        CD       CDp       Cm    Top Xtr Bot Xtr   Cpmin    Chinge    XCp    
 ------- -------- --------- --------- -------- ------- ------- -------- --------- ---------
   0.000   1.5591   0.04248   0.03519  -0.2946  0.4374  0.3642  -1.8387   0.0000   0.4350
   1.000   1.6802   0.04295   0.03541  -0.2955  0.4179  0.4177  -1.9860   0.0000   0.4201
   2.000   1.7684   0.04482   0.03757  -0.2913  0.4086  0.4904  -2.1065   0.0000   0.4070
   3.000   1.8574   0.04632   0.03926  -0.2871  0.3976  0.5626  -2.2363   0.0000   0.3949
   4.000   1.9578   0.04672   0.03966  -0.2844  0.3839  0.6226  -2.3937   0.0000   0.3837
   5.000   2.0287   0.04882   0.04221  -0.2776  0.3760  0.6707  -2.5568   0.0000   0.3732
   6.000   2.0903   0.05177   0.04544  -0.2699  0.3643  0.7154  -2.7420   0.0000   0.3633
   7.000   2.1772   0.05394   0.04765  -0.2664  0.3492  0.7618  -3.0857   0.0000   0.3543
   8.000   2.2187   0.05864   0.05292  -0.2570  0.3373  0.7986  -3.3621   0.0000   0.3454
   9.000   2.2504   0.06347   0.05789  -0.2467  0.3192  0.8354  -3.6304   0.0000   0.3366
  19.000   1.9726   0.22403   0.22116  -0.2394  0.0731  1.0000  -5.3156   0.0000   0.3157
  20.000   1.9448   0.24505   0.24234  -0.2460  0.0631  1.0000  -5.7538   0.0000   0.3170
  21.000   1.9198   0.26558   0.26327  -0.2519  0.0563  1.0000  -6.2386   0.0000   0.3178
  22.000   1.8789   0.28910   0.28697  -0.2578  0.0484  1.0000  -6.6271   0.0000   0.3197


