XFLR5 v6.09.05 beta

 Calculated polar for: 15s1223

 1 1 Reynolds number fixed          Mach number fixed         

 xtrf =   1.000 (top)        1.000 (bottom)
 Mach =   0.000     Re =     0.340 e 6     Ncrit =   9.000

  alpha     CL        CD       CDp       Cm    Top Xtr Bot Xtr   Cpmin    Chinge    XCp    
 ------- -------- --------- --------- -------- ------- ------- -------- --------- ---------
   0.000   1.5678   0.04286   0.03578  -0.2968  0.4169  0.3473  -1.8510   0.0000   0.4353
   1.000   1.6633   0.04475   0.03773  -0.2939  0.4056  0.3945  -1.9789   0.0000   0.4208
   2.000   1.7558   0.04630   0.03929  -0.2903  0.3932  0.4629  -2.1055   0.0000   0.4075
   3.000   1.8594   0.04664   0.03979  -0.2882  0.3807  0.5431  -2.2452   0.0000   0.3952
   4.000   1.9357   0.04858   0.04197  -0.2822  0.3733  0.6018  -2.3791   0.0000   0.3840
   5.000   2.0063   0.05047   0.04404  -0.2754  0.3634  0.6494  -2.5398   0.0000   0.3734
   6.000   2.0904   0.05160   0.04531  -0.2706  0.3478  0.6900  -2.7495   0.0000   0.3635
   7.000   2.1464   0.05515   0.04925  -0.2626  0.3403  0.7243  -3.0400   0.0000   0.3541
   8.000   2.1925   0.05975   0.05415  -0.2539  0.3260  0.7569  -3.3251   0.0000   0.3451
   9.000   2.2424   0.06418   0.05881  -0.2462  0.3092  0.7868  -3.6248   0.0000   0.3367
  10.000   2.2813   0.06940   0.06440  -0.2378  0.2947  0.8192  -3.9286   0.0000   0.3285
  20.000   1.9554   0.24506   0.24229  -0.2474  0.0552  1.0000  -5.8920   0.0000   0.3170
  21.000   1.9217   0.26780   0.26527  -0.2542  0.0478  1.0000  -6.3082   0.0000   0.3188
  22.000   1.8847   0.29044   0.28828  -0.2597  0.0420  1.0000  -6.7325   0.0000   0.3202


