XFLR5 v6.09.05 beta

 Calculated polar for: 15s1223

 1 1 Reynolds number fixed          Mach number fixed         

 xtrf =   1.000 (top)        1.000 (bottom)
 Mach =   0.000     Re =     0.185 e 6     Ncrit =   9.000

  alpha     CL        CD       CDp       Cm    Top Xtr Bot Xtr   Cpmin    Chinge    XCp    
 ------- -------- --------- --------- -------- ------- ------- -------- --------- ---------
   0.000   1.5645   0.04105   0.03335  -0.2940  0.4666  0.4006  -1.8339   0.0000   0.4342
   1.000   1.6897   0.04202   0.03414  -0.2959  0.4492  0.4557  -1.9806   0.0000   0.4196
   2.000   1.7822   0.04374   0.03604  -0.2923  0.4342  0.5256  -2.1022   0.0000   0.4065
   3.000   1.9020   0.04446   0.03673  -0.2929  0.4194  0.6029  -2.2612   0.0000   0.3947
   4.000   1.9717   0.04684   0.03950  -0.2856  0.4103  0.6608  -2.3913   0.0000   0.3836
   5.000   2.0453   0.04948   0.04259  -0.2795  0.3981  0.7208  -2.5595   0.0000   0.3733
   6.000   2.1582   0.05213   0.04525  -0.2804  0.3817  0.7857  -2.8362   0.0000   0.3645
   7.000   2.1872   0.05683   0.05053  -0.2683  0.3705  0.8345  -3.0815   0.0000   0.3549
  18.000   2.0011   0.19900   0.19622  -0.2273  0.1081  1.0000  -4.8753   0.0000   0.3118
  19.000   1.9656   0.22138   0.21883  -0.2351  0.0913  1.0000  -5.1681   0.0000   0.3141
  20.000   1.9349   0.24318   0.24081  -0.2423  0.0776  1.0000  -5.5792   0.0000   0.3159
  21.000   1.8943   0.26802   0.26599  -0.2499  0.0683  1.0000  -5.9235   0.0000   0.3187


