XFLR5 v6.09.05 beta

 Calculated polar for: 15s1223

 1 1 Reynolds number fixed          Mach number fixed         

 xtrf =   1.000 (top)        1.000 (bottom)
 Mach =   0.000     Re =     0.300 e 6     Ncrit =   9.000

  alpha     CL        CD       CDp       Cm    Top Xtr Bot Xtr   Cpmin    Chinge    XCp    
 ------- -------- --------- --------- -------- ------- ------- -------- --------- ---------
   0.000   1.5601   0.04292   0.03572  -0.2952  0.4272  0.3558  -1.8427   0.0000   0.4353
   1.000   1.6669   0.04406   0.03683  -0.2939  0.4127  0.4048  -1.9783   0.0000   0.4205
   2.000   1.7604   0.04567   0.03859  -0.2906  0.4011  0.4772  -2.1046   0.0000   0.4073
   3.000   1.8528   0.04679   0.03979  -0.2868  0.3889  0.5515  -2.2367   0.0000   0.3951
   4.000   1.9480   0.04755   0.04072  -0.2835  0.3787  0.6126  -2.3875   0.0000   0.3838
   5.000   2.0149   0.04973   0.04318  -0.2761  0.3697  0.6593  -2.5455   0.0000   0.3733
   6.000   2.0776   0.05214   0.04585  -0.2683  0.3579  0.7001  -2.7301   0.0000   0.3632
   7.000   2.1625   0.05417   0.04807  -0.2644  0.3445  0.7418  -3.0637   0.0000   0.3542
   8.000   2.2037   0.05917   0.05353  -0.2551  0.3317  0.7762  -3.3406   0.0000   0.3452
   9.000   2.2543   0.06316   0.05760  -0.2474  0.3121  0.8112  -3.6428   0.0000   0.3367
  10.000   2.2798   0.06915   0.06415  -0.2373  0.2996  0.8494  -3.9186   0.0000   0.3284
  19.000   1.9736   0.22511   0.22210  -0.2406  0.0678  1.0000  -5.3470   0.0000   0.3163
  20.000   1.9512   0.24484   0.24216  -0.2467  0.0596  1.0000  -5.8328   0.0000   0.3169
  21.000   1.9163   0.26796   0.26549  -0.2536  0.0518  1.0000  -6.2375   0.0000   0.3189
  22.000   1.8831   0.28951   0.28742  -0.2587  0.0458  1.0000  -6.6921   0.0000   0.3199


