XFLR5 v6.09.05 beta

 Calculated polar for: 15s1223

 1 1 Reynolds number fixed          Mach number fixed         

 xtrf =   1.000 (top)        1.000 (bottom)
 Mach =   0.000     Re =     0.180 e 6     Ncrit =   9.000

  alpha     CL        CD       CDp       Cm    Top Xtr Bot Xtr   Cpmin    Chinge    XCp    
 ------- -------- --------- --------- -------- ------- ------- -------- --------- ---------
   0.000   1.5641   0.04101   0.03329  -0.2938  0.4694  0.4034  -1.8325   0.0000   0.4342
   1.000   1.6945   0.04183   0.03387  -0.2966  0.4512  0.4588  -1.9836   0.0000   0.4195
   2.000   1.7845   0.04365   0.03592  -0.2925  0.4364  0.5285  -2.1023   0.0000   0.4065
   3.000   1.8902   0.04476   0.03706  -0.2909  0.4229  0.6030  -2.2499   0.0000   0.3946
   4.000   1.9765   0.04682   0.03942  -0.2864  0.4121  0.6644  -2.3950   0.0000   0.3836
   5.000   2.0474   0.04971   0.04280  -0.2799  0.4000  0.7262  -2.5600   0.0000   0.3734
   6.000   2.1503   0.05216   0.04526  -0.2791  0.3848  0.7903  -2.8227   0.0000   0.3643
   7.000   2.1904   0.05707   0.05075  -0.2689  0.3721  0.8430  -3.0850   0.0000   0.3550
  18.000   2.0019   0.19847   0.19575  -0.2266  0.1103  1.0000  -4.8759   0.0000   0.3115
  19.000   1.9682   0.22026   0.21773  -0.2342  0.0932  1.0000  -5.1781   0.0000   0.3135
  20.000   1.9367   0.24219   0.23981  -0.2415  0.0789  1.0000  -5.5858   0.0000   0.3154
  21.000   1.8861   0.27000   0.26807  -0.2504  0.0695  1.0000  -5.8434   0.0000   0.3195


