XFLR5 v6.09.05 beta

 Calculated polar for: 15s1223

 1 1 Reynolds number fixed          Mach number fixed         

 xtrf =   1.000 (top)        1.000 (bottom)
 Mach =   0.000     Re =     0.305 e 6     Ncrit =   9.000

  alpha     CL        CD       CDp       Cm    Top Xtr Bot Xtr   Cpmin    Chinge    XCp    
 ------- -------- --------- --------- -------- ------- ------- -------- --------- ---------
   0.000   1.5609   0.04293   0.03573  -0.2954  0.4256  0.3546  -1.8437   0.0000   0.4353
   1.000   1.6661   0.04417   0.03697  -0.2939  0.4118  0.4035  -1.9781   0.0000   0.4205
   2.000   1.7596   0.04578   0.03871  -0.2905  0.4001  0.4755  -2.1047   0.0000   0.4073
   3.000   1.8544   0.04672   0.03972  -0.2871  0.3874  0.5506  -2.2385   0.0000   0.3951
   4.000   1.9459   0.04772   0.04093  -0.2833  0.3781  0.6112  -2.3859   0.0000   0.3839
   5.000   2.0136   0.04984   0.04330  -0.2760  0.3689  0.6580  -2.5446   0.0000   0.3733
   6.000   2.0773   0.05219   0.04591  -0.2683  0.3569  0.6988  -2.7302   0.0000   0.3632
   7.000   2.1602   0.05429   0.04822  -0.2642  0.3440  0.7397  -3.0604   0.0000   0.3542
   8.000   2.2023   0.05924   0.05361  -0.2550  0.3309  0.7736  -3.3386   0.0000   0.3452
   9.000   2.2527   0.06329   0.05775  -0.2472  0.3118  0.8081  -3.6405   0.0000   0.3367
  10.000   2.2798   0.06918   0.06418  -0.2373  0.2990  0.8441  -3.9196   0.0000   0.3284
  19.000   1.9734   0.22534   0.22231  -0.2408  0.0670  1.0000  -5.3477   0.0000   0.3164
  20.000   1.9521   0.24480   0.24211  -0.2467  0.0591  1.0000  -5.8432   0.0000   0.3169
  21.000   1.9160   0.26819   0.26570  -0.2538  0.0510  1.0000  -6.2391   0.0000   0.3190
  22.000   1.8841   0.28944   0.28734  -0.2588  0.0453  1.0000  -6.7041   0.0000   0.3198


