XFLR5 v6.09.05 beta

 Calculated polar for: 15s1223

 1 1 Reynolds number fixed          Mach number fixed         

 xtrf =   1.000 (top)        1.000 (bottom)
 Mach =   0.000     Re =     0.315 e 6     Ncrit =   9.000

  alpha     CL        CD       CDp       Cm    Top Xtr Bot Xtr   Cpmin    Chinge    XCp    
 ------- -------- --------- --------- -------- ------- ------- -------- --------- ---------
   0.000   1.5640   0.04283   0.03564  -0.2959  0.4220  0.3526  -1.8466   0.0000   0.4353
   1.000   1.6649   0.04436   0.03722  -0.2938  0.4100  0.4008  -1.9781   0.0000   0.4206
   2.000   1.7583   0.04596   0.03891  -0.2905  0.3981  0.4721  -2.1048   0.0000   0.4074
   3.000   1.8605   0.04640   0.03940  -0.2881  0.3841  0.5494  -2.2445   0.0000   0.3951
   4.000   1.9422   0.04802   0.04128  -0.2829  0.3768  0.6082  -2.3832   0.0000   0.3839
   5.000   2.0113   0.05002   0.04351  -0.2758  0.3672  0.6554  -2.5430   0.0000   0.3733
   6.000   2.0774   0.05225   0.04596  -0.2685  0.3548  0.6960  -2.7314   0.0000   0.3633
   7.000   2.1562   0.05451   0.04849  -0.2637  0.3430  0.7353  -3.0545   0.0000   0.3541
   8.000   2.1995   0.05938   0.05377  -0.2547  0.3294  0.7685  -3.3349   0.0000   0.3452
   9.000   2.2500   0.06353   0.05805  -0.2470  0.3111  0.8021  -3.6366   0.0000   0.3367
  10.000   2.2800   0.06925   0.06424  -0.2374  0.2977  0.8348  -3.9219   0.0000   0.3285
  19.000   1.9734   0.22563   0.22258  -0.2411  0.0654  1.0000  -5.3533   0.0000   0.3165
  20.000   1.9536   0.24475   0.24205  -0.2469  0.0579  1.0000  -5.8620   0.0000   0.3169
  21.000   1.9170   0.26823   0.26570  -0.2540  0.0495  1.0000  -6.2533   0.0000   0.3190
  22.000   1.8856   0.28939   0.28728  -0.2590  0.0444  1.0000  -6.7243   0.0000   0.3198


