XFLR5 v6.09.05 beta

 Calculated polar for: 15s1223

 1 1 Reynolds number fixed          Mach number fixed         

 xtrf =   1.000 (top)        1.000 (bottom)
 Mach =   0.000     Re =     0.220 e 6     Ncrit =   9.000

  alpha     CL        CD       CDp       Cm    Top Xtr Bot Xtr   Cpmin    Chinge    XCp    
 ------- -------- --------- --------- -------- ------- ------- -------- --------- ---------
   0.000   1.5714   0.04131   0.03374  -0.2958  0.4509  0.3840  -1.8440   0.0000   0.4345
   1.000   1.6736   0.04298   0.03542  -0.2940  0.4354  0.4347  -1.9743   0.0000   0.4200
   2.000   1.7950   0.04334   0.03563  -0.2948  0.4179  0.5138  -2.1217   0.0000   0.4067
   3.000   1.8736   0.04524   0.03795  -0.2889  0.4097  0.5795  -2.2427   0.0000   0.3947
   4.000   1.9506   0.04699   0.03990  -0.2827  0.3984  0.6386  -2.3787   0.0000   0.3835
   5.000   2.0461   0.04830   0.04134  -0.2797  0.3853  0.6973  -2.5702   0.0000   0.3732
   6.000   2.1130   0.05156   0.04502  -0.2730  0.3745  0.7462  -2.7694   0.0000   0.3636
   7.000   2.1763   0.05520   0.04897  -0.2663  0.3608  0.7946  -3.0747   0.0000   0.3544
   8.000   2.2463   0.05831   0.05234  -0.2608  0.3447  0.8449  -3.4019   0.0000   0.3459
  19.000   1.9647   0.22372   0.22084  -0.2380  0.0799  1.0000  -5.2152   0.0000   0.3155
  20.000   1.9384   0.24463   0.24213  -0.2446  0.0704  1.0000  -5.6588   0.0000   0.3168
  21.000   1.9144   0.26458   0.26233  -0.2501  0.0621  1.0000  -6.1447   0.0000   0.3173
  22.000   1.8551   0.29316   0.29144  -0.2574  0.0555  1.0000  -6.3742   0.0000   0.3214


