XFLR5 v6.09.05 beta

 Calculated polar for: 15s1223

 1 1 Reynolds number fixed          Mach number fixed         

 xtrf =   1.000 (top)        1.000 (bottom)
 Mach =   0.000     Re =     0.200 e 6     Ncrit =   9.000

  alpha     CL        CD       CDp       Cm    Top Xtr Bot Xtr   Cpmin    Chinge    XCp    
 ------- -------- --------- --------- -------- ------- ------- -------- --------- ---------
   0.000   1.5760   0.04074   0.03297  -0.2961  0.4570  0.3941  -1.8457   0.0000   0.4341
   1.000   1.6805   0.04248   0.03479  -0.2947  0.4430  0.4458  -1.9759   0.0000   0.4198
   2.000   1.7793   0.04393   0.03624  -0.2921  0.4277  0.5185  -2.1047   0.0000   0.4066
   3.000   1.8896   0.04464   0.03713  -0.2911  0.4153  0.5918  -2.2532   0.0000   0.3947
   4.000   1.9605   0.04689   0.03967  -0.2840  0.4049  0.6518  -2.3835   0.0000   0.3835
   5.000   2.0399   0.04898   0.04207  -0.2786  0.3929  0.7077  -2.5587   0.0000   0.3732
   6.000   2.1380   0.05168   0.04497  -0.2771  0.3789  0.7683  -2.8070   0.0000   0.3640
   7.000   2.1812   0.05605   0.04980  -0.2672  0.3660  0.8159  -3.0767   0.0000   0.3547
  18.000   2.0024   0.19937   0.19629  -0.2282  0.1004  1.0000  -4.8938   0.0000   0.3121
  19.000   1.9635   0.22290   0.22012  -0.2368  0.0854  1.0000  -5.1813   0.0000   0.3151
  20.000   1.9344   0.24449   0.24210  -0.2437  0.0742  1.0000  -5.5989   0.0000   0.3166
  21.000   1.9158   0.26265   0.26033  -0.2484  0.0641  1.0000  -6.1322   0.0000   0.3163
  22.000   1.8270   0.29863   0.29709  -0.2575  0.0589  1.0000  -6.1177   0.0000   0.3237


