XFLR5 v6.09.05 beta

 Calculated polar for: 15s1223

 1 1 Reynolds number fixed          Mach number fixed         

 xtrf =   1.000 (top)        1.000 (bottom)
 Mach =   0.000     Re =     0.170 e 6     Ncrit =   9.000

  alpha     CL        CD       CDp       Cm    Top Xtr Bot Xtr   Cpmin    Chinge    XCp    
 ------- -------- --------- --------- -------- ------- ------- -------- --------- ---------
   0.000   1.5660   0.04082   0.03304  -0.2939  0.4750  0.4090  -1.8317   0.0000   0.4341
   1.000   1.7071   0.04143   0.03334  -0.2985  0.4546  0.4693  -1.9920   0.0000   0.4194
   2.000   1.7894   0.04352   0.03572  -0.2931  0.4413  0.5352  -2.1028   0.0000   0.4065
   3.000   1.8840   0.04511   0.03745  -0.2898  0.4283  0.6070  -2.2406   0.0000   0.3945
   4.000   1.9904   0.04683   0.03928  -0.2886  0.4155  0.6748  -2.4066   0.0000   0.3838
   5.000   2.0535   0.05020   0.04324  -0.2809  0.4042  0.7384  -2.5629   0.0000   0.3735
   6.000   2.1397   0.05297   0.04614  -0.2775  0.3899  0.8015  -2.8012   0.0000   0.3642
   7.000   2.1996   0.05756   0.05116  -0.2705  0.3755  0.8625  -3.0967   0.0000   0.3553
  18.000   2.0035   0.19725   0.19461  -0.2252  0.1144  1.0000  -4.8767   0.0000   0.3107
  19.000   1.9728   0.21816   0.21565  -0.2323  0.0971  1.0000  -5.1910   0.0000   0.3123
  20.000   1.9455   0.23873   0.23628  -0.2391  0.0812  1.0000  -5.6393   0.0000   0.3136


