XFLR5 v6.09.05 beta

 Calculated polar for: 15s1223

 1 1 Reynolds number fixed          Mach number fixed         

 xtrf =   1.000 (top)        1.000 (bottom)
 Mach =   0.000     Re =     0.250 e 6     Ncrit =   9.000

  alpha     CL        CD       CDp       Cm    Top Xtr Bot Xtr   Cpmin    Chinge    XCp    
 ------- -------- --------- --------- -------- ------- ------- -------- --------- ---------
   0.000   1.5611   0.04219   0.03482  -0.2947  0.4418  0.3685  -1.8388   0.0000   0.4349
   1.000   1.6719   0.04336   0.03581  -0.2941  0.4241  0.4222  -1.9779   0.0000   0.4201
   2.000   1.7748   0.04434   0.03696  -0.2920  0.4121  0.4973  -2.1097   0.0000   0.4069
   3.000   1.8627   0.04590   0.03879  -0.2877  0.4012  0.5680  -2.2385   0.0000   0.3948
   4.000   1.9461   0.04719   0.04014  -0.2824  0.3898  0.6252  -2.3808   0.0000   0.3835
   5.000   2.0371   0.04848   0.04177  -0.2787  0.3786  0.6785  -2.5641   0.0000   0.3732
   6.000   2.0973   0.05162   0.04525  -0.2708  0.3674  0.7251  -2.7494   0.0000   0.3634
   7.000   2.1680   0.05460   0.04835  -0.2651  0.3541  0.7705  -3.0676   0.0000   0.3542
   8.000   2.2250   0.05854   0.05275  -0.2578  0.3399  0.8112  -3.3705   0.0000   0.3455
   9.000   2.2502   0.06363   0.05812  -0.2466  0.3227  0.8521  -3.6264   0.0000   0.3366
  19.000   1.9698   0.22407   0.22124  -0.2390  0.0755  1.0000  -5.2815   0.0000   0.3157
  20.000   1.9445   0.24431   0.24154  -0.2453  0.0642  1.0000  -5.7399   0.0000   0.3167
  21.000   1.9186   0.26519   0.26293  -0.2514  0.0583  1.0000  -6.2135   0.0000   0.3176
  22.000   1.8727   0.29009   0.28804  -0.2577  0.0504  1.0000  -6.5610   0.0000   0.3201


