XFLR5 v6.09.05 beta

 Calculated polar for: 15s1223

 1 1 Reynolds number fixed          Mach number fixed         

 xtrf =   1.000 (top)        1.000 (bottom)
 Mach =   0.000     Re =     0.325 e 6     Ncrit =   9.000

  alpha     CL        CD       CDp       Cm    Top Xtr Bot Xtr   Cpmin    Chinge    XCp    
 ------- -------- --------- --------- -------- ------- ------- -------- --------- ---------
   0.000   1.5689   0.04259   0.03541  -0.2967  0.4182  0.3508  -1.8509   0.0000   0.4352
   1.000   1.6641   0.04452   0.03744  -0.2938  0.4082  0.3982  -1.9783   0.0000   0.4207
   2.000   1.7571   0.04612   0.03909  -0.2904  0.3962  0.4687  -2.1051   0.0000   0.4074
   3.000   1.8648   0.04618   0.03923  -0.2888  0.3817  0.5479  -2.2488   0.0000   0.3951
   4.000   1.9391   0.04826   0.04157  -0.2825  0.3754  0.6049  -2.3811   0.0000   0.3839
   5.000   2.0089   0.05019   0.04371  -0.2755  0.3656  0.6525  -2.5413   0.0000   0.3733
   6.000   2.0796   0.05217   0.04588  -0.2689  0.3524  0.6932  -2.7350   0.0000   0.3633
   7.000   2.1525   0.05473   0.04876  -0.2633  0.3419  0.7308  -3.0493   0.0000   0.3541
   8.000   2.1967   0.05953   0.05393  -0.2544  0.3281  0.7636  -3.3310   0.0000   0.3452
   9.000   2.2476   0.06377   0.05833  -0.2468  0.3103  0.7961  -3.6333   0.0000   0.3367
  20.000   1.9547   0.24480   0.24208  -0.2471  0.0568  1.0000  -5.8770   0.0000   0.3169
  21.000   1.9189   0.26805   0.26549  -0.2540  0.0486  1.0000  -6.2754   0.0000   0.3189
  22.000   1.8858   0.28968   0.28755  -0.2593  0.0434  1.0000  -6.7324   0.0000   0.3199


