XFLR5 v6.09.05 beta

 Calculated polar for: 20s1223

 1 1 Reynolds number fixed          Mach number fixed         

 xtrf =   1.000 (top)        1.000 (bottom)
 Mach =   0.000     Re =     0.330 e 6     Ncrit =   9.000

  alpha     CL        CD       CDp       Cm    Top Xtr Bot Xtr   Cpmin    Chinge    XCp    
 ------- -------- --------- --------- -------- ------- ------- -------- --------- ---------
   0.000   1.6045   0.06102   0.05436  -0.2919  0.4158  0.3563  -1.8921   0.0000   0.4267
   1.000   1.6955   0.06312   0.05652  -0.2884  0.4034  0.4020  -2.0176   0.0000   0.4128
   2.000   1.7869   0.06417   0.05759  -0.2847  0.3907  0.4621  -2.1443   0.0000   0.4001
   3.000   1.8936   0.06314   0.05669  -0.2829  0.3803  0.5286  -2.2952   0.0000   0.3882
   4.000   1.9563   0.06569   0.05951  -0.2752  0.3720  0.5741  -2.4238   0.0000   0.3774
   5.000   2.0178   0.06769   0.06179  -0.2675  0.3614  0.6143  -2.5862   0.0000   0.3671
   6.000   2.0984   0.06725   0.06142  -0.2622  0.3465  0.6494  -2.8387   0.0000   0.3573
   7.000   2.1408   0.07124   0.06581  -0.2528  0.3376  0.6767  -3.1093   0.0000   0.3481
   8.000   2.1849   0.07477   0.06952  -0.2441  0.3215  0.7071  -3.3926   0.0000   0.3393
   9.000   2.2402   0.07837   0.07347  -0.2378  0.3061  0.7348  -3.7046   0.0000   0.3311
  10.000   2.2811   0.08311   0.07847  -0.2304  0.2894  0.7602  -4.0302   0.0000   0.3232
  11.000   2.3288   0.08740   0.08306  -0.2247  0.2623  0.7863  -4.3872   0.0000   0.3159
  12.000   2.3201   0.09735   0.09291  -0.2163  0.2089  0.8020  -4.6148   0.0000   0.3095
  13.000   2.2552   0.11526   0.11090  -0.2107  0.1638  0.8124  -4.6810   0.0000   0.3062
  14.000   2.1875   0.13621   0.13216  -0.2121  0.1349  0.8233  -4.7051   0.0000   0.3061
  16.000   2.0643   0.18340   0.17994  -0.2254  0.0943  0.8427  -4.7044   0.0000   0.3109
  17.000   2.0223   0.20624   0.20305  -0.2328  0.0791  0.8625  -4.7895   0.0000   0.3130
  18.000   1.9916   0.22721   0.22426  -0.2392  0.0678  1.0000  -5.2079   0.0000   0.3142
  19.000   1.9653   0.24746   0.24480  -0.2449  0.0592  1.0000  -5.6726   0.0000   0.3147
  20.000   1.9331   0.26914   0.26666  -0.2507  0.0506  1.0000  -6.1158   0.0000   0.3157
  21.000   1.8946   0.29125   0.28914  -0.2554  0.0445  1.0000  -6.5459   0.0000   0.3166
  23.000   1.3676   0.30451   0.30396  -0.2310  0.0364  1.0000  -4.8314   0.0000   0.3434


