XFLR5 v6.09.05 beta

 Calculated polar for: 20s1223

 1 1 Reynolds number fixed          Mach number fixed         

 xtrf =   1.000 (top)        1.000 (bottom)
 Mach =   0.000     Re =     0.165 e 6     Ncrit =   9.000

  alpha     CL        CD       CDp       Cm    Top Xtr Bot Xtr   Cpmin    Chinge    XCp    
 ------- -------- --------- --------- -------- ------- ------- -------- --------- ---------
   0.000   1.6189   0.05375   0.04633  -0.2906  0.4726  0.4178  -1.8867   0.0000   0.4248
   1.000   1.7480   0.05374   0.04612  -0.2926  0.4541  0.4720  -2.0393   0.0000   0.4109
   2.000   1.8280   0.05568   0.04840  -0.2871  0.4406  0.5242  -2.1530   0.0000   0.3985
   3.000   1.9160   0.05660   0.04937  -0.2826  0.4281  0.5787  -2.2907   0.0000   0.3870
   4.000   2.0077   0.05819   0.05115  -0.2792  0.4154  0.6383  -2.4550   0.0000   0.3766
   5.000   2.0585   0.06209   0.05566  -0.2703  0.4029  0.6913  -2.6025   0.0000   0.3667
   6.000   2.1439   0.06427   0.05792  -0.2667  0.3881  0.7492  -2.8806   0.0000   0.3575
   7.000   2.1776   0.07040   0.06465  -0.2571  0.3739  0.7904  -3.1326   0.0000   0.3488
   8.000   2.2179   0.07427   0.06894  -0.2484  0.3568  0.8280  -3.4088   0.0000   0.3401
  14.000   2.1925   0.12958   0.12666  -0.2052  0.2174  1.0000  -4.6613   0.0000   0.3032
  15.000   2.1107   0.15573   0.15313  -0.2115  0.1821  1.0000  -4.6069   0.0000   0.3059
  16.000   2.0649   0.17676   0.17412  -0.2172  0.1501  1.0000  -4.6510   0.0000   0.3072
  17.000   2.0322   0.19630   0.19372  -0.2227  0.1244  1.0000  -4.8069   0.0000   0.3078
  18.000   1.9879   0.22025   0.21801  -0.2306  0.1060  1.0000  -5.0327   0.0000   0.3103
  19.000   1.9391   0.24643   0.24455  -0.2389  0.0913  1.0000  -5.2695   0.0000   0.3135
  20.000   1.8926   0.27174   0.27005  -0.2459  0.0778  1.0000  -5.5914   0.0000   0.3162


