XFLR5 v6.09.05 beta

 Calculated polar for: 20s1223

 1 1 Reynolds number fixed          Mach number fixed         

 xtrf =   1.000 (top)        1.000 (bottom)
 Mach =   0.000     Re =     0.225 e 6     Ncrit =   9.000

  alpha     CL        CD       CDp       Cm    Top Xtr Bot Xtr   Cpmin    Chinge    XCp    
 ------- -------- --------- --------- -------- ------- ------- -------- --------- ---------
   0.000   1.6191   0.05660   0.04953  -0.2923  0.4448  0.3890  -1.8963   0.0000   0.4256
   1.000   1.7213   0.05786   0.05065  -0.2903  0.4281  0.4379  -2.0301   0.0000   0.4117
   2.000   1.8276   0.05780   0.05075  -0.2886  0.4155  0.5026  -2.1663   0.0000   0.3991
   3.000   1.9058   0.05937   0.05255  -0.2829  0.4053  0.5573  -2.2930   0.0000   0.3876
   4.000   1.9769   0.06055   0.05385  -0.2760  0.3936  0.6053  -2.4365   0.0000   0.3767
   5.000   2.0708   0.06064   0.05422  -0.2726  0.3808  0.6526  -2.6346   0.0000   0.3668
   6.000   2.1095   0.06473   0.05877  -0.2622  0.3695  0.6890  -2.8400   0.0000   0.3571
   7.000   2.1717   0.06744   0.06166  -0.2556  0.3560  0.7285  -3.1470   0.0000   0.3481
   8.000   2.2197   0.07144   0.06613  -0.2479  0.3405  0.7660  -3.4366   0.0000   0.3396
   9.000   2.2504   0.07602   0.07093  -0.2385  0.3217  0.7980  -3.7061   0.0000   0.3312
  10.000   2.2873   0.08032   0.07564  -0.2307  0.3047  0.8252  -4.0178   0.0000   0.3234
  11.000   2.3121   0.08586   0.08150  -0.2224  0.2849  0.8565  -4.3198   0.0000   0.3158
  14.000   2.2170   0.12890   0.12555  -0.2075  0.1859  1.0000  -4.7665   0.0000   0.3030
  15.000   2.1328   0.15459   0.15141  -0.2135  0.1517  1.0000  -4.7148   0.0000   0.3057
  16.000   2.0631   0.18044   0.17730  -0.2218  0.1221  1.0000  -4.6817   0.0000   0.3093
  17.000   2.0121   0.20481   0.20179  -0.2300  0.0989  1.0000  -4.7246   0.0000   0.3123
  18.000   1.9776   0.22671   0.22395  -0.2369  0.0835  1.0000  -5.0290   0.0000   0.3139
  19.000   1.9562   0.24574   0.24334  -0.2421  0.0731  1.0000  -5.5181   0.0000   0.3139
  20.000   1.9272   0.26630   0.26400  -0.2473  0.0628  1.0000  -5.9782   0.0000   0.3144
  21.000   1.8707   0.29311   0.29142  -0.2534  0.0570  1.0000  -6.2556   0.0000   0.3173


