XFLR5 v6.09.05 beta

 Calculated polar for: 20s1223

 1 1 Reynolds number fixed          Mach number fixed         

 xtrf =   1.000 (top)        1.000 (bottom)
 Mach =   0.000     Re =     0.170 e 6     Ncrit =   9.000

  alpha     CL        CD       CDp       Cm    Top Xtr Bot Xtr   Cpmin    Chinge    XCp    
 ------- -------- --------- --------- -------- ------- ------- -------- --------- ---------
   0.000   1.6167   0.05392   0.04650  -0.2903  0.4696  0.4141  -1.8862   0.0000   0.4248
   1.000   1.7442   0.05428   0.04673  -0.2923  0.4519  0.4690  -2.0371   0.0000   0.4110
   2.000   1.8276   0.05594   0.04868  -0.2872  0.4379  0.5224  -2.1544   0.0000   0.3986
   3.000   1.9219   0.05641   0.04914  -0.2836  0.4252  0.5773  -2.2984   0.0000   0.3871
   4.000   2.0012   0.05842   0.05145  -0.2783  0.4134  0.6327  -2.4492   0.0000   0.3766
   5.000   2.0580   0.06185   0.05543  -0.2702  0.4006  0.6856  -2.6041   0.0000   0.3666
   6.000   2.1561   0.06377   0.05737  -0.2685  0.3847  0.7457  -2.9034   0.0000   0.3577
   7.000   2.1750   0.07012   0.06441  -0.2567  0.3720  0.7843  -3.1305   0.0000   0.3487
   8.000   2.2276   0.07317   0.06776  -0.2494  0.3550  0.8234  -3.4309   0.0000   0.3401
   9.000   2.2351   0.07920   0.07435  -0.2378  0.3373  0.8568  -3.6463   0.0000   0.3318
  14.000   2.1954   0.12948   0.12658  -0.2054  0.2155  1.0000  -4.6724   0.0000   0.3032
  15.000   2.1186   0.15452   0.15186  -0.2112  0.1799  1.0000  -4.6361   0.0000   0.3054
  16.000   2.0724   0.17539   0.17262  -0.2168  0.1475  1.0000  -4.6834   0.0000   0.3066
  17.000   2.0443   0.19351   0.19073  -0.2215  0.1204  1.0000  -4.8846   0.0000   0.3066
  18.000   1.9957   0.21844   0.21599  -0.2302  0.1027  1.0000  -5.0933   0.0000   0.3096
  19.000   1.9451   0.24522   0.24323  -0.2390  0.0885  1.0000  -5.3355   0.0000   0.3132
  20.000   1.8925   0.27233   0.27063  -0.2467  0.0760  1.0000  -5.6027   0.0000   0.3166


