XFLR5 v6.09.05 beta

 Calculated polar for: 20s1223

 1 1 Reynolds number fixed          Mach number fixed         

 xtrf =   1.000 (top)        1.000 (bottom)
 Mach =   0.000     Re =     0.305 e 6     Ncrit =   9.000

  alpha     CL        CD       CDp       Cm    Top Xtr Bot Xtr   Cpmin    Chinge    XCp    
 ------- -------- --------- --------- -------- ------- ------- -------- --------- ---------
   0.000   1.6119   0.05955   0.05270  -0.2925  0.4188  0.3628  -1.8971   0.0000   0.4263
   1.000   1.7007   0.06198   0.05525  -0.2888  0.4081  0.4085  -2.0199   0.0000   0.4126
   2.000   1.7912   0.06339   0.05679  -0.2850  0.3964  0.4717  -2.1454   0.0000   0.3999
   3.000   1.9084   0.06111   0.05449  -0.2845  0.3825  0.5362  -2.3069   0.0000   0.3880
   4.000   1.9701   0.06349   0.05717  -0.2766  0.3759  0.5802  -2.4374   0.0000   0.3772
   5.000   2.0266   0.06598   0.06002  -0.2681  0.3654  0.6190  -2.5937   0.0000   0.3669
   6.000   2.0944   0.06701   0.06109  -0.2613  0.3512  0.6557  -2.8295   0.0000   0.3572
   7.000   2.1475   0.07000   0.06448  -0.2533  0.3410  0.6857  -3.1179   0.0000   0.3480
   8.000   2.1909   0.07411   0.06890  -0.2447  0.3257  0.7162  -3.4007   0.0000   0.3393
   9.000   2.2433   0.07727   0.07229  -0.2378  0.3087  0.7463  -3.7070   0.0000   0.3310
  10.000   2.2812   0.08262   0.07802  -0.2304  0.2926  0.7726  -4.0263   0.0000   0.3232
  11.000   2.3269   0.08678   0.08251  -0.2243  0.2705  0.7977  -4.3767   0.0000   0.3159
  12.000   2.3229   0.09644   0.09209  -0.2161  0.2235  0.8159  -4.6166   0.0000   0.3094
  13.000   2.2648   0.11347   0.10923  -0.2101  0.1755  0.8267  -4.7029   0.0000   0.3056
  14.000   2.1833   0.13642   0.13243  -0.2117  0.1428  0.8370  -4.6890   0.0000   0.3061
  15.000   2.1156   0.16007   0.15640  -0.2178  0.1185  0.8498  -4.6805   0.0000   0.3084
  17.000   2.0173   0.20674   0.20357  -0.2327  0.0823  1.0000  -4.7602   0.0000   0.3132
  18.000   1.9914   0.22652   0.22365  -0.2385  0.0714  1.0000  -5.1923   0.0000   0.3138
  19.000   1.9610   0.24779   0.24513  -0.2447  0.0615  1.0000  -5.6226   0.0000   0.3149
  20.000   1.9354   0.26773   0.26535  -0.2498  0.0537  1.0000  -6.1188   0.0000   0.3151
  21.000   1.8892   0.29180   0.28970  -0.2552  0.0466  1.0000  -6.4850   0.0000   0.3168


