XFLR5 v6.09.05 beta

 Calculated polar for: 20s1223

 1 1 Reynolds number fixed          Mach number fixed         

 xtrf =   1.000 (top)        1.000 (bottom)
 Mach =   0.000     Re =     0.285 e 6     Ncrit =   9.000

  alpha     CL        CD       CDp       Cm    Top Xtr Bot Xtr   Cpmin    Chinge    XCp    
 ------- -------- --------- --------- -------- ------- ------- -------- --------- ---------
   0.000   1.6058   0.05955   0.05263  -0.2914  0.4249  0.3663  -1.8909   0.0000   0.4263
   1.000   1.7112   0.06043   0.05355  -0.2899  0.4121  0.4141  -2.0277   0.0000   0.4123
   2.000   1.8018   0.06182   0.05516  -0.2861  0.4007  0.4792  -2.1525   0.0000   0.3997
   3.000   1.8945   0.06182   0.05517  -0.2823  0.3887  0.5381  -2.2928   0.0000   0.3879
   4.000   1.9785   0.06207   0.05563  -0.2773  0.3789  0.5855  -2.4451   0.0000   0.3771
   5.000   2.0359   0.06442   0.05840  -0.2689  0.3690  0.6236  -2.6020   0.0000   0.3668
   6.000   2.0893   0.06712   0.06122  -0.2604  0.3563  0.6605  -2.8184   0.0000   0.3571
   7.000   2.1584   0.06865   0.06302  -0.2544  0.3435  0.6955  -3.1342   0.0000   0.3481
   8.000   2.1956   0.07338   0.06818  -0.2451  0.3290  0.7258  -3.4058   0.0000   0.3393
   9.000   2.2475   0.07631   0.07124  -0.2381  0.3107  0.7556  -3.7120   0.0000   0.3310
  10.000   2.2811   0.08210   0.07751  -0.2302  0.2953  0.7833  -4.0216   0.0000   0.3232
  11.000   2.3241   0.08635   0.08206  -0.2239  0.2752  0.8099  -4.3651   0.0000   0.3159
  12.000   2.3331   0.09466   0.09049  -0.2163  0.2343  0.8278  -4.6362   0.0000   0.3091
  13.000   2.2737   0.11184   0.10774  -0.2096  0.1875  0.8419  -4.7222   0.0000   0.3051
  14.000   2.1945   0.13430   0.13045  -0.2107  0.1510  0.8578  -4.7188   0.0000   0.3052
  16.000   2.0559   0.18432   0.18096  -0.2252  0.1022  1.0000  -4.6687   0.0000   0.3112
  17.000   2.0186   0.20583   0.20274  -0.2319  0.0863  1.0000  -4.7632   0.0000   0.3128
  18.000   1.9891   0.22643   0.22362  -0.2381  0.0742  1.0000  -5.1619   0.0000   0.3138
  19.000   1.9586   0.24761   0.24490  -0.2443  0.0629  1.0000  -5.5911   0.0000   0.3148
  20.000   1.9347   0.26721   0.26491  -0.2492  0.0561  1.0000  -6.0972   0.0000   0.3148
  21.000   1.8867   0.29166   0.28952  -0.2547  0.0478  1.0000  -6.4493   0.0000   0.3168


