XFLR5 v6.09.05 beta

 Calculated polar for: 20s1223

 1 1 Reynolds number fixed          Mach number fixed         

 xtrf =   1.000 (top)        1.000 (bottom)
 Mach =   0.000     Re =     0.005 e 6     Ncrit =   9.000

  alpha     CL        CD       CDp       Cm    Top Xtr Bot Xtr   Cpmin    Chinge    XCp    
 ------- -------- --------- --------- -------- ------- ------- -------- --------- ---------
   0.000  -0.0590   0.11975   0.10689  -0.0037  1.0000  1.0000  -0.8788   0.0000   0.1688
   1.000  -0.0710   0.11415   0.10175  -0.0017  1.0000  1.0000  -0.8872   0.0000   0.2121
   2.000  -0.0824   0.10661   0.09464   0.0001  1.0000  1.0000  -0.8955   0.0000   0.2393
   3.000  -0.0813   0.09774   0.08610  -0.0012  1.0000  1.0000  -0.9181   0.0000   0.2256
   4.000   0.5029   0.14379   0.12786  -0.1388  1.0000  1.0000  -0.7469   0.0000   0.5139
   5.000   0.7498   0.17887   0.16008  -0.1890  1.0000  1.0000  -0.8024   0.0000   0.4875
   6.000   0.8726   0.20213   0.18224  -0.2108  1.0000  1.0000  -0.8774   0.0000   0.4746
   7.000   0.9603   0.22232   0.20202  -0.2252  1.0000  1.0000  -0.9426   0.0000   0.4651
   8.000   1.0281   0.24091   0.22033  -0.2358  1.0000  1.0000  -0.9991   0.0000   0.4574
   9.000   1.0836   0.25880   0.23825  -0.2443  1.0000  1.0000  -1.0532   0.0000   0.4509
  10.000   1.1310   0.27641   0.25612  -0.2517  1.0000  1.0000  -1.1062   0.0000   0.4453
  11.000   1.1722   0.29425   0.27471  -0.2586  1.0000  1.0000  -1.1636   0.0000   0.4406
  12.000   1.2083   0.31266   0.29363  -0.2652  1.0000  1.0000  -1.2242   0.0000   0.4366
  13.000   1.2401   0.33180   0.31341  -0.2716  1.0000  1.0000  -1.2744   0.0000   0.4332
  14.000   1.2682   0.35180   0.33414  -0.2780  1.0000  1.0000  -1.3297   0.0000   0.4303
  19.000   1.3479   0.45652   0.44399  -0.3045  0.9926  1.0000  -1.4136   0.0000   0.4204
  20.000   1.3129   0.46881   0.45809  -0.2997  0.9579  1.0000  -1.3502   0.0000   0.4195
  22.000   1.1217   0.43757   0.42969  -0.2609  0.8542  1.0000  -1.0434   0.0000   0.4193


