XFLR5 v6.09.05 beta

 Calculated polar for: 20s1223

 1 1 Reynolds number fixed          Mach number fixed         

 xtrf =   1.000 (top)        1.000 (bottom)
 Mach =   0.000     Re =     0.255 e 6     Ncrit =   9.000

  alpha     CL        CD       CDp       Cm    Top Xtr Bot Xtr   Cpmin    Chinge    XCp    
 ------- -------- --------- --------- -------- ------- ------- -------- --------- ---------
   0.000   1.6117   0.05848   0.05152  -0.2919  0.4350  0.3768  -1.8935   0.0000   0.4260
   1.000   1.7289   0.05826   0.05114  -0.2919  0.4176  0.4292  -2.0402   0.0000   0.4119
   2.000   1.8126   0.05991   0.05312  -0.2871  0.4078  0.4894  -2.1573   0.0000   0.3994
   3.000   1.8945   0.06098   0.05430  -0.2818  0.3970  0.5457  -2.2881   0.0000   0.3878
   4.000   1.9979   0.05975   0.05305  -0.2794  0.3826  0.5975  -2.4632   0.0000   0.3770
   5.000   2.0463   0.06269   0.05653  -0.2697  0.3751  0.6333  -2.6097   0.0000   0.3667
   6.000   2.1007   0.06560   0.05970  -0.2614  0.3624  0.6711  -2.8322   0.0000   0.3571
   7.000   2.1846   0.06650   0.06067  -0.2575  0.3467  0.7115  -3.1757   0.0000   0.3483
   8.000   2.2017   0.07241   0.06720  -0.2456  0.3346  0.7439  -3.4102   0.0000   0.3393
   9.000   2.2611   0.07504   0.06983  -0.2396  0.3131  0.7774  -3.7339   0.0000   0.3312
  10.000   2.2853   0.08105   0.07643  -0.2306  0.2996  0.8015  -4.0231   0.0000   0.3233
  11.000   2.3198   0.08570   0.08131  -0.2232  0.2793  0.8286  -4.3472   0.0000   0.3158
  12.000   2.3330   0.09348   0.08937  -0.2157  0.2493  0.8521  -4.6264   0.0000   0.3090
  14.000   2.2026   0.13224   0.12858  -0.2094  0.1673  1.0000  -4.7356   0.0000   0.3044
  15.000   2.1247   0.15723   0.15385  -0.2156  0.1368  1.0000  -4.6992   0.0000   0.3070
  16.000   2.0599   0.18250   0.17931  -0.2237  0.1110  1.0000  -4.6779   0.0000   0.3103
  18.000   1.9830   0.22675   0.22394  -0.2377  0.0784  1.0000  -5.0946   0.0000   0.3139
  19.000   1.9586   0.24649   0.24393  -0.2432  0.0680  1.0000  -5.5685   0.0000   0.3143
  20.000   1.9296   0.26735   0.26510  -0.2486  0.0598  1.0000  -6.0279   0.0000   0.3149
  21.000   1.8804   0.29220   0.29031  -0.2542  0.0525  1.0000  -6.3701   0.0000   0.3170


