XFLR5 v6.09.05 beta

 Calculated polar for: 20s1223

 1 1 Reynolds number fixed          Mach number fixed         

 xtrf =   1.000 (top)        1.000 (bottom)
 Mach =   0.000     Re =     0.185 e 6     Ncrit =   9.000

  alpha     CL        CD       CDp       Cm    Top Xtr Bot Xtr   Cpmin    Chinge    XCp    
 ------- -------- --------- --------- -------- ------- ------- -------- --------- ---------
   0.000   1.6315   0.05369   0.04621  -0.2928  0.4594  0.4091  -1.9022   0.0000   0.4247
   1.000   1.7311   0.05559   0.04822  -0.2908  0.4449  0.4582  -2.0293   0.0000   0.4112
   2.000   1.8263   0.05669   0.04945  -0.2875  0.4307  0.5173  -2.1582   0.0000   0.3988
   3.000   1.9352   0.05629   0.04908  -0.2861  0.4178  0.5734  -2.3141   0.0000   0.3873
   4.000   1.9903   0.05901   0.05219  -0.2770  0.4073  0.6215  -2.4413   0.0000   0.3766
   5.000   2.0597   0.06121   0.05476  -0.2705  0.3946  0.6726  -2.6126   0.0000   0.3666
   6.000   2.1452   0.06367   0.05743  -0.2670  0.3801  0.7261  -2.8897   0.0000   0.3575
   7.000   2.1713   0.06914   0.06345  -0.2559  0.3669  0.7649  -3.1311   0.0000   0.3484
   8.000   2.2565   0.07100   0.06543  -0.2529  0.3473  0.8094  -3.4921   0.0000   0.3403
   9.000   2.2410   0.07773   0.07283  -0.2380  0.3321  0.8361  -3.6679   0.0000   0.3316
  10.000   2.2931   0.07994   0.07513  -0.2314  0.3118  0.8786  -4.0134   0.0000   0.3236
  14.000   2.2087   0.12829   0.12534  -0.2057  0.2092  1.0000  -4.7200   0.0000   0.3028
  15.000   2.1346   0.15227   0.14936  -0.2108  0.1728  1.0000  -4.6988   0.0000   0.3045
  16.000   2.0744   0.17589   0.17303  -0.2178  0.1408  1.0000  -4.7010   0.0000   0.3069
  18.000   1.9912   0.22073   0.21820  -0.2322  0.0967  1.0000  -5.0749   0.0000   0.3109
  19.000   1.9599   0.24187   0.23940  -0.2386  0.0802  1.0000  -5.4970   0.0000   0.3120
  20.000   1.9030   0.27075   0.26890  -0.2474  0.0712  1.0000  -5.7216   0.0000   0.3161
  21.000   1.8657   0.29131   0.28966  -0.2507  0.0626  1.0000  -6.1597   0.0000   0.3163


