XFLR5 v6.09.05 beta

 Calculated polar for: 20s1223

 1 1 Reynolds number fixed          Mach number fixed         

 xtrf =   1.000 (top)        1.000 (bottom)
 Mach =   0.000     Re =     0.145 e 6     Ncrit =   9.000

  alpha     CL        CD       CDp       Cm    Top Xtr Bot Xtr   Cpmin    Chinge    XCp    
 ------- -------- --------- --------- -------- ------- ------- -------- --------- ---------
   0.000   1.6177   0.05188   0.04437  -0.2891  0.4867  0.4298  -1.8809   0.0000   0.4242
   1.000   1.7269   0.05348   0.04587  -0.2885  0.4680  0.4782  -2.0148   0.0000   0.4106
   2.000   1.8380   0.05426   0.04674  -0.2878  0.4523  0.5360  -2.1559   0.0000   0.3982
   3.000   1.9114   0.05684   0.04961  -0.2815  0.4397  0.5926  -2.2762   0.0000   0.3870
   4.000   2.0078   0.05849   0.05126  -0.2790  0.4255  0.6599  -2.4492   0.0000   0.3766
   5.000   2.0750   0.06289   0.05631  -0.2729  0.4127  0.7173  -2.6137   0.0000   0.3670
   6.000   2.1138   0.06831   0.06222  -0.2633  0.3976  0.7709  -2.8159   0.0000   0.3577
   7.000   2.1972   0.07223   0.06630  -0.2605  0.3809  0.8252  -3.1570   0.0000   0.3494
   8.000   2.1627   0.08086   0.07585  -0.2434  0.3650  0.8501  -3.2850   0.0000   0.3407
  14.000   2.1409   0.13717   0.13447  -0.2068  0.2257  1.0000  -4.4913   0.0000   0.3061
  15.000   2.0913   0.15795   0.15539  -0.2112  0.1904  1.0000  -4.5290   0.0000   0.3068
  16.000   2.0277   0.18362   0.18127  -0.2194  0.1580  1.0000  -4.4939   0.0000   0.3102
  17.000   1.9926   0.20459   0.20239  -0.2254  0.1331  1.0000  -4.5724   0.0000   0.3113
  18.000   1.8341   0.26121   0.25968  -0.2457  0.1142  1.0000  -4.0773   0.0000   0.3284


