XFLR5 v6.09.05 beta

 Calculated polar for: 20s1223

 1 1 Reynolds number fixed          Mach number fixed         

 xtrf =   1.000 (top)        1.000 (bottom)
 Mach =   0.000     Re =     0.280 e 6     Ncrit =   9.000

  alpha     CL        CD       CDp       Cm    Top Xtr Bot Xtr   Cpmin    Chinge    XCp    
 ------- -------- --------- --------- -------- ------- ------- -------- --------- ---------
   0.000   1.6040   0.05957   0.05265  -0.2911  0.4268  0.3671  -1.8890   0.0000   0.4263
   1.000   1.7145   0.05998   0.05304  -0.2903  0.4131  0.4153  -2.0302   0.0000   0.4122
   2.000   1.8041   0.06144   0.05477  -0.2864  0.4018  0.4809  -2.1539   0.0000   0.3996
   3.000   1.8925   0.06186   0.05521  -0.2820  0.3903  0.5389  -2.2904   0.0000   0.3879
   4.000   1.9810   0.06170   0.05522  -0.2775  0.3796  0.5871  -2.4473   0.0000   0.3770
   5.000   2.0374   0.06413   0.05809  -0.2690  0.3700  0.6248  -2.6031   0.0000   0.3668
   6.000   2.0909   0.06690   0.06101  -0.2606  0.3574  0.6620  -2.8204   0.0000   0.3571
   7.000   2.1628   0.06819   0.06253  -0.2549  0.3441  0.6983  -3.1412   0.0000   0.3481
   8.000   2.1966   0.07321   0.06801  -0.2452  0.3299  0.7286  -3.4067   0.0000   0.3393
   9.000   2.2504   0.07618   0.07109  -0.2385  0.3111  0.7592  -3.7172   0.0000   0.3311
  10.000   2.2813   0.08194   0.07735  -0.2302  0.2960  0.7859  -4.0207   0.0000   0.3232
  11.000   2.3234   0.08625   0.08194  -0.2238  0.2761  0.8130  -4.3621   0.0000   0.3158
  12.000   2.3343   0.09433   0.09020  -0.2162  0.2372  0.8305  -4.6377   0.0000   0.3091
  13.000   2.2741   0.11167   0.10760  -0.2095  0.1908  0.8467  -4.7222   0.0000   0.3051
  14.000   2.1976   0.13377   0.12997  -0.2104  0.1533  0.8659  -4.7271   0.0000   0.3050
  15.000   2.1174   0.15935   0.15580  -0.2171  0.1257  1.0000  -4.6821   0.0000   0.3080
  16.000   2.0564   0.18405   0.18071  -0.2250  0.1035  1.0000  -4.6700   0.0000   0.3111
  17.000   2.0186   0.20567   0.20260  -0.2318  0.0872  1.0000  -4.7625   0.0000   0.3127
  18.000   1.9882   0.22647   0.22367  -0.2381  0.0749  1.0000  -5.1520   0.0000   0.3138
  19.000   1.9581   0.24756   0.24486  -0.2441  0.0634  1.0000  -5.5832   0.0000   0.3148
  20.000   1.9341   0.26719   0.26491  -0.2491  0.0567  1.0000  -6.0880   0.0000   0.3148
  21.000   1.8846   0.29203   0.28993  -0.2547  0.0485  1.0000  -6.4287   0.0000   0.3169


