XFLR5 v6.09.05 beta

 Calculated polar for: 20s1223

 1 1 Reynolds number fixed          Mach number fixed         

 xtrf =   1.000 (top)        1.000 (bottom)
 Mach =   0.000     Re =     0.245 e 6     Ncrit =   9.000

  alpha     CL        CD       CDp       Cm    Top Xtr Bot Xtr   Cpmin    Chinge    XCp    
 ------- -------- --------- --------- -------- ------- ------- -------- --------- ---------
   0.000   1.6148   0.05789   0.05091  -0.2922  0.4381  0.3812  -1.8951   0.0000   0.4259
   1.000   1.7349   0.05743   0.05022  -0.2925  0.4191  0.4336  -2.0442   0.0000   0.4117
   2.000   1.8164   0.05927   0.05241  -0.2874  0.4104  0.4933  -2.1590   0.0000   0.3993
   3.000   1.8977   0.06043   0.05372  -0.2821  0.3996  0.5493  -2.2891   0.0000   0.3877
   4.000   1.9852   0.06035   0.05364  -0.2774  0.3866  0.5988  -2.4488   0.0000   0.3768
   5.000   2.0518   0.06208   0.05585  -0.2703  0.3771  0.6384  -2.6149   0.0000   0.3667
   6.000   2.1032   0.06526   0.05935  -0.2616  0.3646  0.6760  -2.8342   0.0000   0.3571
   7.000   2.1863   0.06642   0.06053  -0.2577  0.3489  0.7170  -3.1774   0.0000   0.3483
   8.000   2.2041   0.07205   0.06681  -0.2458  0.3367  0.7497  -3.4118   0.0000   0.3393
   9.000   2.2562   0.07542   0.07022  -0.2390  0.3161  0.7839  -3.7228   0.0000   0.3311
  10.000   2.2871   0.08069   0.07605  -0.2308  0.3012  0.8093  -4.0243   0.0000   0.3233
  11.000   2.3193   0.08541   0.08097  -0.2231  0.2804  0.8362  -4.3433   0.0000   0.3158
  12.000   2.3329   0.09322   0.08918  -0.2156  0.2534  0.8641  -4.6225   0.0000   0.3090
  14.000   2.2084   0.13103   0.12746  -0.2087  0.1732  1.0000  -4.7493   0.0000   0.3039
  15.000   2.1248   0.15683   0.15348  -0.2151  0.1415  1.0000  -4.6965   0.0000   0.3068
  16.000   2.0609   0.18190   0.17875  -0.2231  0.1148  1.0000  -4.6790   0.0000   0.3100
  17.000   2.0134   0.20556   0.20256  -0.2310  0.0939  1.0000  -4.7350   0.0000   0.3127
  18.000   1.9812   0.22672   0.22388  -0.2374  0.0795  1.0000  -5.0733   0.0000   0.3139
  19.000   1.9590   0.24597   0.24347  -0.2427  0.0696  1.0000  -5.5616   0.0000   0.3141
  20.000   1.9280   0.26726   0.26501  -0.2483  0.0609  1.0000  -6.0056   0.0000   0.3148
  21.000   1.8785   0.29224   0.29042  -0.2539  0.0540  1.0000  -6.3428   0.0000   0.3170


