XFLR5 v6.09.05 beta

 Calculated polar for: 20s1223

 1 1 Reynolds number fixed          Mach number fixed         

 xtrf =   1.000 (top)        1.000 (bottom)
 Mach =   0.000     Re =     0.010 e 6     Ncrit =   9.000

  alpha     CL        CD       CDp       Cm    Top Xtr Bot Xtr   Cpmin    Chinge    XCp    
 ------- -------- --------- --------- -------- ------- ------- -------- --------- ---------
   0.000  -0.0642   0.12109   0.11290  -0.0017  1.0000  1.0000  -0.7570   0.0000   0.2039
   1.000  -0.0724   0.11652   0.10863  -0.0001  1.0000  1.0000  -0.7640   0.0000   0.2333
   2.000  -0.1567   0.11257   0.10511   0.0182  1.0000  0.9699  -0.8302   0.0000   0.3559
   3.000  -0.1871   0.10997   0.10273   0.0206  1.0000  0.8855  -0.8615   0.0000   0.3529
   4.000   0.2634   0.13074   0.12205  -0.0840  1.0000  0.8178  -0.6813   0.0000   0.5544
  10.000   1.1768   0.27337   0.26050  -0.2679  0.9697  1.0000  -1.1191   0.0000   0.4502
  11.000   1.2165   0.28796   0.27564  -0.2747  0.9467  1.0000  -1.1766   0.0000   0.4456
  12.000   1.2572   0.30969   0.29778  -0.2819  0.9202  1.0000  -1.2371   0.0000   0.4414
  13.000   1.2798   0.32514   0.31370  -0.2862  0.8948  1.0000  -1.2865   0.0000   0.4380
  14.000   1.2983   0.34302   0.33217  -0.2897  0.8586  1.0000  -1.3141   0.0000   0.4348
  16.000   1.2897   0.38059   0.37165  -0.2880  0.7808  1.0000  -1.2811   0.0000   0.4295
  17.000   1.1755   0.37323   0.36552  -0.2620  0.6926  1.0000  -1.0821   0.0000   0.4274
  23.000   1.0496   0.38031   0.37636  -0.2392  0.4612  1.0000  -0.9282   0.0000   0.4140
  24.000   1.0283   0.37784   0.37430  -0.2380  0.4397  1.0000  -0.9548   0.0000   0.4137
  25.000   1.0260   0.38963   0.38671  -0.2386  0.4162  1.0000  -1.0586   0.0000   0.4111


