XFLR5 v6.09.05 beta

 Calculated polar for: 20s1223

 1 1 Reynolds number fixed          Mach number fixed         

 xtrf =   1.000 (top)        1.000 (bottom)
 Mach =   0.000     Re =     0.220 e 6     Ncrit =   9.000

  alpha     CL        CD       CDp       Cm    Top Xtr Bot Xtr   Cpmin    Chinge    XCp    
 ------- -------- --------- --------- -------- ------- ------- -------- --------- ---------
   0.000   1.6202   0.05626   0.04915  -0.2923  0.4466  0.3911  -1.8967   0.0000   0.4255
   1.000   1.7205   0.05773   0.05053  -0.2901  0.4302  0.4397  -2.0284   0.0000   0.4117
   2.000   1.8320   0.05736   0.05024  -0.2891  0.4166  0.5053  -2.1697   0.0000   0.3990
   3.000   1.9086   0.05907   0.05222  -0.2832  0.4069  0.5593  -2.2949   0.0000   0.3876
   4.000   1.9784   0.06038   0.05367  -0.2761  0.3951  0.6076  -2.4370   0.0000   0.3767
   5.000   2.0761   0.06033   0.05386  -0.2733  0.3816  0.6562  -2.6400   0.0000   0.3668
   6.000   2.1116   0.06460   0.05862  -0.2625  0.3708  0.6930  -2.8422   0.0000   0.3571
   7.000   2.1717   0.06752   0.06174  -0.2556  0.3572  0.7327  -3.1455   0.0000   0.3481
   8.000   2.2244   0.07123   0.06590  -0.2485  0.3414  0.7709  -3.4439   0.0000   0.3396
   9.000   2.2502   0.07610   0.07103  -0.2385  0.3228  0.8026  -3.7038   0.0000   0.3312
  10.000   2.2874   0.08026   0.07557  -0.2307  0.3056  0.8290  -4.0161   0.0000   0.3234
  11.000   2.3098   0.08603   0.08171  -0.2222  0.2861  0.8624  -4.3123   0.0000   0.3159
  14.000   2.2177   0.12856   0.12523  -0.2072  0.1890  1.0000  -4.7663   0.0000   0.3029
  15.000   2.1351   0.15398   0.15086  -0.2130  0.1544  1.0000  -4.7194   0.0000   0.3054
  16.000   2.0649   0.17988   0.17680  -0.2214  0.1248  1.0000  -4.6864   0.0000   0.3090
  17.000   2.0126   0.20443   0.20142  -0.2297  0.1005  1.0000  -4.7250   0.0000   0.3121
  18.000   1.9784   0.22628   0.22357  -0.2366  0.0851  1.0000  -5.0296   0.0000   0.3137
  19.000   1.9552   0.24572   0.24333  -0.2419  0.0740  1.0000  -5.5048   0.0000   0.3139
  20.000   1.9276   0.26585   0.26354  -0.2470  0.0632  1.0000  -5.9763   0.0000   0.3142
  21.000   1.8685   0.29336   0.29169  -0.2532  0.0578  1.0000  -6.2311   0.0000   0.3174


