XFLR5 v6.09.05 beta

 Calculated polar for: 20s1223

 1 1 Reynolds number fixed          Mach number fixed         

 xtrf =   1.000 (top)        1.000 (bottom)
 Mach =   0.000     Re =     0.270 e 6     Ncrit =   9.000

  alpha     CL        CD       CDp       Cm    Top Xtr Bot Xtr   Cpmin    Chinge    XCp    
 ------- -------- --------- --------- -------- ------- ------- -------- --------- ---------
   0.000   1.6033   0.05929   0.05236  -0.2908  0.4303  0.3688  -1.8877   0.0000   0.4263
   1.000   1.7208   0.05935   0.05235  -0.2911  0.4150  0.4221  -2.0348   0.0000   0.4121
   2.000   1.8075   0.06082   0.05411  -0.2866  0.4041  0.4842  -2.1553   0.0000   0.3995
   3.000   1.8916   0.06166   0.05501  -0.2817  0.3931  0.5412  -2.2881   0.0000   0.3878
   4.000   1.9867   0.06093   0.05437  -0.2781  0.3809  0.5906  -2.4526   0.0000   0.3770
   5.000   2.0405   0.06355   0.05747  -0.2692  0.3720  0.6276  -2.6052   0.0000   0.3668
   6.000   2.0960   0.06627   0.06037  -0.2611  0.3593  0.6654  -2.8274   0.0000   0.3571
   7.000   2.1713   0.06729   0.06155  -0.2558  0.3453  0.7036  -3.1543   0.0000   0.3481
   8.000   2.1986   0.07290   0.06769  -0.2453  0.3317  0.7345  -3.4082   0.0000   0.3393
   9.000   2.2547   0.07578   0.07065  -0.2390  0.3119  0.7662  -3.7243   0.0000   0.3311
  10.000   2.2817   0.08157   0.07697  -0.2302  0.2974  0.7904  -4.0189   0.0000   0.3232
  11.000   2.3218   0.08605   0.08171  -0.2235  0.2776  0.8193  -4.3558   0.0000   0.3158
  12.000   2.3347   0.09390   0.08981  -0.2161  0.2428  0.8382  -4.6354   0.0000   0.3091
  13.000   2.2773   0.11106   0.10707  -0.2093  0.1969  0.8580  -4.7283   0.0000   0.3049
  15.000   2.1214   0.15831   0.15483  -0.2164  0.1297  1.0000  -4.6927   0.0000   0.3075
  16.000   2.0577   0.18346   0.18017  -0.2245  0.1061  1.0000  -4.6732   0.0000   0.3108
  17.000   2.0181   0.20543   0.20241  -0.2315  0.0892  1.0000  -4.7590   0.0000   0.3126
  18.000   1.9863   0.22657   0.22378  -0.2379  0.0764  1.0000  -5.1303   0.0000   0.3139
  19.000   1.9565   0.24767   0.24503  -0.2440  0.0654  1.0000  -5.5634   0.0000   0.3148
  20.000   1.9324   0.26725   0.26500  -0.2489  0.0580  1.0000  -6.0650   0.0000   0.3149
  21.000   1.8818   0.29243   0.29041  -0.2547  0.0503  1.0000  -6.3972   0.0000   0.3171


