XFLR5 v6.09.05 beta

 Calculated polar for: 20s1223

 1 1 Reynolds number fixed          Mach number fixed         

 xtrf =   1.000 (top)        1.000 (bottom)
 Mach =   0.000     Re =     0.130 e 6     Ncrit =   9.000

  alpha     CL        CD       CDp       Cm    Top Xtr Bot Xtr   Cpmin    Chinge    XCp    
 ------- -------- --------- --------- -------- ------- ------- -------- --------- ---------
   0.000   1.6086   0.05042   0.04273  -0.2863  0.4986  0.4398  -1.8709   0.0000   0.4236
   1.000   1.7189   0.05281   0.04518  -0.2865  0.4805  0.4871  -2.0003   0.0000   0.4103
   2.000   1.8335   0.05399   0.04631  -0.2865  0.4627  0.5486  -2.1472   0.0000   0.3981
   3.000   1.9259   0.05676   0.04934  -0.2836  0.4501  0.6132  -2.2835   0.0000   0.3871
   4.000   1.9858   0.06049   0.05343  -0.2758  0.4355  0.6713  -2.4147   0.0000   0.3766
   5.000   2.1042   0.06366   0.05681  -0.2776  0.4194  0.7505  -2.6430   0.0000   0.3676
   6.000   2.0952   0.07186   0.06583  -0.2617  0.4065  0.7919  -2.7716   0.0000   0.3581
   7.000   2.1610   0.07564   0.06982  -0.2563  0.3892  0.8459  -3.0810   0.0000   0.3494
   8.000   2.1028   0.08831   0.08335  -0.2388  0.3727  0.8684  -3.1526   0.0000   0.3417
  15.000   2.0344   0.16853   0.16615  -0.2152  0.1966  1.0000  -4.3241   0.0000   0.3115
  16.000   1.9990   0.18887   0.18661  -0.2208  0.1644  1.0000  -4.3700   0.0000   0.3125


