XFLR5 v6.09.05 beta

 Calculated polar for: 20s1223

 1 1 Reynolds number fixed          Mach number fixed         

 xtrf =   1.000 (top)        1.000 (bottom)
 Mach =   0.000     Re =     0.200 e 6     Ncrit =   9.000

  alpha     CL        CD       CDp       Cm    Top Xtr Bot Xtr   Cpmin    Chinge    XCp    
 ------- -------- --------- --------- -------- ------- ------- -------- --------- ---------
   1.000   1.7237   0.05665   0.04941  -0.2900  0.4382  0.4492  -2.0265   0.0000   0.4114
   2.000   1.8378   0.05644   0.04914  -0.2895  0.4229  0.5140  -2.1725   0.0000   0.3989
   3.000   1.9229   0.05752   0.05050  -0.2847  0.4133  0.5673  -2.3052   0.0000   0.3874
   4.000   1.9855   0.05957   0.05282  -0.2767  0.4015  0.6152  -2.4401   0.0000   0.3766
   5.000   2.0652   0.06076   0.05424  -0.2714  0.3890  0.6642  -2.6242   0.0000   0.3666
   6.000   2.1273   0.06397   0.05785  -0.2645  0.3762  0.7099  -2.8635   0.0000   0.3573
   7.000   2.1688   0.06815   0.06244  -0.2552  0.3625  0.7494  -3.1323   0.0000   0.3482
   8.000   2.2406   0.07079   0.06533  -0.2506  0.3452  0.7900  -3.4678   0.0000   0.3399
   9.000   2.2470   0.07665   0.07168  -0.2383  0.3277  0.8216  -3.6884   0.0000   0.3314
  10.000   2.2892   0.08007   0.07532  -0.2310  0.3092  0.8523  -4.0119   0.0000   0.3235
  14.000   2.2177   0.12763   0.12448  -0.2062  0.2008  1.0000  -4.7561   0.0000   0.3025
  15.000   2.1378   0.15244   0.14941  -0.2115  0.1651  1.0000  -4.7180   0.0000   0.3047
  16.000   2.0696   0.17798   0.17514  -0.2196  0.1346  1.0000  -4.6916   0.0000   0.3080
  17.000   2.0223   0.20118   0.19850  -0.2272  0.1102  1.0000  -4.7667   0.0000   0.3104
  18.000   1.9838   0.22378   0.22126  -0.2346  0.0916  1.0000  -5.0420   0.0000   0.3124
  19.000   1.9527   0.24509   0.24270  -0.2409  0.0775  1.0000  -5.4611   0.0000   0.3135
  20.000   1.9141   0.26868   0.26665  -0.2474  0.0680  1.0000  -5.8379   0.0000   0.3154
  21.000   1.8613   0.29371   0.29209  -0.2523  0.0608  1.0000  -6.1474   0.0000   0.3174


