XFLR5 v6.09.05 beta

 Calculated polar for: 20s1223

 1 1 Reynolds number fixed          Mach number fixed         

 xtrf =   1.000 (top)        1.000 (bottom)
 Mach =   0.000     Re =     0.320 e 6     Ncrit =   9.000

  alpha     CL        CD       CDp       Cm    Top Xtr Bot Xtr   Cpmin    Chinge    XCp    
 ------- -------- --------- --------- -------- ------- ------- -------- --------- ---------
   0.000   1.6062   0.06054   0.05382  -0.2919  0.4171  0.3587  -1.8930   0.0000   0.4266
   1.000   1.6970   0.06272   0.05607  -0.2885  0.4052  0.4045  -2.0180   0.0000   0.4128
   2.000   1.7876   0.06401   0.05742  -0.2847  0.3931  0.4658  -2.1439   0.0000   0.4000
   3.000   1.8999   0.06226   0.05575  -0.2836  0.3813  0.5317  -2.3004   0.0000   0.3881
   4.000   1.9615   0.06483   0.05860  -0.2757  0.3735  0.5764  -2.4290   0.0000   0.3773
   5.000   2.0206   0.06708   0.06117  -0.2676  0.3630  0.6161  -2.5885   0.0000   0.3670
   6.000   2.1078   0.06618   0.06028  -0.2633  0.3471  0.6533  -2.8536   0.0000   0.3574
   7.000   2.1430   0.07078   0.06531  -0.2530  0.3389  0.6799  -3.1119   0.0000   0.3481
   8.000   2.1877   0.07458   0.06935  -0.2445  0.3232  0.7106  -3.3968   0.0000   0.3393
   9.000   2.2415   0.07796   0.07302  -0.2378  0.3072  0.7394  -3.7057   0.0000   0.3311
  10.000   2.2815   0.08295   0.07833  -0.2304  0.2906  0.7650  -4.0296   0.0000   0.3232
  11.000   2.3280   0.08710   0.08281  -0.2245  0.2659  0.7898  -4.3829   0.0000   0.3159
  12.000   2.3220   0.09692   0.09253  -0.2163  0.2153  0.8076  -4.6175   0.0000   0.3095
  13.000   2.2545   0.11519   0.11085  -0.2105  0.1682  0.8176  -4.6776   0.0000   0.3062
  14.000   2.1862   0.13623   0.13221  -0.2120  0.1377  0.8281  -4.7001   0.0000   0.3061
  15.000   2.1197   0.15956   0.15586  -0.2178  0.1152  0.8381  -4.6957   0.0000   0.3082
  16.000   2.0623   0.18369   0.18025  -0.2254  0.0960  0.8510  -4.6958   0.0000   0.3110
  18.000   1.9918   0.22687   0.22395  -0.2389  0.0692  1.0000  -5.2040   0.0000   0.3140
  19.000   1.9637   0.24757   0.24492  -0.2448  0.0602  1.0000  -5.6539   0.0000   0.3148
  20.000   1.9343   0.26852   0.26607  -0.2503  0.0519  1.0000  -6.1197   0.0000   0.3154
  21.000   1.8924   0.29150   0.28939  -0.2553  0.0454  1.0000  -6.5215   0.0000   0.3167


