XFLR5 v6.09.05 beta

 Calculated polar for: 20s1223

 1 1 Reynolds number fixed          Mach number fixed         

 xtrf =   1.000 (top)        1.000 (bottom)
 Mach =   0.000     Re =     0.140 e 6     Ncrit =   9.000

  alpha     CL        CD       CDp       Cm    Top Xtr Bot Xtr   Cpmin    Chinge    XCp    
 ------- -------- --------- --------- -------- ------- ------- -------- --------- ---------
   0.000   1.6170   0.05126   0.04369  -0.2886  0.4905  0.4329  -1.8796   0.0000   0.4240
   1.000   1.7233   0.05329   0.04569  -0.2877  0.4719  0.4804  -2.0091   0.0000   0.4105
   2.000   1.8465   0.05376   0.04612  -0.2889  0.4550  0.5419  -2.1623   0.0000   0.3982
   3.000   1.9142   0.05686   0.04959  -0.2819  0.4431  0.5993  -2.2765   0.0000   0.3870
   4.000   1.9992   0.05911   0.05195  -0.2777  0.4288  0.6628  -2.4367   0.0000   0.3766
   5.000   2.0821   0.06309   0.05644  -0.2740  0.4152  0.7266  -2.6200   0.0000   0.3672
   6.000   2.1057   0.06954   0.06349  -0.2625  0.4003  0.7777  -2.7981   0.0000   0.3578
   7.000   2.2055   0.07281   0.06681  -0.2618  0.3823  0.8344  -3.1687   0.0000   0.3496
   8.000   2.1464   0.08295   0.07800  -0.2421  0.3674  0.8566  -3.2482   0.0000   0.3409
  15.000   2.0922   0.15731   0.15470  -0.2106  0.1922  1.0000  -4.5282   0.0000   0.3065
  16.000   2.0171   0.18560   0.18329  -0.2200  0.1601  1.0000  -4.4492   0.0000   0.3111
  17.000   1.9775   0.20794   0.20582  -0.2267  0.1350  1.0000  -4.5015   0.0000   0.3128
  18.000   1.9261   0.23465   0.23284  -0.2346  0.1173  1.0000  -4.6043   0.0000   0.3162


