XFLR5 v6.09.05 beta

 Calculated polar for: 20s1223

 1 1 Reynolds number fixed          Mach number fixed         

 xtrf =   1.000 (top)        1.000 (bottom)
 Mach =   0.000     Re =     0.345 e 6     Ncrit =   9.000

  alpha     CL        CD       CDp       Cm    Top Xtr Bot Xtr   Cpmin    Chinge    XCp    
 ------- -------- --------- --------- -------- ------- ------- -------- --------- ---------
   0.000   1.6032   0.06158   0.05501  -0.2919  0.4137  0.3529  -1.8919   0.0000   0.4269
   1.000   1.6940   0.06364   0.05709  -0.2884  0.4007  0.3984  -2.0176   0.0000   0.4130
   2.000   1.7914   0.06400   0.05743  -0.2854  0.3865  0.4607  -2.1492   0.0000   0.4001
   3.000   1.8824   0.06465   0.05831  -0.2816  0.3788  0.5237  -2.2853   0.0000   0.3883
   4.000   1.9515   0.06664   0.06052  -0.2749  0.3698  0.5711  -2.4198   0.0000   0.3775
   5.000   2.0149   0.06838   0.06250  -0.2673  0.3591  0.6114  -2.5843   0.0000   0.3671
   6.000   2.0900   0.06841   0.06267  -0.2613  0.3455  0.6444  -2.8259   0.0000   0.3574
   7.000   2.1381   0.07190   0.06650  -0.2527  0.3356  0.6726  -3.1064   0.0000   0.3481
   8.000   2.1861   0.07499   0.06972  -0.2445  0.3180  0.7033  -3.3966   0.0000   0.3393
   9.000   2.2359   0.07918   0.07432  -0.2375  0.3046  0.7279  -3.6980   0.0000   0.3311
  10.000   2.2779   0.08313   0.07848  -0.2299  0.2876  0.7525  -4.0243   0.0000   0.3232
  11.000   2.3282   0.08792   0.08348  -0.2248  0.2565  0.7800  -4.3893   0.0000   0.3160
  12.000   2.3131   0.09835   0.09382  -0.2161  0.2000  0.7931  -4.6002   0.0000   0.3097
  13.000   2.2547   0.11557   0.11116  -0.2109  0.1575  0.8047  -4.6817   0.0000   0.3063
  14.000   2.1876   0.13645   0.13236  -0.2124  0.1307  0.8158  -4.7072   0.0000   0.3062
  15.000   2.1222   0.15957   0.15580  -0.2181  0.1094  0.8249  -4.7071   0.0000   0.3082
  17.000   2.0259   0.20551   0.20230  -0.2326  0.0775  0.8464  -4.8215   0.0000   0.3127
  19.000   1.9675   0.24733   0.24465  -0.2451  0.0576  1.0000  -5.6981   0.0000   0.3146
  20.000   1.9322   0.26978   0.26725  -0.2511  0.0486  1.0000  -6.1168   0.0000   0.3159
  21.000   1.8971   0.29104   0.28890  -0.2556  0.0431  1.0000  -6.5756   0.0000   0.3165
  23.000   1.4064   0.30217   0.30143  -0.2304  0.0345  1.0000  -5.1908   0.0000   0.3379


