XFLR5 v6.09.05 beta

 Calculated polar for: 20s1223

 1 1 Reynolds number fixed          Mach number fixed         

 xtrf =   1.000 (top)        1.000 (bottom)
 Mach =   0.000     Re =     0.075 e 6     Ncrit =   9.000

  alpha     CL        CD       CDp       Cm    Top Xtr Bot Xtr   Cpmin    Chinge    XCp    
 ------- -------- --------- --------- -------- ------- ------- -------- --------- ---------
   0.000   1.4380   0.05404   0.04664  -0.2563  0.5838  0.5108  -1.6968   0.0000   0.4241
   1.000   1.6026   0.05694   0.04921  -0.2670  0.5569  0.5598  -1.8574   0.0000   0.4106
   2.000   1.7734   0.05851   0.05040  -0.2766  0.5335  0.6334  -2.0476   0.0000   0.3983
   3.000   1.6837   0.07592   0.06905  -0.2530  0.5138  0.6548  -1.9751   0.0000   0.3901
   4.000   1.6480   0.09426   0.08788  -0.2409  0.4942  0.6983  -1.9547   0.0000   0.3839
   5.000   1.2978   0.16680   0.16159  -0.2453  0.4930  0.6091  -1.3678   0.0000   0.4252
   6.000   1.2385   0.18736   0.18260  -0.2537  0.5075  0.6181  -1.2254   0.0000   0.4390
   7.000   1.2761   0.20030   0.19566  -0.2566  0.4759  0.6737  -1.2716   0.0000   0.4327
   8.000   1.3989   0.22413   0.21963  -0.2595  0.4563  0.7919  -1.4776   0.0000   0.4147
   9.000   1.4604   0.23943   0.23507  -0.2622  0.4191  0.8764  -1.6181   0.0000   0.4061
  25.000   1.0265   0.36393   0.36330  -0.2391  0.0888  1.0000  -1.1808   0.0000   0.4085


