XFLR5 v6.09.05 beta

 Calculated polar for: 20s1223

 1 1 Reynolds number fixed          Mach number fixed         

 xtrf =   1.000 (top)        1.000 (bottom)
 Mach =   0.000     Re =     0.325 e 6     Ncrit =   9.000

  alpha     CL        CD       CDp       Cm    Top Xtr Bot Xtr   Cpmin    Chinge    XCp    
 ------- -------- --------- --------- -------- ------- ------- -------- --------- ---------
   0.000   1.6052   0.06079   0.05410  -0.2919  0.4165  0.3575  -1.8924   0.0000   0.4266
   1.000   1.6962   0.06293   0.05630  -0.2884  0.4043  0.4032  -2.0178   0.0000   0.4128
   2.000   1.7869   0.06411   0.05753  -0.2846  0.3919  0.4636  -2.1438   0.0000   0.4000
   3.000   1.8972   0.06265   0.05617  -0.2833  0.3808  0.5302  -2.2983   0.0000   0.3882
   4.000   1.9586   0.06529   0.05909  -0.2754  0.3728  0.5752  -2.4260   0.0000   0.3773
   5.000   2.0191   0.06739   0.06149  -0.2676  0.3622  0.6152  -2.5873   0.0000   0.3670
   6.000   2.1026   0.06675   0.06088  -0.2627  0.3468  0.6513  -2.8454   0.0000   0.3574
   7.000   2.1418   0.07101   0.06556  -0.2529  0.3383  0.6782  -3.1105   0.0000   0.3481
   8.000   2.1864   0.07470   0.06946  -0.2443  0.3223  0.7089  -3.3951   0.0000   0.3393
   9.000   2.2409   0.07817   0.07325  -0.2378  0.3066  0.7371  -3.7052   0.0000   0.3311
  10.000   2.2813   0.08304   0.07841  -0.2304  0.2900  0.7626  -4.0301   0.0000   0.3232
  11.000   2.3285   0.08725   0.08293  -0.2246  0.2641  0.7881  -4.3853   0.0000   0.3159
  12.000   2.3214   0.09710   0.09269  -0.2163  0.2121  0.8048  -4.6170   0.0000   0.3095
  13.000   2.2549   0.11523   0.11088  -0.2106  0.1660  0.8150  -4.6793   0.0000   0.3062
  14.000   2.1870   0.13621   0.13217  -0.2120  0.1363  0.8257  -4.7029   0.0000   0.3061
  15.000   2.1206   0.15948   0.15577  -0.2178  0.1140  0.8347  -4.6995   0.0000   0.3081
  16.000   2.0634   0.18353   0.18008  -0.2254  0.0951  0.8466  -4.7003   0.0000   0.3109
  17.000   2.0208   0.20644   0.20326  -0.2328  0.0796  0.8673  -4.7762   0.0000   0.3131
  18.000   1.9918   0.22703   0.22410  -0.2391  0.0685  1.0000  -5.2063   0.0000   0.3141
  19.000   1.9646   0.24751   0.24486  -0.2449  0.0597  1.0000  -5.6635   0.0000   0.3147
  20.000   1.9337   0.26883   0.26637  -0.2505  0.0512  1.0000  -6.1179   0.0000   0.3155
  21.000   1.8935   0.29137   0.28926  -0.2554  0.0450  1.0000  -6.5341   0.0000   0.3166


