XFLR5 v6.09.05 beta

 Calculated polar for: 20s1223

 1 1 Reynolds number fixed          Mach number fixed         

 xtrf =   1.000 (top)        1.000 (bottom)
 Mach =   0.000     Re =     0.215 e 6     Ncrit =   9.000

  alpha     CL        CD       CDp       Cm    Top Xtr Bot Xtr   Cpmin    Chinge    XCp    
 ------- -------- --------- --------- -------- ------- ------- -------- --------- ---------
   0.000   1.6215   0.05590   0.04876  -0.2923  0.4484  0.3934  -1.8972   0.0000   0.4254
   1.000   1.7204   0.05753   0.05034  -0.2899  0.4322  0.4417  -2.0273   0.0000   0.4116
   2.000   1.8375   0.05685   0.04966  -0.2898  0.4177  0.5081  -2.1741   0.0000   0.3990
   3.000   1.9121   0.05874   0.05185  -0.2836  0.4084  0.5616  -2.2974   0.0000   0.3876
   4.000   1.9802   0.06021   0.05349  -0.2763  0.3966  0.6098  -2.4379   0.0000   0.3767
   5.000   2.0815   0.06011   0.05359  -0.2741  0.3823  0.6593  -2.6456   0.0000   0.3669
   6.000   2.1141   0.06446   0.05845  -0.2628  0.3722  0.6972  -2.8450   0.0000   0.3571
   7.000   2.1715   0.06762   0.06187  -0.2556  0.3585  0.7370  -3.1434   0.0000   0.3481
   8.000   2.2283   0.07110   0.06574  -0.2490  0.3424  0.7758  -3.4498   0.0000   0.3397
   9.000   2.2500   0.07615   0.07111  -0.2385  0.3240  0.8073  -3.7015   0.0000   0.3312
  10.000   2.2876   0.08020   0.07550  -0.2308  0.3065  0.8334  -4.0146   0.0000   0.3234
  14.000   2.2179   0.12825   0.12492  -0.2069  0.1918  1.0000  -4.7651   0.0000   0.3028
  15.000   2.1363   0.15352   0.15045  -0.2126  0.1572  1.0000  -4.7209   0.0000   0.3052
  16.000   2.0667   0.17929   0.17629  -0.2209  0.1273  1.0000  -4.6905   0.0000   0.3087
  17.000   2.0134   0.20406   0.20112  -0.2293  0.1030  1.0000  -4.7260   0.0000   0.3119
  18.000   1.9799   0.22567   0.22301  -0.2361  0.0866  1.0000  -5.0344   0.0000   0.3134
  19.000   1.9544   0.24565   0.24327  -0.2417  0.0749  1.0000  -5.4922   0.0000   0.3138
  20.000   1.9225   0.26710   0.26486  -0.2474  0.0646  1.0000  -5.9287   0.0000   0.3147
  21.000   1.8662   0.29360   0.29195  -0.2531  0.0585  1.0000  -6.2064   0.0000   0.3175


