XFLR5 v6.09.05 beta

 Calculated polar for: 25s1223

 1 1 Reynolds number fixed          Mach number fixed         

 xtrf =   1.000 (top)        1.000 (bottom)
 Mach =   0.000     Re =     0.260 e 6     Ncrit =   9.000

  alpha     CL        CD       CDp       Cm    Top Xtr Bot Xtr   Cpmin    Chinge    XCp    
 ------- -------- --------- --------- -------- ------- ------- -------- --------- ---------
   0.000   1.5576   0.08312   0.07686  -0.2733  0.4281  0.3688  -1.8518   0.0000   0.4186
   1.000   1.6878   0.08091   0.07456  -0.2751  0.4149  0.4152  -2.0127   0.0000   0.4043
   2.000   1.7854   0.08045   0.07427  -0.2725  0.4037  0.4700  -2.1476   0.0000   0.3918
   3.000   1.8792   0.07884   0.07265  -0.2689  0.3927  0.5206  -2.2961   0.0000   0.3803
   4.000   1.9728   0.07610   0.07003  -0.2653  0.3814  0.5648  -2.4710   0.0000   0.3698
   5.000   2.0206   0.07755   0.07197  -0.2559  0.3715  0.5931  -2.6212   0.0000   0.3597
   6.000   2.0830   0.07864   0.07318  -0.2492  0.3583  0.6284  -2.8819   0.0000   0.3503
   7.000   2.1550   0.07873   0.07348  -0.2441  0.3444  0.6670  -3.2051   0.0000   0.3417
   8.000   2.1870   0.08330   0.07850  -0.2347  0.3287  0.6949  -3.4683   0.0000   0.3331
   9.000   2.2450   0.08570   0.08105  -0.2291  0.3104  0.7256  -3.7948   0.0000   0.3251
  10.000   2.2899   0.08949   0.08530  -0.2225  0.2931  0.7576  -4.1372   0.0000   0.3175
  11.000   2.3315   0.09508   0.09123  -0.2172  0.2698  0.7831  -4.4834   0.0000   0.3105
  12.000   2.3051   0.10825   0.10456  -0.2091  0.2311  0.7993  -4.6663   0.0000   0.3046
  13.000   2.2403   0.12784   0.12427  -0.2061  0.1862  0.8117  -4.7261   0.0000   0.3021
  14.000   2.1567   0.15237   0.14900  -0.2100  0.1505  0.8179  -4.6946   0.0000   0.3034
  15.000   2.0797   0.17893   0.17571  -0.2178  0.1216  0.8241  -4.6464   0.0000   0.3067
  16.000   2.0272   0.20306   0.19998  -0.2253  0.0983  0.8316  -4.6698   0.0000   0.3092
  17.000   1.9927   0.22463   0.22184  -0.2317  0.0833  0.8446  -4.8923   0.0000   0.3103
  18.000   1.9669   0.24475   0.24228  -0.2372  0.0720  0.8587  -5.3549   0.0000   0.3105
  20.000   1.8923   0.28944   0.28760  -0.2476  0.0549  1.0000  -6.1958   0.0000   0.3122


