XFLR5 v6.09.05 beta

 Calculated polar for: 25s1223

 1 1 Reynolds number fixed          Mach number fixed         

 xtrf =   1.000 (top)        1.000 (bottom)
 Mach =   0.000     Re =     0.265 e 6     Ncrit =   9.000

  alpha     CL        CD       CDp       Cm    Top Xtr Bot Xtr   Cpmin    Chinge    XCp    
 ------- -------- --------- --------- -------- ------- ------- -------- --------- ---------
   0.000   1.5593   0.08323   0.07696  -0.2736  0.4259  0.3677  -1.8536   0.0000   0.4186
   1.000   1.6714   0.08291   0.07666  -0.2731  0.4138  0.4114  -1.9970   0.0000   0.4046
   2.000   1.7796   0.08121   0.07505  -0.2718  0.4025  0.4664  -2.1424   0.0000   0.3919
   3.000   1.8802   0.07903   0.07283  -0.2692  0.3911  0.5198  -2.2977   0.0000   0.3804
   4.000   1.9686   0.07677   0.07074  -0.2649  0.3807  0.5631  -2.4668   0.0000   0.3698
   5.000   2.0188   0.07804   0.07248  -0.2558  0.3704  0.5912  -2.6197   0.0000   0.3597
   6.000   2.0829   0.07892   0.07345  -0.2493  0.3571  0.6269  -2.8831   0.0000   0.3503
   7.000   2.1514   0.07909   0.07386  -0.2437  0.3437  0.6648  -3.1992   0.0000   0.3417
   8.000   2.1862   0.08363   0.07881  -0.2347  0.3277  0.6917  -3.4685   0.0000   0.3331
   9.000   2.2445   0.08590   0.08126  -0.2291  0.3098  0.7226  -3.7949   0.0000   0.3251
  10.000   2.2925   0.08961   0.08540  -0.2229  0.2922  0.7550  -4.1451   0.0000   0.3175
  11.000   2.3324   0.09517   0.09131  -0.2173  0.2682  0.7796  -4.4874   0.0000   0.3105
  12.000   2.3029   0.10855   0.10481  -0.2091  0.2283  0.7957  -4.6624   0.0000   0.3046
  13.000   2.2385   0.12817   0.12457  -0.2063  0.1829  0.8080  -4.7227   0.0000   0.3022
  14.000   2.1535   0.15302   0.14961  -0.2104  0.1480  0.8142  -4.6861   0.0000   0.3037
  15.000   2.0783   0.17932   0.17606  -0.2181  0.1195  0.8207  -4.6430   0.0000   0.3069
  16.000   2.0288   0.20285   0.19978  -0.2253  0.0976  0.8288  -4.6767   0.0000   0.3091
  17.000   1.9924   0.22482   0.22199  -0.2319  0.0822  0.8404  -4.8936   0.0000   0.3104
  18.000   1.9675   0.24466   0.24217  -0.2372  0.0712  0.8542  -5.3632   0.0000   0.3105
  19.000   1.9329   0.26709   0.26478  -0.2431  0.0611  0.8702  -5.7855   0.0000   0.3115
  20.000   1.8924   0.28962   0.28775  -0.2478  0.0542  1.0000  -6.2015   0.0000   0.3123


