XFLR5 v6.09.05 beta

 Calculated polar for: 25s1223

 1 1 Reynolds number fixed          Mach number fixed         

 xtrf =   1.000 (top)        1.000 (bottom)
 Mach =   0.000     Re =     0.285 e 6     Ncrit =   9.000

  alpha     CL        CD       CDp       Cm    Top Xtr Bot Xtr   Cpmin    Chinge    XCp    
 ------- -------- --------- --------- -------- ------- ------- -------- --------- ---------
   0.000   1.5616   0.08415   0.07797  -0.2743  0.4201  0.3630  -1.8566   0.0000   0.4188
   1.000   1.6596   0.08538   0.07927  -0.2721  0.4092  0.4040  -1.9879   0.0000   0.4050
   2.000   1.7539   0.08505   0.07903  -0.2689  0.3978  0.4582  -2.1188   0.0000   0.3923
   3.000   1.8985   0.07800   0.07180  -0.2718  0.3839  0.5186  -2.3178   0.0000   0.3804
   4.000   1.9531   0.07936   0.07350  -0.2632  0.3773  0.5553  -2.4512   0.0000   0.3699
   5.000   2.0119   0.08009   0.07458  -0.2554  0.3663  0.5856  -2.6139   0.0000   0.3598
   6.000   2.0918   0.07903   0.07351  -0.2507  0.3515  0.6229  -2.9023   0.0000   0.3505
   7.000   2.1421   0.08089   0.07577  -0.2428  0.3406  0.6557  -3.1869   0.0000   0.3416
   8.000   2.1856   0.08472   0.07986  -0.2349  0.3237  0.6814  -3.4727   0.0000   0.3331
   9.000   2.2403   0.08624   0.08164  -0.2285  0.3075  0.7124  -3.7886   0.0000   0.3251
  10.000   2.2991   0.08992   0.08565  -0.2237  0.2887  0.7434  -4.1665   0.0000   0.3176
  11.000   2.3330   0.09558   0.09160  -0.2174  0.2610  0.7662  -4.4950   0.0000   0.3105
  12.000   2.2982   0.10988   0.10599  -0.2094  0.2165  0.7834  -4.6565   0.0000   0.3049
  13.000   2.2257   0.13004   0.12627  -0.2068  0.1715  0.7942  -4.6918   0.0000   0.3028
  14.000   2.1470   0.15423   0.15071  -0.2111  0.1393  0.8001  -4.6708   0.0000   0.3043
  15.000   2.0824   0.17893   0.17566  -0.2182  0.1139  0.8082  -4.6610   0.0000   0.3068
  16.000   2.0340   0.20223   0.19915  -0.2254  0.0942  0.8172  -4.6995   0.0000   0.3088
  17.000   1.9941   0.22495   0.22207  -0.2322  0.0788  0.8287  -4.9184   0.0000   0.3105
  18.000   1.9683   0.24488   0.24228  -0.2376  0.0683  0.8387  -5.3845   0.0000   0.3107
  19.000   1.9356   0.26658   0.26426  -0.2432  0.0592  0.8498  -5.8204   0.0000   0.3114
  20.000   1.8917   0.29026   0.28827  -0.2484  0.0517  0.8629  -6.2113   0.0000   0.3126
  21.000   1.5333   0.29540   0.29437  -0.2239  0.0463  0.8566  -5.1973   0.0000   0.3231


