XFLR5 v6.09.05 beta

 Calculated polar for: 25s1223

 1 1 Reynolds number fixed          Mach number fixed         

 xtrf =   1.000 (top)        1.000 (bottom)
 Mach =   0.000     Re =     0.335 e 6     Ncrit =   9.000

  alpha     CL        CD       CDp       Cm    Top Xtr Bot Xtr   Cpmin    Chinge    XCp    
 ------- -------- --------- --------- -------- ------- ------- -------- --------- ---------
   0.000   1.5622   0.08706   0.08114  -0.2753  0.4119  0.3514  -1.8612   0.0000   0.4192
   1.000   1.6585   0.08808   0.08211  -0.2727  0.3990  0.3925  -1.9927   0.0000   0.4054
   2.000   1.7590   0.08643   0.08048  -0.2701  0.3841  0.4483  -2.1268   0.0000   0.3925
   3.000   1.8415   0.08662   0.08088  -0.2655  0.3784  0.4994  -2.2617   0.0000   0.3810
   4.000   1.9188   0.08628   0.08070  -0.2601  0.3688  0.5407  -2.4159   0.0000   0.3702
   5.000   1.9921   0.08568   0.08026  -0.2542  0.3572  0.5774  -2.5952   0.0000   0.3601
   6.000   2.0716   0.08369   0.07843  -0.2492  0.3450  0.6124  -2.8739   0.0000   0.3507
   7.000   2.1263   0.08526   0.08028  -0.2418  0.3333  0.6363  -3.1672   0.0000   0.3417
   8.000   2.1932   0.08581   0.08088  -0.2364  0.3130  0.6668  -3.4952   0.0000   0.3333
   9.000   2.2521   0.08816   0.08366  -0.2306  0.3006  0.6928  -3.8272   0.0000   0.3253
  10.000   2.3073   0.09039   0.08603  -0.2249  0.2801  0.7194  -4.1950   0.0000   0.3177
  11.000   2.3313   0.09753   0.09333  -0.2179  0.2386  0.7407  -4.5037   0.0000   0.3107
  12.000   2.2780   0.11291   0.10870  -0.2094  0.1876  0.7529  -4.6137   0.0000   0.3056
  13.000   2.2107   0.13257   0.12855  -0.2078  0.1495  0.7646  -4.6575   0.0000   0.3039
  14.000   2.1420   0.15584   0.15213  -0.2125  0.1236  0.7746  -4.6631   0.0000   0.3051
  15.000   2.0819   0.17979   0.17634  -0.2193  0.1023  0.7833  -4.6672   0.0000   0.3073
  16.000   2.0346   0.20298   0.19977  -0.2263  0.0852  0.7916  -4.7079   0.0000   0.3093
  17.000   2.0025   0.22399   0.22110  -0.2325  0.0729  0.8012  -5.0077   0.0000   0.3101
  18.000   1.9699   0.24566   0.24291  -0.2386  0.0615  0.8143  -5.4269   0.0000   0.3110
  19.000   1.9416   0.26614   0.26370  -0.2437  0.0537  0.8234  -5.9023   0.0000   0.3113
  20.000   1.8944   0.29040   0.28820  -0.2490  0.0461  0.8306  -6.2648   0.0000   0.3128
  21.000   1.5391   0.29531   0.29424  -0.2244  0.0431  0.8283  -5.2870   0.0000   0.3229
  22.000   1.3868   0.30356   0.30304  -0.2252  0.0381  0.8296  -4.8183   0.0000   0.3355
  23.000   1.1344   0.33209   0.33195  -0.2340  0.0241  0.8093  -2.7116   0.0000   0.3782


