XFLR5 v6.09.05 beta

 Calculated polar for: 25s1223

 1 1 Reynolds number fixed          Mach number fixed         

 xtrf =   1.000 (top)        1.000 (bottom)
 Mach =   0.000     Re =     0.105 e 6     Ncrit =   9.000

  alpha     CL        CD       CDp       Cm    Top Xtr Bot Xtr   Cpmin    Chinge    XCp    
 ------- -------- --------- --------- -------- ------- ------- -------- --------- ---------
   0.000   1.5113   0.06015   0.05317  -0.2555  0.5267  0.4547  -1.7868   0.0000   0.4135
   1.000   1.6778   0.06197   0.05462  -0.2655  0.5040  0.4953  -1.9640   0.0000   0.4008
   2.000   1.7693   0.06639   0.05939  -0.2639  0.4859  0.5452  -2.0831   0.0000   0.3897
   3.000   1.8583   0.07053   0.06370  -0.2618  0.4702  0.6050  -2.2176   0.0000   0.3794
   4.000   1.9267   0.07635   0.06983  -0.2572  0.4547  0.6686  -2.3566   0.0000   0.3699
   5.000   1.8469   0.09139   0.08582  -0.2377  0.4367  0.6906  -2.3193   0.0000   0.3624
   6.000   1.9339   0.09654   0.09129  -0.2365  0.4203  0.7651  -2.5327   0.0000   0.3537
  22.000   1.0503   0.34754   0.34702  -0.2329  0.0951  1.0000  -1.0659   0.0000   0.4023
  23.000   1.0524   0.35096   0.35059  -0.2311  0.0804  1.0000  -1.3118   0.0000   0.3959
  24.000   1.0282   0.36409   0.36378  -0.2359  0.0724  1.0000  -1.1926   0.0000   0.4017
  25.000   1.0337   0.36896   0.36878  -0.2322  0.0621  1.0000  -1.4502   0.0000   0.3925


