XFLR5 v6.09.05 beta

 Calculated polar for: 25s1223

 1 1 Reynolds number fixed          Mach number fixed         

 xtrf =   1.000 (top)        1.000 (bottom)
 Mach =   0.000     Re =     0.250 e 6     Ncrit =   9.000

  alpha     CL        CD       CDp       Cm    Top Xtr Bot Xtr   Cpmin    Chinge    XCp    
 ------- -------- --------- --------- -------- ------- ------- -------- --------- ---------
   0.000   1.5565   0.08256   0.07630  -0.2730  0.4319  0.3709  -1.8499   0.0000   0.4186
   1.000   1.7037   0.07871   0.07222  -0.2770  0.4171  0.4197  -2.0269   0.0000   0.4040
   2.000   1.7943   0.07885   0.07262  -0.2734  0.4064  0.4745  -2.1550   0.0000   0.3917
   3.000   1.8804   0.07804   0.07186  -0.2689  0.3957  0.5224  -2.2958   0.0000   0.3803
   4.000   1.9812   0.07474   0.06858  -0.2662  0.3829  0.5684  -2.4792   0.0000   0.3697
   5.000   2.0245   0.07658   0.07096  -0.2562  0.3738  0.5973  -2.6246   0.0000   0.3597
   6.000   2.0843   0.07796   0.07250  -0.2491  0.3604  0.6321  -2.8815   0.0000   0.3503
   7.000   2.1611   0.07789   0.07268  -0.2447  0.3458  0.6714  -3.2140   0.0000   0.3417
   8.000   2.1896   0.08259   0.07779  -0.2349  0.3308  0.7018  -3.4699   0.0000   0.3331
   9.000   2.2463   0.08522   0.08053  -0.2291  0.3115  0.7324  -3.7950   0.0000   0.3251
  10.000   2.2897   0.08967   0.08550  -0.2227  0.2945  0.7650  -4.1345   0.0000   0.3176
  11.000   2.3293   0.09488   0.09102  -0.2169  0.2727  0.7898  -4.4743   0.0000   0.3105
  12.000   2.3083   0.10779   0.10419  -0.2093  0.2365  0.8078  -4.6709   0.0000   0.3046
  13.000   2.2414   0.12741   0.12388  -0.2058  0.1925  0.8189  -4.7265   0.0000   0.3019
  14.000   2.1621   0.15119   0.14792  -0.2094  0.1558  0.8253  -4.7082   0.0000   0.3029
  15.000   2.0846   0.17771   0.17458  -0.2170  0.1260  0.8309  -4.6596   0.0000   0.3062
  16.000   2.0275   0.20271   0.19969  -0.2250  0.1012  0.8375  -4.6691   0.0000   0.3090
  17.000   1.9933   0.22431   0.22158  -0.2314  0.0853  0.8538  -4.8893   0.0000   0.3101
  18.000   1.9656   0.24504   0.24261  -0.2372  0.0735  0.8704  -5.3374   0.0000   0.3106
  19.000   1.9323   0.26671   0.26437  -0.2427  0.0621  1.0000  -5.7700   0.0000   0.3112
  20.000   1.8915   0.28922   0.28742  -0.2473  0.0562  1.0000  -6.1785   0.0000   0.3121


