XFLR5 v6.09.05 beta

 Calculated polar for: 25s1223

 1 1 Reynolds number fixed          Mach number fixed         

 xtrf =   1.000 (top)        1.000 (bottom)
 Mach =   0.000     Re =     0.350 e 6     Ncrit =   9.000

  alpha     CL        CD       CDp       Cm    Top Xtr Bot Xtr   Cpmin    Chinge    XCp    
 ------- -------- --------- --------- -------- ------- ------- -------- --------- ---------
   0.000   1.5637   0.08760   0.08173  -0.2757  0.4092  0.3486  -1.8637   0.0000   0.4193
   1.000   1.6593   0.08857   0.08261  -0.2730  0.3960  0.3896  -1.9949   0.0000   0.4054
   2.000   1.7553   0.08760   0.08173  -0.2699  0.3830  0.4447  -2.1244   0.0000   0.3926
   3.000   1.8390   0.08767   0.08199  -0.2654  0.3763  0.4965  -2.2602   0.0000   0.3811
   4.000   1.9175   0.08731   0.08176  -0.2602  0.3665  0.5387  -2.4158   0.0000   0.3703
   5.000   1.9948   0.08614   0.08071  -0.2548  0.3537  0.5762  -2.5996   0.0000   0.3602
   6.000   2.0659   0.08513   0.07994  -0.2488  0.3436  0.6089  -2.8658   0.0000   0.3507
   7.000   2.1270   0.08610   0.08113  -0.2421  0.3311  0.6330  -3.1710   0.0000   0.3417
   8.000   2.1921   0.08649   0.08162  -0.2364  0.3121  0.6629  -3.4948   0.0000   0.3333
   9.000   2.2549   0.08858   0.08408  -0.2310  0.2988  0.6877  -3.8361   0.0000   0.3254
  10.000   2.3069   0.09063   0.08630  -0.2248  0.2785  0.7143  -4.1958   0.0000   0.3177
  11.000   2.3270   0.09843   0.09413  -0.2179  0.2306  0.7335  -4.4966   0.0000   0.3108
  12.000   2.2747   0.11383   0.10955  -0.2098  0.1793  0.7461  -4.6075   0.0000   0.3058
  13.000   2.2052   0.13319   0.12912  -0.2079  0.1455  0.7568  -4.6431   0.0000   0.3041
  16.000   2.0323   0.20386   0.20062  -0.2269  0.0826  0.7851  -4.7004   0.0000   0.3097
  17.000   2.0029   0.22413   0.22121  -0.2327  0.0709  0.7948  -5.0172   0.0000   0.3102
  18.000   1.9737   0.24502   0.24228  -0.2385  0.0604  0.8074  -5.4641   0.0000   0.3108
  19.000   1.9413   0.26654   0.26404  -0.2440  0.0520  0.8167  -5.9090   0.0000   0.3114
  20.000   1.8977   0.28987   0.28768  -0.2491  0.0451  0.8245  -6.3000   0.0000   0.3126
  21.000   1.5428   0.29517   0.29407  -0.2245  0.0419  0.8220  -5.3270   0.0000   0.3226
  22.000   1.4281   0.30130   0.30056  -0.2246  0.0366  0.8264  -5.1814   0.0000   0.3301


