XFLR5 v6.09.05 beta

 Calculated polar for: 25s1223

 1 1 Reynolds number fixed          Mach number fixed         

 xtrf =   1.000 (top)        1.000 (bottom)
 Mach =   0.000     Re =     0.220 e 6     Ncrit =   9.000

  alpha     CL        CD       CDp       Cm    Top Xtr Bot Xtr   Cpmin    Chinge    XCp    
 ------- -------- --------- --------- -------- ------- ------- -------- --------- ---------
   0.000   1.5936   0.07694   0.07051  -0.2771  0.4426  0.3868  -1.8813   0.0000   0.4173
   1.000   1.7226   0.07468   0.06796  -0.2787  0.4253  0.4340  -2.0418   0.0000   0.4034
   2.000   1.8149   0.07406   0.06760  -0.2751  0.4151  0.4835  -2.1708   0.0000   0.3912
   3.000   1.8897   0.07456   0.06830  -0.2692  0.4045  0.5279  -2.2991   0.0000   0.3800
   4.000   1.9641   0.07432   0.06811  -0.2631  0.3927  0.5721  -2.4556   0.0000   0.3694
   5.000   2.0455   0.07370   0.06785  -0.2585  0.3805  0.6161  -2.6466   0.0000   0.3597
   6.000   2.0875   0.07635   0.07090  -0.2491  0.3677  0.6482  -2.8776   0.0000   0.3503
   7.000   2.1605   0.07710   0.07171  -0.2441  0.3532  0.6886  -3.2057   0.0000   0.3416
   8.000   2.2003   0.08108   0.07627  -0.2361  0.3376  0.7231  -3.4804   0.0000   0.3333
   9.000   2.2452   0.08428   0.07951  -0.2287  0.3170  0.7561  -3.7828   0.0000   0.3251
  10.000   2.2819   0.09005   0.08594  -0.2222  0.2998  0.7896  -4.1061   0.0000   0.3177
  11.000   2.3238   0.09478   0.09086  -0.2165  0.2781  0.8121  -4.4512   0.0000   0.3106
  12.000   2.3112   0.10604   0.10243  -0.2087  0.2497  0.8320  -4.6659   0.0000   0.3043
  13.000   2.2535   0.12472   0.12154  -0.2047  0.2123  0.8416  -4.7469   0.0000   0.3011
  14.000   2.1701   0.14903   0.14598  -0.2078  0.1732  0.8490  -4.7213   0.0000   0.3019
  15.000   2.0936   0.17511   0.17219  -0.2151  0.1400  0.8568  -4.6771   0.0000   0.3048
  16.000   2.0348   0.20057   0.19783  -0.2233  0.1127  0.8702  -4.6849   0.0000   0.3078
  17.000   1.9941   0.22358   0.22106  -0.2305  0.0928  1.0000  -4.8765   0.0000   0.3096
  18.000   1.9610   0.24502   0.24259  -0.2365  0.0779  1.0000  -5.2760   0.0000   0.3105
  19.000   1.9265   0.26710   0.26505  -0.2421  0.0683  1.0000  -5.6909   0.0000   0.3114
  20.000   1.8902   0.28800   0.28622  -0.2460  0.0601  1.0000  -6.1326   0.0000   0.3115


