XFLR5 v6.09.05 beta

 Calculated polar for: 25s1223

 1 1 Reynolds number fixed          Mach number fixed         

 xtrf =   1.000 (top)        1.000 (bottom)
 Mach =   0.000     Re =     0.160 e 6     Ncrit =   9.000

  alpha     CL        CD       CDp       Cm    Top Xtr Bot Xtr   Cpmin    Chinge    XCp    
 ------- -------- --------- --------- -------- ------- ------- -------- --------- ---------
   0.000   1.6009   0.06793   0.06108  -0.2750  0.4722  0.4147  -1.8802   0.0000   0.4157
   1.000   1.7356   0.06700   0.05995  -0.2781  0.4545  0.4609  -2.0390   0.0000   0.4023
   2.000   1.8116   0.06841   0.06167  -0.2724  0.4412  0.5030  -2.1528   0.0000   0.3904
   3.000   1.9095   0.06817   0.06143  -0.2697  0.4287  0.5539  -2.3052   0.0000   0.3793
   4.000   1.9897   0.06976   0.06327  -0.2652  0.4161  0.6085  -2.4656   0.0000   0.3693
   5.000   2.0261   0.07366   0.06782  -0.2550  0.4025  0.6525  -2.6007   0.0000   0.3596
   6.000   2.1218   0.07423   0.06839  -0.2530  0.3868  0.7091  -2.9143   0.0000   0.3507
   7.000   2.1269   0.08138   0.07629  -0.2411  0.3728  0.7433  -3.1118   0.0000   0.3422
   8.000   2.1970   0.08315   0.07831  -0.2365  0.3547  0.7924  -3.4464   0.0000   0.3339
   9.000   2.1958   0.09161   0.08738  -0.2263  0.3352  0.8161  -3.6418   0.0000   0.3263
  10.000   2.2688   0.09211   0.08784  -0.2220  0.3126  0.8516  -4.0436   0.0000   0.3184
  11.000   2.2543   0.10212   0.09863  -0.2129  0.2920  0.8708  -4.2451   0.0000   0.3118
  12.000   2.2250   0.11565   0.11270  -0.2066  0.2685  0.9185  -4.4023   0.0000   0.3067
  13.000   2.1872   0.13241   0.12985  -0.2047  0.2396  1.0000  -4.5211   0.0000   0.3037
  14.000   2.1273   0.15444   0.15214  -0.2080  0.2044  1.0000  -4.5495   0.0000   0.3040
  15.000   2.1032   0.17031   0.16772  -0.2105  0.1668  1.0000  -4.6696   0.0000   0.3024
  16.000   2.0460   0.19474   0.19239  -0.2178  0.1387  1.0000  -4.6839   0.0000   0.3047
  17.000   2.0104   0.21561   0.21347  -0.2235  0.1164  1.0000  -4.9386   0.0000   0.3055
  18.000   1.9786   0.23623   0.23419  -0.2292  0.0977  1.0000  -5.2989   0.0000   0.3060
  25.000   1.0274   0.36584   0.36571  -0.2344  0.0465  1.0000  -1.4455   0.0000   0.3954


