XFLR5 v6.09.05 beta

 Calculated polar for: 25s1223

 1 1 Reynolds number fixed          Mach number fixed         

 xtrf =   1.000 (top)        1.000 (bottom)
 Mach =   0.000     Re =     0.145 e 6     Ncrit =   9.000

  alpha     CL        CD       CDp       Cm    Top Xtr Bot Xtr   Cpmin    Chinge    XCp    
 ------- -------- --------- --------- -------- ------- ------- -------- --------- ---------
   0.000   1.6025   0.06591   0.05899  -0.2745  0.4830  0.4239  -1.8771   0.0000   0.4153
   1.000   1.7411   0.06517   0.05791  -0.2782  0.4635  0.4709  -2.0406   0.0000   0.4020
   2.000   1.8301   0.06683   0.05990  -0.2748  0.4504  0.5181  -2.1645   0.0000   0.3904
   3.000   1.9025   0.06880   0.06211  -0.2688  0.4374  0.5665  -2.2891   0.0000   0.3795
   4.000   2.0107   0.06884   0.06211  -0.2678  0.4222  0.6246  -2.4843   0.0000   0.3694
   5.000   2.0279   0.07450   0.06861  -0.2555  0.4103  0.6703  -2.5949   0.0000   0.3598
   6.000   2.0745   0.07815   0.07261  -0.2476  0.3949  0.7182  -2.8200   0.0000   0.3508
   7.000   2.1242   0.08329   0.07813  -0.2414  0.3791  0.7658  -3.0967   0.0000   0.3426
   8.000   2.1362   0.09025   0.08575  -0.2318  0.3604  0.8040  -3.3113   0.0000   0.3346
   9.000   2.1672   0.09606   0.09192  -0.2250  0.3414  0.8331  -3.5678   0.0000   0.3271
  10.000   2.2312   0.09671   0.09266  -0.2198  0.3186  0.8703  -3.9419   0.0000   0.3190
  11.000   2.1488   0.11608   0.11289  -0.2105  0.2957  0.8825  -3.9615   0.0000   0.3148
  13.000   2.1285   0.14141   0.13899  -0.2066  0.2443  1.0000  -4.3367   0.0000   0.3069
  14.000   2.0273   0.17336   0.17135  -0.2155  0.2082  1.0000  -4.2104   0.0000   0.3120
  15.000   2.0471   0.18149   0.17938  -0.2151  0.1750  1.0000  -4.4634   0.0000   0.3072
  16.000   2.0541   0.19152   0.18910  -0.2152  0.1429  1.0000  -4.7069   0.0000   0.3032
  17.000   2.0053   0.21579   0.21376  -0.2225  0.1226  1.0000  -4.8936   0.0000   0.3053


