XFLR5 v6.09.05 beta

 Calculated polar for: 25s1223

 1 1 Reynolds number fixed          Mach number fixed         

 xtrf =   1.000 (top)        1.000 (bottom)
 Mach =   0.000     Re =     0.170 e 6     Ncrit =   9.000

  alpha     CL        CD       CDp       Cm    Top Xtr Bot Xtr   Cpmin    Chinge    XCp    
 ------- -------- --------- --------- -------- ------- ------- -------- --------- ---------
   0.000   1.6121   0.06827   0.06138  -0.2770  0.4652  0.4105  -1.8932   0.0000   0.4157
   1.000   1.7200   0.06909   0.06223  -0.2763  0.4493  0.4512  -2.0270   0.0000   0.4025
   2.000   1.8071   0.06959   0.06291  -0.2721  0.4357  0.4965  -2.1525   0.0000   0.3905
   3.000   1.9389   0.06700   0.06017  -0.2741  0.4213  0.5538  -2.3373   0.0000   0.3795
   4.000   1.9758   0.07045   0.06411  -0.2633  0.4117  0.5951  -2.4532   0.0000   0.3692
   5.000   2.0293   0.07320   0.06733  -0.2554  0.3981  0.6418  -2.6102   0.0000   0.3595
   6.000   2.1217   0.07420   0.06845  -0.2531  0.3825  0.6955  -2.9182   0.0000   0.3507
   7.000   2.1325   0.08024   0.07513  -0.2415  0.3689  0.7302  -3.1288   0.0000   0.3420
   8.000   2.2219   0.08101   0.07601  -0.2390  0.3493  0.7827  -3.5012   0.0000   0.3339
   9.000   2.2134   0.08906   0.08473  -0.2272  0.3313  0.8050  -3.6869   0.0000   0.3260
  10.000   2.2671   0.09181   0.08759  -0.2216  0.3106  0.8373  -4.0463   0.0000   0.3182
  11.000   2.2794   0.09912   0.09549  -0.2140  0.2895  0.8598  -4.3157   0.0000   0.3113
  12.000   2.2505   0.11246   0.10940  -0.2069  0.2656  0.8850  -4.4779   0.0000   0.3058
  13.000   2.2108   0.12924   0.12661  -0.2043  0.2359  1.0000  -4.5963   0.0000   0.3026
  14.000   2.1549   0.14991   0.14739  -0.2066  0.1998  1.0000  -4.6445   0.0000   0.3021
  15.000   2.0988   0.17202   0.16951  -0.2118  0.1641  1.0000  -4.6600   0.0000   0.3032
  16.000   2.0432   0.19618   0.19384  -0.2191  0.1348  1.0000  -4.6807   0.0000   0.3055
  17.000   2.0056   0.21770   0.21555  -0.2253  0.1124  1.0000  -4.9176   0.0000   0.3065
  18.000   1.9676   0.24019   0.23819  -0.2318  0.0944  1.0000  -5.2377   0.0000   0.3079
  19.000   1.9319   0.26206   0.26014  -0.2377  0.0788  1.0000  -5.6532   0.0000   0.3089
  21.000   1.0884   0.33369   0.33325  -0.2275  0.0791  0.9234  -1.2690   0.0000   0.3927


