XFLR5 v6.09.05 beta

 Calculated polar for: 25s1223

 1 1 Reynolds number fixed          Mach number fixed         

 xtrf =   1.000 (top)        1.000 (bottom)
 Mach =   0.000     Re =     0.205 e 6     Ncrit =   9.000

  alpha     CL        CD       CDp       Cm    Top Xtr Bot Xtr   Cpmin    Chinge    XCp    
 ------- -------- --------- --------- -------- ------- ------- -------- --------- ---------
   0.000   1.6070   0.07361   0.06705  -0.2782  0.4487  0.3937  -1.8922   0.0000   0.4167
   1.000   1.7122   0.07427   0.06759  -0.2769  0.4325  0.4367  -2.0293   0.0000   0.4033
   2.000   1.8273   0.07133   0.06470  -0.2762  0.4192  0.4886  -2.1805   0.0000   0.3909
   3.000   1.8946   0.07274   0.06640  -0.2693  0.4098  0.5311  -2.3006   0.0000   0.3798
   4.000   1.9618   0.07339   0.06721  -0.2624  0.3977  0.5751  -2.4487   0.0000   0.3693
   5.000   2.0616   0.07191   0.06593  -0.2602  0.3833  0.6234  -2.6642   0.0000   0.3598
   6.000   2.0905   0.07578   0.07029  -0.2494  0.3721  0.6600  -2.8772   0.0000   0.3504
   7.000   2.1525   0.07756   0.07226  -0.2431  0.3579  0.6999  -3.1850   0.0000   0.3416
   8.000   2.2047   0.08074   0.07591  -0.2366  0.3413  0.7379  -3.4831   0.0000   0.3334
   9.000   2.2397   0.08527   0.08063  -0.2284  0.3213  0.7694  -3.7653   0.0000   0.3252
  10.000   2.2768   0.09047   0.08637  -0.2219  0.3029  0.8017  -4.0879   0.0000   0.3179
  11.000   2.3220   0.09451   0.09053  -0.2163  0.2803  0.8257  -4.4408   0.0000   0.3106
  12.000   2.3035   0.10657   0.10314  -0.2084  0.2556  0.8446  -4.6384   0.0000   0.3045
  13.000   2.2544   0.12395   0.12075  -0.2042  0.2201  0.8575  -4.7428   0.0000   0.3009
  14.000   2.1733   0.14817   0.14535  -0.2071  0.1824  0.8658  -4.7224   0.0000   0.3015
  16.000   2.0388   0.19913   0.19639  -0.2222  0.1182  1.0000  -4.6930   0.0000   0.3071
  17.000   1.9979   0.22171   0.21914  -0.2290  0.0972  1.0000  -4.8966   0.0000   0.3087
  18.000   1.9602   0.24437   0.24194  -0.2357  0.0805  1.0000  -5.2532   0.0000   0.3102
  19.000   1.9228   0.26729   0.26536  -0.2416  0.0712  1.0000  -5.6408   0.0000   0.3114
  20.000   1.8916   0.28662   0.28481  -0.2449  0.0617  1.0000  -6.1242   0.0000   0.3109


