XFLR5 v6.09.05 beta

 Calculated polar for: 25s1223

 1 1 Reynolds number fixed          Mach number fixed         

 xtrf =   1.000 (top)        1.000 (bottom)
 Mach =   0.000     Re =     0.275 e 6     Ncrit =   9.000

  alpha     CL        CD       CDp       Cm    Top Xtr Bot Xtr   Cpmin    Chinge    XCp    
 ------- -------- --------- --------- -------- ------- ------- -------- --------- ---------
   0.000   1.5657   0.08304   0.07678  -0.2746  0.4213  0.3660  -1.8597   0.0000   0.4185
   1.000   1.6626   0.08445   0.07830  -0.2722  0.4115  0.4072  -1.9896   0.0000   0.4048
   2.000   1.7616   0.08367   0.07761  -0.2697  0.4001  0.4618  -2.1254   0.0000   0.3922
   3.000   1.8882   0.07866   0.07244  -0.2704  0.3874  0.5190  -2.3069   0.0000   0.3804
   4.000   1.9606   0.07807   0.07214  -0.2640  0.3790  0.5594  -2.4588   0.0000   0.3698
   5.000   2.0153   0.07905   0.07352  -0.2556  0.3683  0.5881  -2.6167   0.0000   0.3597
   6.000   2.0850   0.07925   0.07376  -0.2497  0.3546  0.6245  -2.8889   0.0000   0.3504
   7.000   2.1465   0.07997   0.07480  -0.2432  0.3422  0.6605  -3.1927   0.0000   0.3416
   8.000   2.1853   0.08424   0.07941  -0.2347  0.3258  0.6861  -3.4696   0.0000   0.3331
   9.000   2.2435   0.08620   0.08159  -0.2290  0.3086  0.7175  -3.7948   0.0000   0.3251
  10.000   2.2963   0.08978   0.08554  -0.2234  0.2904  0.7493  -4.1572   0.0000   0.3176
  11.000   2.3335   0.09538   0.09147  -0.2174  0.2646  0.7728  -4.4933   0.0000   0.3105
  12.000   2.2982   0.10956   0.10569  -0.2092  0.2222  0.7897  -4.6537   0.0000   0.3048
  13.000   2.2330   0.12894   0.12526  -0.2065  0.1769  0.8004  -4.7099   0.0000   0.3025
  14.000   2.1467   0.15431   0.15081  -0.2110  0.1432  0.8068  -4.6677   0.0000   0.3043
  15.000   2.0807   0.17910   0.17584  -0.2182  0.1167  0.8144  -4.6531   0.0000   0.3068
  16.000   2.0317   0.20249   0.19942  -0.2253  0.0960  0.8230  -4.6892   0.0000   0.3089
  17.000   1.9920   0.22516   0.22228  -0.2322  0.0800  0.8339  -4.8972   0.0000   0.3106
  18.000   1.9681   0.24468   0.24214  -0.2374  0.0697  0.8459  -5.3757   0.0000   0.3106
  19.000   1.9340   0.26685   0.26454  -0.2432  0.0602  0.8581  -5.8004   0.0000   0.3114


