XFLR5 v6.09.05 beta

 Calculated polar for: 25s1223

 1 1 Reynolds number fixed          Mach number fixed         

 xtrf =   1.000 (top)        1.000 (bottom)
 Mach =   0.000     Re =     0.340 e 6     Ncrit =   9.000

  alpha     CL        CD       CDp       Cm    Top Xtr Bot Xtr   Cpmin    Chinge    XCp    
 ------- -------- --------- --------- -------- ------- ------- -------- --------- ---------
   0.000   1.5627   0.08725   0.08135  -0.2754  0.4110  0.3504  -1.8620   0.0000   0.4193
   1.000   1.6587   0.08826   0.08229  -0.2728  0.3980  0.3915  -1.9935   0.0000   0.4054
   2.000   1.7574   0.08687   0.08095  -0.2700  0.3837  0.4470  -2.1256   0.0000   0.3925
   3.000   1.8404   0.08701   0.08129  -0.2654  0.3777  0.4984  -2.2609   0.0000   0.3810
   4.000   1.9182   0.08665   0.08109  -0.2601  0.3680  0.5400  -2.4157   0.0000   0.3703
   5.000   1.9926   0.08590   0.08048  -0.2543  0.3561  0.5770  -2.5963   0.0000   0.3601
   6.000   2.0690   0.08425   0.07901  -0.2490  0.3446  0.6112  -2.8700   0.0000   0.3507
   7.000   2.1264   0.08555   0.08057  -0.2419  0.3325  0.6351  -3.1683   0.0000   0.3417
   8.000   2.1926   0.08604   0.08113  -0.2364  0.3127  0.6655  -3.4947   0.0000   0.3333
   9.000   2.2530   0.08830   0.08380  -0.2307  0.3000  0.6911  -3.8302   0.0000   0.3253
  10.000   2.3075   0.09051   0.08616  -0.2249  0.2796  0.7177  -4.1961   0.0000   0.3177
  11.000   2.3305   0.09777   0.09354  -0.2180  0.2359  0.7383  -4.5029   0.0000   0.3107
  12.000   2.2774   0.11318   0.10894  -0.2096  0.1846  0.7507  -4.6130   0.0000   0.3056
  14.000   2.1407   0.15608   0.15234  -0.2126  0.1223  0.7720  -4.6596   0.0000   0.3052
  15.000   2.0810   0.18004   0.17657  -0.2194  0.1012  0.7808  -4.6647   0.0000   0.3074
  16.000   2.0339   0.20328   0.20006  -0.2266  0.0844  0.7895  -4.7056   0.0000   0.3094
  17.000   2.0027   0.22394   0.22104  -0.2325  0.0722  0.7984  -5.0113   0.0000   0.3101
  18.000   1.9712   0.24544   0.24270  -0.2385  0.0612  0.8120  -5.4397   0.0000   0.3109
  19.000   1.9416   0.26625   0.26379  -0.2438  0.0531  0.8212  -5.9055   0.0000   0.3113
  20.000   1.8955   0.29023   0.28804  -0.2491  0.0458  0.8286  -6.2764   0.0000   0.3127
  21.000   1.5403   0.29526   0.29418  -0.2245  0.0427  0.8262  -5.3001   0.0000   0.3228
  22.000   1.4151   0.30199   0.30134  -0.2247  0.0375  0.8296  -5.0636   0.0000   0.3317
  23.000   1.1372   0.33163   0.33149  -0.2340  0.0241  0.8074  -2.7543   0.0000   0.3776


