XFLR5 v6.09.05 beta

 Calculated polar for: 25s1223

 1 1 Reynolds number fixed          Mach number fixed         

 xtrf =   1.000 (top)        1.000 (bottom)
 Mach =   0.000     Re =     0.100 e 6     Ncrit =   9.000

  alpha     CL        CD       CDp       Cm    Top Xtr Bot Xtr   Cpmin    Chinge    XCp    
 ------- -------- --------- --------- -------- ------- ------- -------- --------- ---------
   0.000   1.5428   0.06038   0.05318  -0.2612  0.5323  0.4683  -1.8108   0.0000   0.4138
   1.000   1.6529   0.06306   0.05584  -0.2618  0.5107  0.5005  -1.9355   0.0000   0.4010
   2.000   1.7833   0.06638   0.05923  -0.2661  0.4917  0.5595  -2.0928   0.0000   0.3899
   3.000   1.8256   0.07306   0.06638  -0.2578  0.4757  0.6061  -2.1759   0.0000   0.3797
   4.000   1.9490   0.07596   0.06924  -0.2601  0.4588  0.6860  -2.3793   0.0000   0.3700
   5.000   1.6095   0.12024   0.11528  -0.2289  0.4294  0.6266  -1.9590   0.0000   0.3754
   6.000   1.8285   0.10700   0.10198  -0.2296  0.4226  0.7500  -2.3633   0.0000   0.3567
   7.000   1.4337   0.18665   0.18253  -0.2431  0.3697  0.6430  -1.6294   0.0000   0.3979
   8.000   1.5402   0.18681   0.18275  -0.2382  0.3516  0.7325  -1.8991   0.0000   0.3801
  12.000   1.5745   0.26106   0.25819  -0.2569  0.2296  0.8927  -2.2157   0.0000   0.3762
  22.000   1.0649   0.34678   0.34626  -0.2292  0.0982  1.0000  -1.2080   0.0000   0.3959
  23.000   1.0438   0.35357   0.35316  -0.2334  0.0824  1.0000  -1.2045   0.0000   0.4000
  24.000   1.0296   0.36205   0.36172  -0.2343  0.0777  1.0000  -1.2312   0.0000   0.3999
  25.000   1.0249   0.36804   0.36784  -0.2347  0.0634  1.0000  -1.3511   0.0000   0.3968


