XFLR5 v6.09.05 beta

 Calculated polar for: 25s1223

 1 1 Reynolds number fixed          Mach number fixed         

 xtrf =   1.000 (top)        1.000 (bottom)
 Mach =   0.000     Re =     0.010 e 6     Ncrit =   9.000

  alpha     CL        CD       CDp       Cm    Top Xtr Bot Xtr   Cpmin    Chinge    XCp    
 ------- -------- --------- --------- -------- ------- ------- -------- --------- ---------
   0.000  -0.0671   0.12430   0.11638  -0.0012  1.0000  1.0000  -0.7208   0.0000   0.2136
   1.000  -0.0739   0.11912   0.11148   0.0003  1.0000  1.0000  -0.7267   0.0000   0.2380
  11.000   1.2426   0.30615   0.29504  -0.2755  0.9209  1.0000  -1.2068   0.0000   0.4378
  12.000   1.2698   0.32234   0.31172  -0.2806  0.8954  1.0000  -1.2555   0.0000   0.4342
  13.000   1.2913   0.34193   0.33189  -0.2850  0.8687  1.0000  -1.2972   0.0000   0.4310
  14.000   1.3059   0.36354   0.35463  -0.2881  0.8377  1.0000  -1.3098   0.0000   0.4280
  22.000   1.0404   0.37477   0.37144  -0.2367  0.4792  1.0000  -0.8986   0.0000   0.4106
  23.000   1.0338   0.38279   0.37990  -0.2366  0.4531  1.0000  -0.9267   0.0000   0.4083
  24.000   1.0331   0.39484   0.39264  -0.2371  0.4238  1.0000  -1.0441   0.0000   0.4051
  25.000   1.0117   0.39144   0.38959  -0.2363  0.3985  1.0000  -1.0794   0.0000   0.4048


