XFLR5 v6.09.05 beta

 Calculated polar for: 25s1223

 1 1 Reynolds number fixed          Mach number fixed         

 xtrf =   1.000 (top)        1.000 (bottom)
 Mach =   0.000     Re =     0.210 e 6     Ncrit =   9.000

  alpha     CL        CD       CDp       Cm    Top Xtr Bot Xtr   Cpmin    Chinge    XCp    
 ------- -------- --------- --------- -------- ------- ------- -------- --------- ---------
   0.000   1.6028   0.07469   0.06818  -0.2779  0.4466  0.3913  -1.8889   0.0000   0.4169
   1.000   1.7135   0.07469   0.06800  -0.2772  0.4302  0.4354  -2.0316   0.0000   0.4034
   2.000   1.8224   0.07230   0.06573  -0.2757  0.4179  0.4867  -2.1765   0.0000   0.3910
   3.000   1.8926   0.07337   0.06707  -0.2692  0.4080  0.5299  -2.2998   0.0000   0.3799
   4.000   1.9623   0.07372   0.06753  -0.2626  0.3961  0.5739  -2.4508   0.0000   0.3693
   5.000   2.0549   0.07257   0.06664  -0.2595  0.3825  0.6206  -2.6567   0.0000   0.3597
   6.000   2.0894   0.07597   0.07050  -0.2493  0.3706  0.6559  -2.8772   0.0000   0.3504
   7.000   2.1546   0.07743   0.07211  -0.2434  0.3565  0.6958  -3.1911   0.0000   0.3416
   8.000   2.2031   0.08084   0.07602  -0.2364  0.3400  0.7325  -3.4820   0.0000   0.3334
   9.000   2.2405   0.08495   0.08027  -0.2284  0.3200  0.7645  -3.7690   0.0000   0.3252
  10.000   2.2769   0.09018   0.08608  -0.2217  0.3020  0.7966  -4.0896   0.0000   0.3178
  11.000   2.3224   0.09463   0.09066  -0.2163  0.2796  0.8211  -4.4440   0.0000   0.3106
  12.000   2.3070   0.10626   0.10276  -0.2085  0.2539  0.8396  -4.6502   0.0000   0.3044
  13.000   2.2539   0.12427   0.12110  -0.2044  0.2180  0.8520  -4.7436   0.0000   0.3010
  14.000   2.1728   0.14839   0.14551  -0.2073  0.1793  0.8600  -4.7237   0.0000   0.3016
  15.000   2.0962   0.17433   0.17143  -0.2144  0.1443  0.8686  -4.6810   0.0000   0.3044
  16.000   2.0369   0.19973   0.19701  -0.2226  0.1166  0.8966  -4.6879   0.0000   0.3074
  17.000   1.9959   0.22255   0.22002  -0.2297  0.0959  1.0000  -4.8852   0.0000   0.3091
  18.000   1.9615   0.24427   0.24180  -0.2358  0.0791  1.0000  -5.2693   0.0000   0.3101
  19.000   1.9241   0.26723   0.26526  -0.2418  0.0702  1.0000  -5.6581   0.0000   0.3114
  20.000   1.8908   0.28720   0.28540  -0.2453  0.0612  1.0000  -6.1243   0.0000   0.3111


