XFLR5 v6.09.05 beta

 Calculated polar for: 5s1223

 1 1 Reynolds number fixed          Mach number fixed         

 xtrf =   1.000 (top)        1.000 (bottom)
 Mach =   0.000     Re =     0.250 e 6     Ncrit =   9.000

  alpha     CL        CD       CDp       Cm    Top Xtr Bot Xtr   Cpmin    Chinge    XCp    
 ------- -------- --------- --------- -------- ------- ------- -------- --------- ---------
   0.000   1.3672   0.02083   0.01276  -0.2873  0.4512  0.3403  -1.6535   0.0000   0.4576
   1.000   1.4783   0.02188   0.01379  -0.2868  0.4356  0.3853  -1.7867   0.0000   0.4397
   2.000   1.6069   0.02342   0.01515  -0.2901  0.4168  0.4683  -1.9342   0.0000   0.4245
   3.000   1.7073   0.02475   0.01683  -0.2876  0.4080  0.5988  -2.0614   0.0000   0.4106
   4.000   1.8057   0.02628   0.01865  -0.2848  0.3973  0.7264  -2.2002   0.0000   0.3980
   5.000   1.9102   0.02785   0.02031  -0.2836  0.3840  1.0000  -2.3629   0.0000   0.3869
   6.000   1.9979   0.02997   0.02262  -0.2794  0.3754  1.0000  -2.5457   0.0000   0.3764
   7.000   2.0671   0.03200   0.02499  -0.2717  0.3636  1.0000  -2.7508   0.0000   0.3659
   8.000   2.1559   0.03456   0.02755  -0.2682  0.3486  1.0000  -3.0948   0.0000   0.3568
   9.000   2.1929   0.03737   0.03094  -0.2552  0.3377  1.0000  -3.3602   0.0000   0.3467
  10.000   2.2269   0.04017   0.03388  -0.2426  0.3205  1.0000  -3.6312   0.0000   0.3369


