XFLR5 v6.09.05 beta

 Calculated polar for: 5s1223

 1 1 Reynolds number fixed          Mach number fixed         

 xtrf =   1.000 (top)        1.000 (bottom)
 Mach =   0.000     Re =     0.310 e 6     Ncrit =   9.000

  alpha     CL        CD       CDp       Cm    Top Xtr Bot Xtr   Cpmin    Chinge    XCp    
 ------- -------- --------- --------- -------- ------- ------- -------- --------- ---------
   0.000   1.3628   0.01984   0.01210  -0.2864  0.4376  0.3165  -1.6555   0.0000   0.4575
   1.000   1.4790   0.02120   0.01320  -0.2870  0.4169  0.3615  -1.7926   0.0000   0.4397
   2.000   1.5845   0.02225   0.01447  -0.2855  0.4069  0.4377  -1.9251   0.0000   0.4241
   3.000   1.6884   0.02362   0.01601  -0.2838  0.3954  0.5629  -2.0574   0.0000   0.4102
   4.000   1.8082   0.02536   0.01788  -0.2854  0.3813  0.6961  -2.2098   0.0000   0.3981
   5.000   1.8945   0.02675   0.01958  -0.2804  0.3748  0.8023  -2.3548   0.0000   0.3864
   6.000   1.9710   0.02822   0.02126  -0.2738  0.3650  1.0000  -2.5258   0.0000   0.3753
   7.000   2.0554   0.03032   0.02345  -0.2691  0.3513  1.0000  -2.7409   0.0000   0.3653
   8.000   2.1283   0.03271   0.02614  -0.2626  0.3415  1.0000  -3.0569   0.0000   0.3557
   9.000   2.1768   0.03530   0.02897  -0.2520  0.3281  1.0000  -3.3436   0.0000   0.3459
  10.000   2.2240   0.03856   0.03249  -0.2421  0.3109  1.0000  -3.6357   0.0000   0.3367
  11.000   2.2590   0.04236   0.03672  -0.2311  0.2971  1.0000  -3.9282   0.0000   0.3278


