XFLR5 v6.09.05 beta

 Calculated polar for: 5s1223

 1 1 Reynolds number fixed          Mach number fixed         

 xtrf =   1.000 (top)        1.000 (bottom)
 Mach =   0.000     Re =     0.195 e 6     Ncrit =   9.000

  alpha     CL        CD       CDp       Cm    Top Xtr Bot Xtr   Cpmin    Chinge    XCp    
 ------- -------- --------- --------- -------- ------- ------- -------- --------- ---------
   0.000   1.3657   0.02194   0.01362  -0.2868  0.4738  0.3613  -1.6461   0.0000   0.4576
   1.000   1.5051   0.02332   0.01467  -0.2924  0.4521  0.4162  -1.7979   0.0000   0.4401
   2.000   1.6124   0.02464   0.01615  -0.2913  0.4382  0.5005  -1.9276   0.0000   0.4247
   3.000   1.7261   0.02631   0.01794  -0.2915  0.4237  0.6411  -2.0654   0.0000   0.4111
   4.000   1.8429   0.02844   0.02037  -0.2927  0.4126  0.7814  -2.2190   0.0000   0.3992
   5.000   1.9217   0.03001   0.02225  -0.2864  0.4015  1.0000  -2.3621   0.0000   0.3876
   6.000   2.0154   0.03221   0.02441  -0.2834  0.3894  1.0000  -2.5539   0.0000   0.3772
   7.000   2.1004   0.03540   0.02801  -0.2791  0.3766  1.0000  -2.7918   0.0000   0.3675
   8.000   2.1496   0.03797   0.03095  -0.2679  0.3639  1.0000  -3.0679   0.0000   0.3572
   9.000   2.2259   0.04102   0.03416  -0.2623  0.3467  1.0000  -3.4026   0.0000   0.3482


