XFLR5 v6.09.05 beta

 Calculated polar for: 5s1223

 1 1 Reynolds number fixed          Mach number fixed         

 xtrf =   1.000 (top)        1.000 (bottom)
 Mach =   0.000     Re =     0.210 e 6     Ncrit =   9.000

  alpha     CL        CD       CDp       Cm    Top Xtr Bot Xtr   Cpmin    Chinge    XCp    
 ------- -------- --------- --------- -------- ------- ------- -------- --------- ---------
   0.000   1.3636   0.02156   0.01333  -0.2865  0.4671  0.3558  -1.6470   0.0000   0.4576
   1.000   1.4925   0.02284   0.01439  -0.2898  0.4478  0.4044  -1.7911   0.0000   0.4399
   2.000   1.6038   0.02412   0.01577  -0.2895  0.4326  0.4891  -1.9252   0.0000   0.4245
   3.000   1.7371   0.02611   0.01780  -0.2938  0.4165  0.6349  -2.0763   0.0000   0.4114
   4.000   1.8289   0.02767   0.01978  -0.2897  0.4082  0.7613  -2.2100   0.0000   0.3988
   5.000   1.9122   0.02911   0.02145  -0.2842  0.3967  1.0000  -2.3573   0.0000   0.3872
   6.000   2.0338   0.03221   0.02457  -0.2872  0.3817  1.0000  -2.5756   0.0000   0.3778
   7.000   2.0876   0.03425   0.02701  -0.2763  0.3728  1.0000  -2.7748   0.0000   0.3669
   8.000   2.1474   0.03656   0.02957  -0.2670  0.3600  1.0000  -3.0700   0.0000   0.3568
   9.000   2.2144   0.03967   0.03295  -0.2598  0.3445  1.0000  -3.3876   0.0000   0.3477
  10.000   2.2292   0.04279   0.03654  -0.2436  0.3293  1.0000  -3.6213   0.0000   0.3374


