XFLR5 v6.09.05 beta

 Calculated polar for: 5s1223

 1 1 Reynolds number fixed          Mach number fixed         

 xtrf =   1.000 (top)        1.000 (bottom)
 Mach =   0.000     Re =     0.190 e 6     Ncrit =   9.000

  alpha     CL        CD       CDp       Cm    Top Xtr Bot Xtr   Cpmin    Chinge    XCp    
 ------- -------- --------- --------- -------- ------- ------- -------- --------- ---------
   0.000   1.3687   0.02205   0.01368  -0.2875  0.4761  0.3648  -1.6474   0.0000   0.4576
   1.000   1.5104   0.02351   0.01480  -0.2935  0.4533  0.4206  -1.8009   0.0000   0.4401
   2.000   1.6164   0.02482   0.01631  -0.2921  0.4402  0.5067  -1.9292   0.0000   0.4248
   3.000   1.7255   0.02646   0.01809  -0.2914  0.4260  0.6443  -2.0635   0.0000   0.4111
   4.000   1.8486   0.02872   0.02059  -0.2939  0.4140  0.7903  -2.2229   0.0000   0.3994
   5.000   1.9254   0.03036   0.02255  -0.2872  0.4032  1.0000  -2.3642   0.0000   0.3878
   6.000   2.0159   0.03255   0.02474  -0.2836  0.3911  1.0000  -2.5527   0.0000   0.3773
   7.000   2.1053   0.03586   0.02841  -0.2802  0.3778  1.0000  -2.7983   0.0000   0.3677
   8.000   2.1503   0.03850   0.03147  -0.2682  0.3653  1.0000  -3.0669   0.0000   0.3573
   9.000   2.2261   0.04122   0.03432  -0.2624  0.3482  1.0000  -3.4016   0.0000   0.3483


