XFLR5 v6.09.05 beta

 Calculated polar for: 5s1223

 1 1 Reynolds number fixed          Mach number fixed         

 xtrf =   1.000 (top)        1.000 (bottom)
 Mach =   0.000     Re =     0.280 e 6     Ncrit =   9.000

  alpha     CL        CD       CDp       Cm    Top Xtr Bot Xtr   Cpmin    Chinge    XCp    
 ------- -------- --------- --------- -------- ------- ------- -------- --------- ---------
   0.000   1.3639   0.02027   0.01239  -0.2866  0.4445  0.3288  -1.6538   0.0000   0.4576
   1.000   1.4742   0.02146   0.01343  -0.2860  0.4269  0.3730  -1.7873   0.0000   0.4397
   2.000   1.5910   0.02277   0.01476  -0.2868  0.4123  0.4492  -1.9264   0.0000   0.4242
   3.000   1.6958   0.02409   0.01638  -0.2853  0.4013  0.5799  -2.0581   0.0000   0.4103
   4.000   1.7964   0.02566   0.01813  -0.2829  0.3902  0.7066  -2.1981   0.0000   0.3978
   5.000   1.9046   0.02724   0.01994  -0.2824  0.3789  0.8606  -2.3608   0.0000   0.3867
   6.000   1.9822   0.02896   0.02185  -0.2761  0.3700  1.0000  -2.5338   0.0000   0.3758
   7.000   2.0552   0.03093   0.02402  -0.2691  0.3580  1.0000  -2.7371   0.0000   0.3654
   8.000   2.1423   0.03354   0.02677  -0.2654  0.3448  1.0000  -3.0764   0.0000   0.3563
   9.000   2.1845   0.03614   0.02973  -0.2535  0.3326  1.0000  -3.3519   0.0000   0.3462
  10.000   2.2328   0.03921   0.03295  -0.2435  0.3132  1.0000  -3.6475   0.0000   0.3370


