XFLR5 v6.09.05 beta

 Calculated polar for: 5s1223

 1 1 Reynolds number fixed          Mach number fixed         

 xtrf =   1.000 (top)        1.000 (bottom)
 Mach =   0.000     Re =     0.270 e 6     Ncrit =   9.000

  alpha     CL        CD       CDp       Cm    Top Xtr Bot Xtr   Cpmin    Chinge    XCp    
 ------- -------- --------- --------- -------- ------- ------- -------- --------- ---------
   0.000   1.3646   0.02044   0.01251  -0.2868  0.4468  0.3330  -1.6535   0.0000   0.4576
   1.000   1.4751   0.02157   0.01354  -0.2862  0.4299  0.3771  -1.7870   0.0000   0.4397
   2.000   1.5946   0.02297   0.01486  -0.2876  0.4140  0.4528  -1.9278   0.0000   0.4243
   3.000   1.6990   0.02429   0.01652  -0.2859  0.4035  0.5860  -2.0587   0.0000   0.4104
   4.000   1.7979   0.02583   0.01828  -0.2832  0.3927  0.7124  -2.1977   0.0000   0.3978
   5.000   1.9070   0.02739   0.02003  -0.2829  0.3801  1.0000  -2.3617   0.0000   0.3868
   6.000   1.9866   0.02927   0.02208  -0.2770  0.3718  1.0000  -2.5369   0.0000   0.3759
   7.000   2.0591   0.03122   0.02428  -0.2699  0.3598  1.0000  -2.7417   0.0000   0.3656
   8.000   2.1487   0.03389   0.02704  -0.2667  0.3457  1.0000  -3.0858   0.0000   0.3565
   9.000   2.1870   0.03652   0.03007  -0.2540  0.3342  1.0000  -3.3542   0.0000   0.3464
  10.000   2.2371   0.03948   0.03315  -0.2443  0.3139  1.0000  -3.6536   0.0000   0.3372


