XFLR5 v6.09.05 beta

 Calculated polar for: 5s1223

 1 1 Reynolds number fixed          Mach number fixed         

 xtrf =   1.000 (top)        1.000 (bottom)
 Mach =   0.000     Re =     0.260 e 6     Ncrit =   9.000

  alpha     CL        CD       CDp       Cm    Top Xtr Bot Xtr   Cpmin    Chinge    XCp    
 ------- -------- --------- --------- -------- ------- ------- -------- --------- ---------
   0.000   1.3655   0.02063   0.01263  -0.2870  0.4490  0.3366  -1.6532   0.0000   0.4576
   1.000   1.4765   0.02171   0.01366  -0.2865  0.4327  0.3811  -1.7867   0.0000   0.4397
   2.000   1.6003   0.02317   0.01499  -0.2888  0.4155  0.4607  -1.9307   0.0000   0.4244
   3.000   1.7027   0.02451   0.01667  -0.2867  0.4057  0.5923  -2.0597   0.0000   0.4105
   4.000   1.8011   0.02603   0.01845  -0.2838  0.3950  0.7191  -2.1985   0.0000   0.3979
   5.000   1.9145   0.02776   0.02029  -0.2845  0.3811  1.0000  -2.3675   0.0000   0.3871
   6.000   1.9917   0.02960   0.02234  -0.2781  0.3736  1.0000  -2.5408   0.0000   0.3761
   7.000   2.0631   0.03157   0.02460  -0.2708  0.3616  1.0000  -2.7464   0.0000   0.3657
   8.000   2.1556   0.03432   0.02738  -0.2681  0.3466  1.0000  -3.0956   0.0000   0.3568
   9.000   2.1897   0.03692   0.03044  -0.2546  0.3359  1.0000  -3.3570   0.0000   0.3465
  10.000   2.2296   0.03977   0.03346  -0.2430  0.3176  1.0000  -3.6385   0.0000   0.3370


