XFLR5 v6.09.05 beta

 Calculated polar for: 5s1223

 1 1 Reynolds number fixed          Mach number fixed         

 xtrf =   1.000 (top)        1.000 (bottom)
 Mach =   0.000     Re =     0.185 e 6     Ncrit =   9.000

  alpha     CL        CD       CDp       Cm    Top Xtr Bot Xtr   Cpmin    Chinge    XCp    
 ------- -------- --------- --------- -------- ------- ------- -------- --------- ---------
   0.000   1.3719   0.02216   0.01375  -0.2882  0.4784  0.3691  -1.6489   0.0000   0.4576
   1.000   1.5058   0.02358   0.01487  -0.2926  0.4563  0.4228  -1.7970   0.0000   0.4401
   2.000   1.6202   0.02501   0.01647  -0.2929  0.4422  0.5121  -1.9307   0.0000   0.4249
   3.000   1.7266   0.02665   0.01828  -0.2916  0.4282  0.6483  -2.0630   0.0000   0.4112
   4.000   1.8551   0.02904   0.02086  -0.2953  0.4152  0.8003  -2.2273   0.0000   0.3996
   5.000   1.9295   0.03072   0.02287  -0.2882  0.4050  1.0000  -2.3670   0.0000   0.3879
   6.000   2.0170   0.03296   0.02515  -0.2839  0.3928  1.0000  -2.5518   0.0000   0.3774
   7.000   2.1104   0.03638   0.02887  -0.2814  0.3789  1.0000  -2.8051   0.0000   0.3680
   8.000   2.1510   0.03906   0.03201  -0.2685  0.3668  1.0000  -3.0659   0.0000   0.3574
   9.000   2.2159   0.04127   0.03439  -0.2604  0.3513  1.0000  -3.3822   0.0000   0.3479


