XFLR5 v6.09.05 beta

 Calculated polar for: 5s1223

 1 1 Reynolds number fixed          Mach number fixed         

 xtrf =   1.000 (top)        1.000 (bottom)
 Mach =   0.000     Re =     0.240 e 6     Ncrit =   9.000

  alpha     CL        CD       CDp       Cm    Top Xtr Bot Xtr   Cpmin    Chinge    XCp    
 ------- -------- --------- --------- -------- ------- ------- -------- --------- ---------
   1.000   1.4808   0.02208   0.01392  -0.2874  0.4385  0.3897  -1.7871   0.0000   0.4398
   2.000   1.6016   0.02353   0.01523  -0.2890  0.4208  0.4714  -1.9294   0.0000   0.4244
   3.000   1.7126   0.02501   0.01703  -0.2887  0.4104  0.6065  -2.0634   0.0000   0.4108
   4.000   1.8104   0.02658   0.01889  -0.2858  0.3998  0.7335  -2.2020   0.0000   0.3982
   5.000   1.9024   0.02795   0.02040  -0.2820  0.3880  1.0000  -2.3546   0.0000   0.3867
   6.000   2.0049   0.03039   0.02295  -0.2809  0.3772  1.0000  -2.5513   0.0000   0.3767
   7.000   2.0713   0.03247   0.02542  -0.2726  0.3657  1.0000  -2.7556   0.0000   0.3661
   8.000   2.1455   0.03471   0.02772  -0.2661  0.3527  1.0000  -3.0757   0.0000   0.3565
   9.000   2.1968   0.03785   0.03136  -0.2561  0.3394  1.0000  -3.3647   0.0000   0.3469
  10.000   2.2267   0.04065   0.03438  -0.2427  0.3228  1.0000  -3.6279   0.0000   0.3370


