XFLR5 v6.09.05 beta

 Calculated polar for: 5s1223

 1 1 Reynolds number fixed          Mach number fixed         

 xtrf =   1.000 (top)        1.000 (bottom)
 Mach =   0.000     Re =     0.015 e 6     Ncrit =   9.000

  alpha     CL        CD       CDp       Cm    Top Xtr Bot Xtr   Cpmin    Chinge    XCp    
 ------- -------- --------- --------- -------- ------- ------- -------- --------- ---------
   0.000  -0.0493   0.10760   0.10063  -0.0043  1.0000  1.0000  -0.7634   0.0000   0.1350
   1.000  -0.0928   0.10501   0.09840   0.0052  1.0000  0.9865  -0.7990   0.0000   0.2923
   2.000  -0.2292   0.10170   0.09559   0.0344  1.0000  0.9247  -0.8909   0.0000   0.3938
   3.000  -0.0491   0.10595   0.09920  -0.0393  1.0000  0.5354  -0.8733   0.0000  -0.5651
   4.000   0.3239   0.11503   0.10706  -0.1275  1.0000  0.4715  -0.7328   0.0000   0.6383
   5.000   0.4801   0.12280   0.11467  -0.1443  1.0000  0.9453  -0.8827   0.0000   0.5426
   7.000   0.8492   0.17136   0.15913  -0.2229  1.0000  1.0000  -0.8618   0.0000   0.5005
   9.000   0.9676   0.19784   0.18469  -0.2373  0.9854  1.0000  -0.9478   0.0000   0.4792
  10.000   1.0225   0.20837   0.19511  -0.2441  0.9534  1.0000  -0.9988   0.0000   0.4707
  11.000   1.0804   0.22317   0.20995  -0.2514  0.9114  1.0000  -1.0599   0.0000   0.4626
  12.000   1.1225   0.23398   0.22115  -0.2562  0.8708  1.0000  -1.1142   0.0000   0.4561
  13.000   1.1636   0.24792   0.23533  -0.2609  0.8238  1.0000  -1.1791   0.0000   0.4500
  14.000   1.2079   0.26746   0.25517  -0.2661  0.7742  1.0000  -1.2551   0.0000   0.4439
  15.000   1.2386   0.28215   0.27027  -0.2693  0.7194  1.0000  -1.3079   0.0000   0.4388
  16.000   1.2646   0.30121   0.28974  -0.2720  0.6691  1.0000  -1.3350   0.0000   0.4343
  17.000   1.2832   0.31912   0.30857  -0.2735  0.6135  1.0000  -1.3613   0.0000   0.4300
  18.000   1.3028   0.34295   0.33293  -0.2753  0.5703  1.0000  -1.3831   0.0000   0.4258
  19.000   1.3250   0.37324   0.36368  -0.2771  0.5280  1.0000  -1.3934   0.0000   0.4212
  20.000   1.1400   0.34883   0.34045  -0.2442  0.4842  1.0000  -1.0901   0.0000   0.4250


