XFLR5 v6.09.05 beta

 Calculated polar for: 5s1223

 1 1 Reynolds number fixed          Mach number fixed         

 xtrf =   1.000 (top)        1.000 (bottom)
 Mach =   0.000     Re =     0.225 e 6     Ncrit =   9.000

  alpha     CL        CD       CDp       Cm    Top Xtr Bot Xtr   Cpmin    Chinge    XCp    
 ------- -------- --------- --------- -------- ------- ------- -------- --------- ---------
   0.000   1.3642   0.02130   0.01310  -0.2866  0.4601  0.3496  -1.6493   0.0000   0.4576
   1.000   1.4860   0.02242   0.01413  -0.2884  0.4431  0.3972  -1.7886   0.0000   0.4398
   2.000   1.5988   0.02375   0.01545  -0.2885  0.4273  0.4785  -1.9250   0.0000   0.4244
   3.000   1.7225   0.02549   0.01737  -0.2908  0.4137  0.6192  -2.0678   0.0000   0.4110
   4.000   1.8186   0.02709   0.01931  -0.2875  0.4039  0.7455  -2.2052   0.0000   0.3985
   5.000   1.9045   0.02841   0.02082  -0.2825  0.3925  1.0000  -2.3537   0.0000   0.3868
   6.000   2.0184   0.03118   0.02356  -0.2838  0.3796  1.0000  -2.5627   0.0000   0.3772
   7.000   2.0787   0.03329   0.02616  -0.2743  0.3691  1.0000  -2.7641   0.0000   0.3665
   8.000   2.1450   0.03546   0.02847  -0.2662  0.3565  1.0000  -3.0709   0.0000   0.3566
   9.000   2.2040   0.03869   0.03209  -0.2576  0.3421  1.0000  -3.3735   0.0000   0.3472
  10.000   2.2284   0.04155   0.03530  -0.2432  0.3259  1.0000  -3.6260   0.0000   0.3372


