XFLR5 v6.09.05 beta

 Calculated polar for: 5s1223

 1 1 Reynolds number fixed          Mach number fixed         

 xtrf =   1.000 (top)        1.000 (bottom)
 Mach =   0.000     Re =     0.005 e 6     Ncrit =   9.000

  alpha     CL        CD       CDp       Cm    Top Xtr Bot Xtr   Cpmin    Chinge    XCp    
 ------- -------- --------- --------- -------- ------- ------- -------- --------- ---------
   0.000  -0.0310   0.10862   0.09444  -0.0089  1.0000  1.0000  -0.9641   0.0000  -0.0740
   1.000  -0.0504   0.10565   0.09204  -0.0060  1.0000  1.0000  -0.9828   0.0000   0.1126
   2.000  -0.0696   0.10135   0.08826  -0.0032  1.0000  1.0000  -1.0025   0.0000   0.1922
   3.000  -0.0875   0.09526   0.08266  -0.0010  1.0000  1.0000  -1.0551   0.0000   0.2308
   4.000  -0.0406   0.09100   0.07841  -0.0150  1.0000  1.0000  -1.1077   0.0000  -0.1254
   5.000   0.5765   0.13461   0.11462  -0.1666  1.0000  1.0000  -0.7609   0.0000   0.5307
   6.000   0.6888   0.15065   0.12804  -0.1849  1.0000  1.0000  -0.8081   0.0000   0.5082
   7.000   0.7653   0.16451   0.14040  -0.1947  1.0000  1.0000  -0.8532   0.0000   0.4923
   8.000   0.8288   0.17805   0.15304  -0.2021  1.0000  1.0000  -0.8964   0.0000   0.4798
   9.000   0.8849   0.19168   0.16626  -0.2084  1.0000  1.0000  -0.9365   0.0000   0.4694
  10.000   0.9354   0.20558   0.17991  -0.2142  1.0000  1.0000  -0.9798   0.0000   0.4609
  11.000   0.9816   0.21991   0.19427  -0.2199  1.0000  1.0000  -1.0276   0.0000   0.4538
  12.000   1.0241   0.23480   0.20941  -0.2256  1.0000  1.0000  -1.0761   0.0000   0.4479
  13.000   1.0632   0.25033   0.22569  -0.2315  1.0000  1.0000  -1.1255   0.0000   0.4431
  14.000   1.0995   0.26653   0.24239  -0.2375  1.0000  1.0000  -1.1821   0.0000   0.4391
  15.000   1.1333   0.28339   0.25987  -0.2439  1.0000  1.0000  -1.2317   0.0000   0.4358
  16.000   1.1645   0.30118   0.27836  -0.2504  1.0000  1.0000  -1.2824   0.0000   0.4331
  17.000   1.1932   0.31999   0.29796  -0.2570  1.0000  1.0000  -1.3152   0.0000   0.4310
  18.000   1.2194   0.33987   0.31938  -0.2637  1.0000  1.0000  -1.3389   0.0000   0.4291
  19.000   1.2431   0.36071   0.34109  -0.2703  1.0000  1.0000  -1.3681   0.0000   0.4276
  20.000   1.2642   0.38241   0.36369  -0.2769  1.0000  1.0000  -1.3793   0.0000   0.4263
  23.000   1.3035   0.44790   0.43264  -0.2934  0.9925  1.0000  -1.4163   0.0000   0.4231
  24.000   1.2646   0.46123   0.44744  -0.2878  0.9332  1.0000  -1.3516   0.0000   0.4231
  25.000   1.1169   0.43226   0.42037  -0.2562  0.8552  1.0000  -1.1151   0.0000   0.4242


