XFLR5 v6.09.05 beta

 Calculated polar for: S1223

 1 1 Reynolds number fixed          Mach number fixed         

 xtrf =   1.000 (top)        1.000 (bottom)
 Mach =   0.000     Re =     0.070 e 6     Ncrit =   9.000

  alpha     CL        CD       CDp       Cm    Top Xtr Bot Xtr   Cpmin    Chinge    XCp    
 ------- -------- --------- --------- -------- ------- ------- -------- --------- ---------
 -15.000  -0.2904   0.19979   0.19315  -0.0236  1.0000  0.0480  -1.0290   0.0000   0.1464
 -14.500  -0.2757   0.19292   0.18630  -0.0237  1.0000  0.0491  -0.9874   0.0000   0.1414
 -14.000  -0.2629   0.18743   0.18088  -0.0239  1.0000  0.0503  -0.9607   0.0000   0.1361
 -13.500  -0.2512   0.18247   0.17599  -0.0242  1.0000  0.0516  -0.9427   0.0000   0.1306
 -13.000  -0.2402   0.17778   0.17138  -0.0244  1.0000  0.0530  -0.9300   0.0000   0.1253
 -12.500  -0.2299   0.17327   0.16695  -0.0245  1.0000  0.0545  -0.9214   0.0000   0.1202
 -12.000  -0.2204   0.16893   0.16270  -0.0245  1.0000  0.0562  -0.9165   0.0000   0.1155
 -11.500  -0.2118   0.16478   0.15866  -0.0244  1.0000  0.0580  -0.9153   0.0000   0.1116
 -11.000  -0.2043   0.16091   0.15489  -0.0243  1.0000  0.0599  -0.9193   0.0000   0.1086
 -10.500  -0.1988   0.15768   0.15178  -0.0241  1.0000  0.0620  -0.9331   0.0000   0.1069
 -10.000  -0.1982   0.15629   0.15052  -0.0240  1.0000  0.0637  -0.9684   0.0000   0.1080
  -9.500  -0.2046   0.15671   0.15110  -0.0238  1.0000  0.0647  -1.0202   0.0000   0.1151
  -9.000  -0.2149   0.15723   0.15175  -0.0230  1.0000  0.0651  -1.0728   0.0000   0.1266
  -8.500  -0.2251   0.15688   0.15158  -0.0218  1.0000  0.0654  -1.1187   0.0000   0.1389
  -8.000  -0.2355   0.15589   0.15078  -0.0199  1.0000  0.0656  -1.1563   0.0000   0.1526
  -7.000  -0.1971   0.13413   0.12933  -0.0134  1.0000  0.0710  -0.9765   0.0000   0.1680
  -6.500  -0.1860   0.13080   0.12616  -0.0147  0.9958  0.0741  -0.9503   0.0000   0.1566
  -6.000  -0.1239   0.12390   0.11924  -0.0290  0.9750  0.0811  -0.9141   0.0000  -0.0060
  -5.500  -0.0906   0.12360   0.11897  -0.0442  0.9440  0.0867  -0.9901   0.0000  -0.2672
  -5.000  -0.0486   0.11657   0.11201  -0.0573  0.9099  0.0887  -1.0342   0.0000  -0.9805
  -4.500   0.0216   0.10233   0.09770  -0.0581  0.8899  0.0971  -0.8420   0.0000   3.0501
  -4.000   0.0723   0.09633   0.09169  -0.0689  0.8606  0.1089  -0.8286   0.0000   1.2320
  -3.000   0.1827   0.07965   0.07499  -0.0835  0.8058  0.1297  -0.8189   0.0000   0.7156
  -2.500   0.2557   0.07155   0.06680  -0.0988  0.7771  0.1460  -0.8625   0.0000   0.6411
  -2.000   0.3597   0.06326   0.05829  -0.1191  0.7478  0.1742  -0.9265   0.0000   0.5835
  -1.500   0.4795   0.05476   0.04939  -0.1393  0.7161  0.2076  -1.0064   0.0000   0.5414
  -1.000   0.5933   0.04775   0.04200  -0.1559  0.6842  0.2465  -1.0834   0.0000   0.5127
  -0.500   1.0814   0.02525   0.01583  -0.2650  0.6412  0.1292  -1.3580   0.0000   0.4939
   0.000   1.1223   0.02738   0.01893  -0.2597  0.6203  0.4164  -1.4005   0.0000   0.4797
   0.500   1.1850   0.02857   0.01970  -0.2599  0.6025  0.4905  -1.4644   0.0000   0.4668
   1.000   1.2405   0.02937   0.02044  -0.2604  0.5859  0.5266  -1.5181   0.0000   0.4566
   1.500   1.3120   0.03026   0.02101  -0.2639  0.5717  0.5652  -1.5860   0.0000   0.4470
   2.000   1.3709   0.03195   0.02260  -0.2651  0.5612  0.6182  -1.6419   0.0000   0.4384
   2.500   1.4153   0.03354   0.02446  -0.2635  0.5513  0.6905  -1.6839   0.0000   0.4305
   3.000   1.4486   0.03470   0.02594  -0.2592  0.5416  0.8199  -1.7276   0.0000   0.4224
   3.500   1.5135   0.03640   0.02721  -0.2621  0.5311  1.0000  -1.7997   0.0000   0.4158
   4.000   1.5517   0.03983   0.03064  -0.2602  0.5235  1.0000  -1.8447   0.0000   0.4096
   4.500   1.5705   0.04357   0.03463  -0.2553  0.5159  1.0000  -1.8758   0.0000   0.4037
   5.000   1.5841   0.04794   0.03922  -0.2499  0.5082  1.0000  -1.9010   0.0000   0.3981
   5.500   1.6180   0.05115   0.04257  -0.2471  0.4994  1.0000  -1.9596   0.0000   0.3922
   6.000   1.6704   0.05477   0.04601  -0.2471  0.4911  1.0000  -2.0450   0.0000   0.3866
   6.500   1.1558   0.11641   0.10965  -0.2239  0.4990  1.0000  -1.3112   0.0000   0.4332
   7.000   1.2027   0.12153   0.11461  -0.2239  0.4942  1.0000  -1.3756   0.0000   0.4248
   7.500   1.2534   0.12860   0.12160  -0.2242  0.4912  1.0000  -1.4423   0.0000   0.4166
   8.000   1.1698   0.15132   0.14471  -0.2321  0.5298  1.0000  -1.2688   0.0000   0.4360
   8.500   1.1136   0.15536   0.14889  -0.2303  0.5052  1.0000  -1.1855   0.0000   0.4437


