XFLR5 v6.09.05 beta

 Calculated polar for: S1223

 1 1 Reynolds number fixed          Mach number fixed         

 xtrf =   1.000 (top)        1.000 (bottom)
 Mach =   0.000     Re =     0.115 e 6     Ncrit =   9.000

  alpha     CL        CD       CDp       Cm    Top Xtr Bot Xtr   Cpmin    Chinge    XCp    
 ------- -------- --------- --------- -------- ------- ------- -------- --------- ---------
 -11.500  -0.2187   0.16218   0.15741  -0.0223  1.0000  0.0349  -0.9912   0.0000   0.1260
 -11.000  -0.2108   0.15803   0.15334  -0.0218  1.0000  0.0358  -0.9825   0.0000   0.1246
 -10.500  -0.2038   0.15400   0.14940  -0.0212  1.0000  0.0367  -0.9766   0.0000   0.1246
 -10.000  -0.1981   0.15011   0.14561  -0.0204  1.0000  0.0377  -0.9737   0.0000   0.1263
  -9.500  -0.1936   0.14642   0.14199  -0.0194  1.0000  0.0387  -0.9739   0.0000   0.1300
  -9.000  -0.1909   0.14294   0.13863  -0.0181  1.0000  0.0399  -0.9776   0.0000   0.1359
  -8.500  -0.1902   0.13978   0.13559  -0.0167  1.0000  0.0411  -0.9860   0.0000   0.1444
  -8.000  -0.1922   0.13709   0.13303  -0.0150  1.0000  0.0423  -1.0011   0.0000   0.1555
  -7.500  -0.1461   0.13244   0.12838  -0.0280  0.9893  0.0447  -1.0348   0.0000   0.0364
  -7.000  -0.1080   0.12931   0.12525  -0.0412  0.9728  0.0457  -1.0974   0.0000  -0.1615
  -6.500  -0.0706   0.12401   0.11997  -0.0508  0.9538  0.0461  -1.1209   0.0000  -0.5133
  -6.000  -0.0341   0.11341   0.10943  -0.0578  0.9371  0.0471  -1.1367   0.0000  -1.5307
  -5.500   0.0342   0.10139   0.09741  -0.0629  0.9280  0.0510  -0.9335   0.0000   2.1706
  -5.000   0.0766   0.09464   0.09065  -0.0689  0.9077  0.0549  -0.8757   0.0000   1.1834
  -4.500   0.1006   0.08930   0.08537  -0.0715  0.8770  0.0590  -0.8655   0.0000   0.9834
  -4.000   0.1458   0.08478   0.08086  -0.0860  0.8409  0.0649  -0.9534   0.0000   0.8532
  -3.000   0.2659   0.06576   0.06168  -0.0991  0.7781  0.0753  -0.8848   0.0000   0.6276
  -2.500   0.3989   0.05498   0.05042  -0.1320  0.7207  0.0915  -0.9575   0.0000   0.5836
  -2.000   0.5327   0.04672   0.04148  -0.1597  0.6631  0.1165  -1.0381   0.0000   0.5510
  -1.500   0.7055   0.03493   0.02890  -0.1973  0.6201  0.0973  -1.1390   0.0000   0.5298
  -1.000   1.0175   0.02165   0.01278  -0.2609  0.5791  0.0762  -1.3265   0.0000   0.5059
  -0.500   1.1051   0.02129   0.01192  -0.2670  0.5578  0.0830  -1.3981   0.0000   0.4902
   0.000   1.1794   0.02190   0.01300  -0.2702  0.5399  0.3462  -1.4645   0.0000   0.4770
   0.500   1.2351   0.02325   0.01421  -0.2696  0.5247  0.4165  -1.5268   0.0000   0.4654
   1.000   1.2940   0.02382   0.01471  -0.2701  0.5133  0.4464  -1.5890   0.0000   0.4550
   1.500   1.3573   0.02440   0.01520  -0.2717  0.5027  0.4785  -1.6555   0.0000   0.4456
   2.000   1.4239   0.02555   0.01624  -0.2740  0.4928  0.5257  -1.7245   0.0000   0.4370
   2.500   1.4800   0.02662   0.01746  -0.2741  0.4853  0.5978  -1.7834   0.0000   0.4290
   3.000   1.5270   0.02725   0.01844  -0.2721  0.4767  0.7142  -1.8383   0.0000   0.4211
   3.500   1.5630   0.02774   0.01914  -0.2679  0.4694  1.0000  -1.8910   0.0000   0.4135
   4.000   1.6207   0.02917   0.02035  -0.2686  0.4624  1.0000  -1.9622   0.0000   0.4070
   4.500   1.6762   0.03141   0.02255  -0.2690  0.4553  1.0000  -2.0355   0.0000   0.4009
   5.000   1.7199   0.03347   0.02476  -0.2672  0.4500  1.0000  -2.0996   0.0000   0.3950
   5.500   1.7600   0.03501   0.02648  -0.2645  0.4429  1.0000  -2.1693   0.0000   0.3890
   6.000   1.7994   0.03689   0.02850  -0.2618  0.4359  1.0000  -2.2469   0.0000   0.3834
   6.500   1.8414   0.03864   0.03034  -0.2596  0.4290  1.0000  -2.3313   0.0000   0.3779
   7.000   1.8918   0.04038   0.03199  -0.2589  0.4214  1.0000  -2.4342   0.0000   0.3728
   7.500   1.9194   0.04403   0.03610  -0.2548  0.4148  1.0000  -2.5168   0.0000   0.3678
   8.000   1.9334   0.04648   0.03896  -0.2480  0.4072  1.0000  -2.5908   0.0000   0.3624
   8.500   1.9524   0.04895   0.04169  -0.2422  0.3988  1.0000  -2.7039   0.0000   0.3573
   9.000   1.9872   0.05026   0.04308  -0.2387  0.3906  1.0000  -2.8558   0.0000   0.3523
   9.500   2.0359   0.05358   0.04636  -0.2385  0.3818  1.0000  -3.0322   0.0000   0.3482
  10.000   1.9720   0.05883   0.05224  -0.2206  0.3757  1.0000  -3.0010   0.0000   0.3421
  11.000   1.7043   0.09199   0.08643  -0.1922  0.3521  1.0000  -2.6231   0.0000   0.3411
  11.500   2.0325   0.06485   0.05878  -0.2057  0.3472  1.0000  -3.3947   0.0000   0.3281


