XFLR5 v6.09.05 beta

 Calculated polar for: S1223

 1 1 Reynolds number fixed          Mach number fixed         

 xtrf =   1.000 (top)        1.000 (bottom)
 Mach =   0.000     Re =     0.040 e 6     Ncrit =   9.000

  alpha     CL        CD       CDp       Cm    Top Xtr Bot Xtr   Cpmin    Chinge    XCp    
 ------- -------- --------- --------- -------- ------- ------- -------- --------- ---------
 -15.000  -0.3014   0.21632   0.20758  -0.0260  1.0000  0.0873  -0.9942   0.0000   0.1427
 -14.500  -0.3020   0.21795   0.20934  -0.0273  1.0000  0.0877  -1.0341   0.0000   0.1396
 -14.000  -0.2751   0.20052   0.19195  -0.0274  1.0000  0.0892  -0.9841   0.0000   0.1288
 -13.500  -0.2514   0.18814   0.17963  -0.0265  1.0000  0.0923  -0.9154   0.0000   0.1213
 -13.000  -0.2378   0.18223   0.17381  -0.0264  1.0000  0.0956  -0.8888   0.0000   0.1155
 -12.500  -0.2266   0.17748   0.16917  -0.0264  1.0000  0.0992  -0.8757   0.0000   0.1098
 -12.000  -0.2171   0.17334   0.16514  -0.0264  1.0000  0.1032  -0.8715   0.0000   0.1045
 -11.500  -0.2103   0.17019   0.16213  -0.0266  1.0000  0.1073  -0.8785   0.0000   0.1002
 -11.000  -0.2109   0.17029   0.16239  -0.0270  1.0000  0.1107  -0.9120   0.0000   0.1000
 -10.500  -0.2216   0.17363   0.16594  -0.0271  1.0000  0.1121  -0.9674   0.0000   0.1082
 -10.000  -0.2357   0.17671   0.16925  -0.0267  1.0000  0.1126  -1.0234   0.0000   0.1201
  -9.500  -0.1900   0.15501   0.14757  -0.0248  1.0000  0.1173  -0.9060   0.0000   0.0989
  -9.000  -0.1788   0.14938   0.14209  -0.0229  1.0000  0.1225  -0.8715   0.0000   0.1012
  -8.500  -0.1752   0.14590   0.13880  -0.0212  1.0000  0.1282  -0.8636   0.0000   0.1089
  -8.000  -0.1785   0.14411   0.13723  -0.0196  1.0000  0.1341  -0.8759   0.0000   0.1219
  -7.500  -0.1986   0.14690   0.14029  -0.0178  1.0000  0.1382  -0.9269   0.0000   0.1455
  -7.000  -0.2318   0.15176   0.14548  -0.0147  1.0000  0.1395  -0.9925   0.0000   0.1750
  -6.500  -0.2689   0.15585   0.14992  -0.0104  1.0000  0.1400  -1.0523   0.0000   0.2019
  -6.000  -0.2142   0.13548   0.12969  -0.0087  1.0000  0.1477  -0.9145   0.0000   0.1980
  -5.500  -0.2329   0.13495   0.12947  -0.0045  1.0000  0.1519  -0.9140   0.0000   0.2204
  -5.000  -0.2165   0.13386   0.12853  -0.0106  0.9870  0.1619  -0.9074   0.0000   0.1897
  -4.500  -0.1948   0.14259   0.13731  -0.0330  0.9415  0.1699  -1.0079   0.0000   0.0675
  -4.000  -0.1208   0.12220   0.11693  -0.0317  0.9145  0.1834  -0.8526   0.0000  -0.0326
  -3.500  -0.0970   0.12326   0.11795  -0.0430  0.8763  0.2005  -0.8761   0.0000  -0.2184
  -3.000  -0.0630   0.11440   0.10915  -0.0461  0.8468  0.2087  -0.8441   0.0000  -0.5169
  -2.500  -0.0317   0.10915   0.10392  -0.0470  0.8208  0.2252  -0.7947   0.0000  -1.2998
  -2.000  -0.0025   0.10818   0.10298  -0.0599  0.7968  0.2417  -0.8199   0.0000  -24.9419
  -1.500   0.0184   0.10181   0.09666  -0.0545  0.7783  0.2561  -0.7627   0.0000   3.3019
  -1.000   0.0490   0.10288   0.09775  -0.0685  0.7555  0.2796  -0.7807   0.0000   1.6824
  -0.500   0.1124   0.09486   0.08964  -0.0706  0.7412  0.3111  -0.7127   0.0000   0.8895
   0.000   0.0997   0.09707   0.09202  -0.0735  0.7251  0.3221  -0.7332   0.0000   1.0000
   0.500   0.0977   0.09469   0.08975  -0.0666  0.7173  0.3413  -0.7074   0.0000   0.9420
   1.000   0.1476   0.09141   0.08646  -0.0698  0.7099  0.4201  -0.6918   0.0000   0.7279
   1.500   0.1579   0.09189   0.08703  -0.0701  0.7061  0.4657  -0.6829   0.0000   0.6976
   2.000   0.1625   0.09296   0.08823  -0.0708  0.7026  0.5093  -0.6644   0.0000   0.6879
   2.500   0.1795   0.09250   0.08787  -0.0695  0.7056  0.5652  -0.6609   0.0000   0.6374
   3.500   0.8391   0.09705   0.08991  -0.2106  0.6689  0.6546  -0.9917   0.0000   0.4963
   4.000   0.8951   0.10382   0.09643  -0.2160  0.6732  0.7187  -1.0299   0.0000   0.4859
   5.500   0.8029   0.12883   0.12216  -0.2165  0.7837  0.7809  -0.8584   0.0000   0.5124
   6.000   0.8659   0.13681   0.12993  -0.2247  0.7713  1.0000  -0.9015   0.0000   0.5014
   6.500   0.9197   0.14316   0.13561  -0.2312  0.7455  1.0000  -0.9421   0.0000   0.4924
   7.000   0.9349   0.14669   0.13887  -0.2306  0.7192  1.0000  -0.9541   0.0000   0.4868
   7.500   0.9737   0.15479   0.14673  -0.2329  0.7037  1.0000  -0.9880   0.0000   0.4784
   8.000   1.0073   0.15991   0.15165  -0.2336  0.6789  1.0000  -1.0224   0.0000   0.4703
   8.500   1.0136   0.16330   0.15497  -0.2326  0.6560  1.0000  -1.0283   0.0000   0.4670
   9.000   1.0942   0.17879   0.17024  -0.2374  0.6389  1.0000  -1.1215   0.0000   0.4535
   9.500   1.0674   0.17496   0.16647  -0.2339  0.6130  1.0000  -1.0914   0.0000   0.4548
  10.000   1.1394   0.19354   0.18493  -0.2380  0.6010  1.0000  -1.1851   0.0000   0.4436
  10.500   1.1220   0.18797   0.17944  -0.2353  0.5715  1.0000  -1.1643   0.0000   0.4435
  11.000   1.1351   0.19469   0.18619  -0.2364  0.5585  1.0000  -1.1851   0.0000   0.4411
  11.500   1.1586   0.19941   0.19110  -0.2369  0.5349  1.0000  -1.2253   0.0000   0.4363
  12.000   1.1683   0.20552   0.19725  -0.2381  0.5190  1.0000  -1.2444   0.0000   0.4346
  12.500   1.1967   0.21238   0.20418  -0.2386  0.4969  1.0000  -1.3031   0.0000   0.4292
  13.000   1.2181   0.22439   0.21626  -0.2403  0.4873  1.0000  -1.3449   0.0000   0.4261
  13.500   1.2252   0.22527   0.21724  -0.2409  0.4610  1.0000  -1.3740   0.0000   0.4244
  14.000   1.2570   0.24172   0.23379  -0.2423  0.4516  1.0000  -1.4413   0.0000   0.4195
  14.500   1.2443   0.23899   0.23117  -0.2444  0.4291  1.0000  -1.4173   0.0000   0.4221
  15.000   1.2954   0.26136   0.25368  -0.2444  0.4163  1.0000  -1.5225   0.0000   0.4132
  16.000   1.3256   0.27823   0.27116  -0.2466  0.3828  1.0000  -1.5735   0.0000   0.4083


