XFLR5 v6.09.05 beta

 Calculated polar for: S1223

 1 1 Reynolds number fixed          Mach number fixed         

 xtrf =   1.000 (top)        1.000 (bottom)
 Mach =   0.000     Re =     0.025 e 6     Ncrit =   9.000

  alpha     CL        CD       CDp       Cm    Top Xtr Bot Xtr   Cpmin    Chinge    XCp    
 ------- -------- --------- --------- -------- ------- ------- -------- --------- ---------
 -15.000  -0.2872   0.20855   0.19757  -0.0248  1.0000  0.1450  -0.8887   0.0000   0.1408
 -14.500  -0.2706   0.20110   0.19013  -0.0249  1.0000  0.1507  -0.8618   0.0000   0.1343
 -14.000  -0.2583   0.19626   0.18540  -0.0254  1.0000  0.1570  -0.8518   0.0000   0.1278
 -13.500  -0.2498   0.19334   0.18261  -0.0261  1.0000  0.1635  -0.8555   0.0000   0.1220
 -13.000  -0.2510   0.19566   0.18511  -0.0269  1.0000  0.1680  -0.8861   0.0000   0.1204
 -12.500  -0.2623   0.20197   0.19164  -0.0273  1.0000  0.1696  -0.9356   0.0000   0.1257
 -12.000  -0.2280   0.18238   0.17216  -0.0271  1.0000  0.1744  -0.8754   0.0000   0.1082
 -11.500  -0.2092   0.17407   0.16396  -0.0262  1.0000  0.1822  -0.8399   0.0000   0.1004
 -11.000  -0.2002   0.16999   0.16005  -0.0257  1.0000  0.1906  -0.8327   0.0000   0.0973
 -10.500  -0.2013   0.16993   0.16021  -0.0254  1.0000  0.1986  -0.8511   0.0000   0.1014
 -10.000  -0.2203   0.17648   0.16705  -0.0244  1.0000  0.2019  -0.9034   0.0000   0.1199
  -9.500  -0.1983   0.16353   0.15422  -0.0238  1.0000  0.2064  -0.8739   0.0000   0.1092
  -9.000  -0.1760   0.15397   0.14480  -0.0220  1.0000  0.2168  -0.8283   0.0000   0.1025
  -8.500  -0.1736   0.15113   0.14219  -0.0203  1.0000  0.2276  -0.8268   0.0000   0.1118
  -8.000  -0.1927   0.15485   0.14623  -0.0180  1.0000  0.2357  -0.8647   0.0000   0.1386
  -7.500  -0.2303   0.16274   0.15453  -0.0141  1.0000  0.2379  -0.9254   0.0000   0.1750
  -7.000  -0.1785   0.14182   0.13372  -0.0137  1.0000  0.2497  -0.8389   0.0000   0.1561
  -6.500  -0.1807   0.13892   0.13111  -0.0105  1.0000  0.2616  -0.8329   0.0000   0.1760
  -6.000  -0.2064   0.14123   0.13380  -0.0065  1.0000  0.2714  -0.8621   0.0000   0.2058
  -5.500  -0.2564   0.14833   0.14135  -0.0006  1.0000  0.2750  -0.9187   0.0000   0.2379
  -5.000  -0.3038   0.15581   0.14924   0.0026  1.0000  0.2765  -0.9776   0.0000   0.2506
  -4.500  -0.2570   0.13634   0.12995   0.0048  1.0000  0.2910  -0.8875   0.0000   0.2596
  -4.000  -0.2780   0.13635   0.13022   0.0085  1.0000  0.3015  -0.8973   0.0000   0.2721
  -3.500  -0.3142   0.13944   0.13357   0.0123  1.0000  0.3113  -0.9329   0.0000   0.2815
  -3.000  -0.3517   0.14964   0.14398   0.0078  1.0000  0.3174  -1.0047   0.0000   0.2651
  -2.500  -0.3361   0.13407   0.12859   0.0160  1.0000  0.3293  -0.9459   0.0000   0.2906
  -2.000  -0.3422   0.13201   0.12667   0.0179  1.0000  0.3470  -0.9426   0.0000   0.2955
  -1.500  -0.3579   0.13544   0.13028   0.0124  1.0000  0.3626  -0.9855   0.0000   0.2779
  -1.000  -0.3522   0.12625   0.12111   0.0201  1.0000  0.3799  -0.9449   0.0000   0.3004
  -0.500  -0.3538   0.12725   0.12224   0.0148  1.0000  0.4086  -0.9635   0.0000   0.2851
   0.000  -0.3520   0.12189   0.11697   0.0207  1.0000  0.4439  -0.9370   0.0000   0.3023
   0.500  -0.3513   0.11717   0.11239   0.0249  1.0000  0.4852  -0.9216   0.0000   0.3146
   1.000  -0.3529   0.11474   0.11011   0.0278  1.0000  0.5516  -0.9138   0.0000   0.3226
   1.500  -0.3630   0.10952   0.10506   0.0403  1.0000  0.6476  -0.8936   0.0000   0.3551
   2.000  -0.3074   0.10035   0.09597   0.0477  1.0000  0.8445  -0.8293   0.0000   0.3994
   2.500  -0.2488   0.09633   0.09194   0.0389  1.0000  0.9171  -0.8056   0.0000   0.3999
   3.000  -0.2325   0.09331   0.08898   0.0359  1.0000  0.9320  -0.8079   0.0000   0.3978
   3.500  -0.2744   0.09058   0.08638   0.0451  1.0000  0.9245  -0.8394   0.0000   0.4084
   4.000  -0.3018   0.08752   0.08343   0.0502  0.9993  0.9082  -0.8648   0.0000   0.4105
   4.500   0.5453   0.11705   0.10949  -0.1883  0.9847  0.3749  -0.8049   0.0000   0.5902
   5.000   0.5789   0.12061   0.11365  -0.1808  0.9811  0.7429  -0.8747   0.0000   0.5558
   5.500   0.5968   0.12098   0.11406  -0.1783  0.9707  1.0000  -0.8187   0.0000   0.5414
   6.000   0.7112   0.13311   0.12499  -0.2039  0.9545  1.0000  -0.7801   0.0000   0.5284
   7.000   0.8298   0.14941   0.13974  -0.2220  0.9095  1.0000  -0.8545   0.0000   0.5075
   7.500   0.8629   0.15496   0.14494  -0.2247  0.8890  1.0000  -0.8790   0.0000   0.4996
   8.000   0.8968   0.16086   0.15057  -0.2273  0.8652  1.0000  -0.9033   0.0000   0.4917
   8.500   0.9307   0.16694   0.15649  -0.2297  0.8386  1.0000  -0.9337   0.0000   0.4842
   9.000   0.9538   0.17152   0.16093  -0.2307  0.8166  1.0000  -0.9548   0.0000   0.4784
   9.500   0.9824   0.17797   0.16727  -0.2326  0.7952  1.0000  -0.9792   0.0000   0.4724
  10.000   1.0174   0.18638   0.17558  -0.2351  0.7696  1.0000  -1.0204   0.0000   0.4657
  10.500   1.0592   0.19716   0.18633  -0.2381  0.7431  1.0000  -1.0682   0.0000   0.4586
  11.000   1.0625   0.19551   0.18471  -0.2372  0.7187  1.0000  -1.0725   0.0000   0.4561
  11.500   1.0829   0.20103   0.19026  -0.2382  0.6942  1.0000  -1.1031   0.0000   0.4519
  12.000   1.1312   0.21901   0.20844  -0.2418  0.6727  1.0000  -1.1680   0.0000   0.4448
  12.500   1.1313   0.21517   0.20469  -0.2412  0.6471  1.0000  -1.1792   0.0000   0.4432
  13.000   1.1458   0.22115   0.21074  -0.2423  0.6258  1.0000  -1.2059   0.0000   0.4405
  14.000   1.1814   0.23498   0.22479  -0.2450  0.5806  1.0000  -1.2780   0.0000   0.4343
  14.500   1.2141   0.25068   0.24061  -0.2469  0.5621  1.0000  -1.3400   0.0000   0.4294
  15.000   1.2211   0.25245   0.24254  -0.2476  0.5351  1.0000  -1.3567   0.0000   0.4277
  15.500   1.2353   0.26365   0.25387  -0.2496  0.5231  1.0000  -1.3753   0.0000   0.4258
  16.000   1.2506   0.27024   0.26064  -0.2505  0.4962  1.0000  -1.3979   0.0000   0.4230
  16.500   1.2520   0.27729   0.26782  -0.2523  0.4813  1.0000  -1.3835   0.0000   0.4231
  17.000   1.2689   0.28698   0.27807  -0.2535  0.4605  1.0000  -1.4190   0.0000   0.4202
  17.500   1.2772   0.29884   0.29008  -0.2553  0.4490  1.0000  -1.4276   0.0000   0.4192
  18.000   1.2842   0.30526   0.29671  -0.2561  0.4244  1.0000  -1.4367   0.0000   0.4175
  18.500   1.3062   0.32506   0.31669  -0.2577  0.4158  1.0000  -1.4643   0.0000   0.4143
  19.000   1.2817   0.32331   0.31510  -0.2590  0.4004  1.0000  -1.3945   0.0000   0.4178
  20.000   1.2779   0.34395   0.33616  -0.2590  0.3731  1.0000  -1.3734   0.0000   0.4160
  20.500   1.2618   0.35177   0.34426  -0.2560  0.3569  1.0000  -1.3484   0.0000   0.4151


