XFLR5 v6.09.05 beta

 Calculated polar for: S1223

 1 1 Reynolds number fixed          Mach number fixed         

 xtrf =   1.000 (top)        1.000 (bottom)
 Mach =   0.000     Re =     0.280 e 6     Ncrit =   9.000

  alpha     CL        CD       CDp       Cm    Top Xtr Bot Xtr   Cpmin    Chinge    XCp    
 ------- -------- --------- --------- -------- ------- ------- -------- --------- ---------
 -14.500  -0.2936   0.19489   0.19159  -0.0192  1.0000  0.0171  -1.2028   0.0000   0.1638
 -14.000  -0.2832   0.19007   0.18679  -0.0197  1.0000  0.0171  -1.2058   0.0000   0.1595
 -13.500  -0.2734   0.18535   0.18211  -0.0201  1.0000  0.0171  -1.2097   0.0000   0.1556
 -13.000  -0.2641   0.18072   0.17752  -0.0204  1.0000  0.0171  -1.2149   0.0000   0.1523
 -12.500  -0.2554   0.17617   0.17302  -0.0205  1.0000  0.0171  -1.2206   0.0000   0.1496
 -12.000  -0.2475   0.17175   0.16864  -0.0204  1.0000  0.0171  -1.2274   0.0000   0.1477
 -11.500  -0.2404   0.16744   0.16439  -0.0201  1.0000  0.0171  -1.2352   0.0000   0.1468
 -11.000  -0.2293   0.16273   0.15972  -0.0210  0.9994  0.0171  -1.2412   0.0000   0.1388
  -8.000  -0.0100   0.11433   0.11131  -0.0624  0.9633  0.0192  -1.1433   0.0000  -6.4456
  -7.500   0.0346   0.10741   0.10439  -0.0706  0.9590  0.0199  -1.0785   0.0000   2.4138
  -7.000   0.0634   0.10152   0.09854  -0.0745  0.9470  0.0206  -1.0411   0.0000   1.4865
  -6.500   0.0920   0.09579   0.09284  -0.0783  0.9339  0.0215  -1.0124   0.0000   1.1411
  -5.500   0.1596   0.08367   0.08073  -0.0885  0.9071  0.0237  -0.9711   0.0000   0.8239
  -5.000   0.1680   0.07949   0.07659  -0.0868  0.8765  0.0247  -0.9774   0.0000   0.7827
  -4.500   0.2000   0.07362   0.07067  -0.0915  0.8423  0.0264  -0.9842   0.0000   0.7194
  -4.000   0.3234   0.06340   0.06004  -0.1216  0.7787  0.0297  -1.0116   0.0000   0.6330
  -2.000   0.5234   0.04024   0.03531  -0.1565  0.5357  0.0391  -1.0433   0.0000   0.5501
  -1.000   1.0119   0.01672   0.00869  -0.2579  0.4809  0.0377  -1.3443   0.0000   0.5041
  -0.500   1.0781   0.01676   0.00853  -0.2598  0.4657  0.0453  -1.4089   0.0000   0.4894
   0.000   1.1621   0.01668   0.00812  -0.2655  0.4509  0.0468  -1.4842   0.0000   0.4760
   0.500   1.2395   0.01658   0.00847  -0.2700  0.4421  0.2957  -1.5595   0.0000   0.4645
   1.000   1.2941   0.01710   0.00899  -0.2694  0.4336  0.3423  -1.6248   0.0000   0.4541
   1.500   1.3545   0.01768   0.00938  -0.2701  0.4248  0.3634  -1.6941   0.0000   0.4445
   2.000   1.4230   0.01838   0.01009  -0.2728  0.4161  0.4006  -1.7683   0.0000   0.4359
   2.500   1.4786   0.01868   0.01051  -0.2725  0.4113  0.4494  -1.8354   0.0000   0.4277
   3.000   1.5372   0.01910   0.01114  -0.2730  0.4058  0.5313  -1.9046   0.0000   0.4201
   3.500   1.5953   0.01957   0.01185  -0.2733  0.4001  0.6609  -1.9739   0.0000   0.4130
   4.000   1.6328   0.01968   0.01228  -0.2691  0.3952  1.0000  -2.0299   0.0000   0.4056
   4.500   1.6893   0.02054   0.01307  -0.2692  0.3893  1.0000  -2.1056   0.0000   0.3993
   5.000   1.7532   0.02198   0.01443  -0.2713  0.3817  1.0000  -2.1890   0.0000   0.3937
   5.500   1.8002   0.02250   0.01501  -0.2694  0.3787  1.0000  -2.2661   0.0000   0.3878
   6.000   1.8479   0.02319   0.01578  -0.2678  0.3748  1.0000  -2.3560   0.0000   0.3821
   6.500   1.8930   0.02386   0.01651  -0.2656  0.3694  1.0000  -2.4495   0.0000   0.3766
   7.000   1.9375   0.02457   0.01726  -0.2634  0.3638  1.0000  -2.5468   0.0000   0.3712
   7.500   1.9781   0.02526   0.01809  -0.2604  0.3575  1.0000  -2.6576   0.0000   0.3660
   8.000   2.0369   0.02709   0.01990  -0.2618  0.3478  1.0000  -2.8321   0.0000   0.3618
   8.500   2.0692   0.02766   0.02067  -0.2571  0.3449  1.0000  -2.9831   0.0000   0.3566
   9.000   2.0943   0.02830   0.02150  -0.2512  0.3394  1.0000  -3.1243   0.0000   0.3512
   9.500   2.1218   0.02905   0.02239  -0.2458  0.3328  1.0000  -3.2723   0.0000   0.3461
  10.000   2.1461   0.02978   0.02325  -0.2400  0.3249  1.0000  -3.4181   0.0000   0.3410
  10.500   2.1789   0.03116   0.02464  -0.2362  0.3140  1.0000  -3.5798   0.0000   0.3365
  11.000   2.1944   0.03226   0.02603  -0.2292  0.3088  1.0000  -3.7117   0.0000   0.3314
  11.500   2.2131   0.03360   0.02759  -0.2231  0.3013  1.0000  -3.8625   0.0000   0.3266
  12.000   2.2303   0.03511   0.02924  -0.2171  0.2930  1.0000  -4.0202   0.0000   0.3220
  12.500   2.2467   0.03722   0.03140  -0.2115  0.2828  1.0000  -4.1767   0.0000   0.3176
  13.000   2.2576   0.03940   0.03400  -0.2054  0.2749  1.0000  -4.3218   0.0000   0.3133
  13.500   2.2645   0.04207   0.03682  -0.1994  0.2629  1.0000  -4.4594   0.0000   0.3091
  14.000   2.2625   0.04586   0.04075  -0.1933  0.2479  1.0000  -4.5760   0.0000   0.3052
  14.500   2.2461   0.05148   0.04639  -0.1873  0.2272  1.0000  -4.6570   0.0000   0.3018
  15.000   2.2252   0.05874   0.05377  -0.1827  0.2051  1.0000  -4.7214   0.0000   0.2992
  15.500   2.1921   0.06847   0.06361  -0.1797  0.1851  1.0000  -4.7481   0.0000   0.2976
  16.000   2.1468   0.08090   0.07619  -0.1789  0.1692  1.0000  -4.7328   0.0000   0.2975
  16.500   2.0994   0.09438   0.08985  -0.1802  0.1551  1.0000  -4.7006   0.0000   0.2985
  17.000   2.0530   0.10796   0.10363  -0.1829  0.1433  1.0000  -4.6597   0.0000   0.3003


