XFLR5 v6.09.05 beta

 Calculated polar for: S1223

 1 1 Reynolds number fixed          Mach number fixed         

 xtrf =   1.000 (top)        1.000 (bottom)
 Mach =   0.000     Re =     0.175 e 6     Ncrit =   9.000

  alpha     CL        CD       CDp       Cm    Top Xtr Bot Xtr   Cpmin    Chinge    XCp    
 ------- -------- --------- --------- -------- ------- ------- -------- --------- ---------
 -15.000  -0.2941   0.19290   0.18869  -0.0179  1.0000  0.0234  -1.0226   0.0000   0.1669
 -14.500  -0.2826   0.18814   0.18395  -0.0187  1.0000  0.0237  -1.0197   0.0000   0.1617
 -14.000  -0.2715   0.18344   0.17929  -0.0193  1.0000  0.0240  -1.0174   0.0000   0.1567
 -13.500  -0.2609   0.17881   0.17471  -0.0198  1.0000  0.0243  -1.0158   0.0000   0.1521
 -13.000  -0.2507   0.17425   0.17020  -0.0201  1.0000  0.0247  -1.0148   0.0000   0.1479
 -12.500  -0.2411   0.16979   0.16579  -0.0202  1.0000  0.0251  -1.0149   0.0000   0.1442
 -12.000  -0.2322   0.16543   0.16150  -0.0202  1.0000  0.0255  -1.0162   0.0000   0.1413
 -11.500  -0.2241   0.16121   0.15734  -0.0200  1.0000  0.0260  -1.0191   0.0000   0.1392
 -11.000  -0.2168   0.15716   0.15336  -0.0197  1.0000  0.0265  -1.0243   0.0000   0.1382
 -10.500  -0.2105   0.15329   0.14956  -0.0192  1.0000  0.0271  -1.0334   0.0000   0.1384
 -10.000  -0.2056   0.14970   0.14605  -0.0185  1.0000  0.0277  -1.0482   0.0000   0.1402
  -9.500  -0.2026   0.14660   0.14302  -0.0177  1.0000  0.0283  -1.0710   0.0000   0.1436
  -9.000  -0.1715   0.14205   0.13848  -0.0257  0.9950  0.0291  -1.0998   0.0000   0.0782
  -8.500  -0.1314   0.13678   0.13319  -0.0366  0.9860  0.0295  -1.1295   0.0000  -0.0578
  -8.000  -0.0954   0.13107   0.12749  -0.0454  0.9759  0.0297  -1.1455   0.0000  -0.2648
  -7.500  -0.0582   0.12465   0.12109  -0.0532  0.9648  0.0299  -1.1470   0.0000  -0.7261
  -7.000  -0.0212   0.11803   0.11448  -0.0606  0.9528  0.0300  -1.1487   0.0000  -2.7709
  -6.500   0.0174   0.10745   0.10393  -0.0693  0.9444  0.0308  -1.2089   0.0000   4.4411
  -6.000   0.0581   0.09845   0.09497  -0.0709  0.9305  0.0325  -1.0537   0.0000   1.5248
  -5.500   0.0930   0.09222   0.08875  -0.0745  0.9131  0.0342  -0.9740   0.0000   1.0824
  -4.500   0.1457   0.08122   0.07783  -0.0795  0.8667  0.0385  -0.9154   0.0000   0.8109
  -4.000   0.1852   0.07466   0.07125  -0.0859  0.8358  0.0421  -0.9130   0.0000   0.7244
  -3.500   0.2819   0.06665   0.06301  -0.1111  0.7844  0.0461  -0.9818   0.0000   0.6500
  -3.000   0.3856   0.05474   0.05052  -0.1295  0.7082  0.0513  -0.9532   0.0000   0.5896
  -2.500   0.4549   0.04958   0.04478  -0.1415  0.6360  0.0594  -0.9991   0.0000   0.5634
  -2.000   0.5573   0.04118   0.03593  -0.1662  0.5928  0.0702  -1.0549   0.0000   0.5493
  -1.500   0.6978   0.03325   0.02744  -0.1955  0.5588  0.0940  -1.1450   0.0000   0.5301
  -1.000   1.0180   0.01949   0.01089  -0.2600  0.5242  0.0599  -1.3394   0.0000   0.5047
  -0.500   1.0976   0.01880   0.00994  -0.2645  0.5077  0.0602  -1.4088   0.0000   0.4895
   0.000   1.1924   0.01892   0.01003  -0.2725  0.4894  0.2762  -1.4894   0.0000   0.4762
   0.500   1.2394   0.01981   0.01113  -0.2701  0.4798  0.3596  -1.5462   0.0000   0.4648
   1.000   1.2999   0.02016   0.01144  -0.2709  0.4698  0.3905  -1.6134   0.0000   0.4544
   1.500   1.3644   0.02078   0.01187  -0.2726  0.4603  0.4192  -1.6838   0.0000   0.4450
   2.000   1.4315   0.02176   0.01285  -0.2750  0.4517  0.4603  -1.7543   0.0000   0.4365
   2.500   1.4876   0.02220   0.01349  -0.2749  0.4452  0.5214  -1.8189   0.0000   0.4284
   3.000   1.5437   0.02274   0.01425  -0.2748  0.4378  0.6243  -1.8839   0.0000   0.4207
   3.500   1.5884   0.02310   0.01495  -0.2721  0.4316  0.8306  -1.9425   0.0000   0.4131
   4.500   1.6973   0.02574   0.01743  -0.2719  0.4181  1.0000  -2.0840   0.0000   0.4003
   5.000   1.7472   0.02680   0.01857  -0.2709  0.4142  1.0000  -2.1592   0.0000   0.3943
   5.500   1.7934   0.02768   0.01955  -0.2690  0.4085  1.0000  -2.2361   0.0000   0.3883
   6.000   1.8401   0.02881   0.02078  -0.2674  0.4029  1.0000  -2.3244   0.0000   0.3827
   6.500   1.8867   0.02979   0.02181  -0.2657  0.3964  1.0000  -2.4178   0.0000   0.3773
   7.000   1.9355   0.03082   0.02280  -0.2644  0.3900  1.0000  -2.5210   0.0000   0.3721
   7.500   1.9829   0.03345   0.02567  -0.2637  0.3816  1.0000  -2.6358   0.0000   0.3675
   8.000   2.0181   0.03421   0.02667  -0.2597  0.3768  1.0000  -2.7725   0.0000   0.3623
   8.500   2.0506   0.03530   0.02799  -0.2555  0.3699  1.0000  -2.9209   0.0000   0.3572
   9.000   2.0855   0.03636   0.02921  -0.2517  0.3628  1.0000  -3.0766   0.0000   0.3523
   9.500   2.1277   0.03688   0.02970  -0.2492  0.3550  1.0000  -3.2511   0.0000   0.3476
  10.000   2.1616   0.03908   0.03215  -0.2459  0.3461  1.0000  -3.4095   0.0000   0.3432
  10.500   2.1654   0.04025   0.03367  -0.2365  0.3395  1.0000  -3.5162   0.0000   0.3376
  11.000   2.1739   0.04112   0.03476  -0.2281  0.3305  1.0000  -3.6348   0.0000   0.3322
  11.500   2.2001   0.04130   0.03490  -0.2229  0.3210  1.0000  -3.7967   0.0000   0.3274
  12.000   2.2124   0.04336   0.03716  -0.2163  0.3119  1.0000  -3.9410   0.0000   0.3227
  12.500   2.2014   0.04598   0.04019  -0.2064  0.3038  1.0000  -4.0347   0.0000   0.3176
  13.000   2.2051   0.04803   0.04245  -0.1994  0.2944  1.0000  -4.1629   0.0000   0.3131
  13.500   2.2269   0.04952   0.04395  -0.1951  0.2833  1.0000  -4.3341   0.0000   0.3090
  14.000   2.1954   0.05474   0.04971  -0.1861  0.2748  1.0000  -4.3761   0.0000   0.3049
  14.500   2.1837   0.05931   0.05453  -0.1806  0.2629  1.0000  -4.4642   0.0000   0.3014


