XFLR5 v6.09.05 beta

 Calculated polar for: S1223

 1 1 Reynolds number fixed          Mach number fixed         

 xtrf =   1.000 (top)        1.000 (bottom)
 Mach =   0.000     Re =     0.010 e 6     Ncrit =   9.000

  alpha     CL        CD       CDp       Cm    Top Xtr Bot Xtr   Cpmin    Chinge    XCp    
 ------- -------- --------- --------- -------- ------- ------- -------- --------- ---------
 -15.000  -0.2873   0.21582   0.19859  -0.0136  1.0000  0.4870  -0.8130   0.0000   0.1764
 -14.500  -0.2823   0.21400   0.19702  -0.0132  1.0000  0.5043  -0.8190   0.0000   0.1773
 -14.000  -0.2633   0.20615   0.18927  -0.0132  1.0000  0.5393  -0.8043   0.0000   0.1729
 -13.500  -0.2430   0.19661   0.17992  -0.0137  1.0000  0.5664  -0.7918   0.0000   0.1653
 -13.000  -0.2509   0.20247   0.18601  -0.0107  1.0000  0.5942  -0.8084   0.0000   0.1807
 -12.500  -0.2227   0.18968   0.17337  -0.0115  1.0000  0.6386  -0.7870   0.0000   0.1692
 -12.000  -0.2016   0.18126   0.16513  -0.0116  1.0000  0.6841  -0.7745   0.0000   0.1617
 -11.000  -0.1449   0.16249   0.14657  -0.0138  1.0000  0.8214  -0.7427   0.0000   0.1154
 -10.500  -0.0255   0.13940   0.12305  -0.0374  1.0000  1.0000  -0.6807   0.0000  -1.4406
 -10.000  -0.0117   0.13520   0.11908  -0.0378  1.0000  1.0000  -0.6821   0.0000  -3.4612
  -9.500   0.0018   0.13111   0.11525  -0.0380  1.0000  1.0000  -0.6841   0.0000  24.9217
  -9.000   0.0146   0.12715   0.11156  -0.0380  1.0000  1.0000  -0.6867   0.0000   3.1952
  -8.500   0.0267   0.12334   0.10803  -0.0378  1.0000  1.0000  -0.6900   0.0000   1.8404
  -8.000   0.0381   0.11968   0.10467  -0.0375  1.0000  1.0000  -0.6940   0.0000   1.3504
  -7.500   0.0485   0.11619   0.10151  -0.0370  1.0000  1.0000  -0.6987   0.0000   1.0976
  -7.000   0.0577   0.11290   0.09856  -0.0362  1.0000  1.0000  -0.7042   0.0000   0.9440
  -6.500   0.0656   0.10985   0.09578  -0.0352  1.0000  1.0000  -0.7173   0.0000   0.8416
  -6.000   0.0717   0.10710   0.09341  -0.0340  1.0000  1.0000  -0.7287   0.0000   0.7695
  -5.500   0.0758   0.10470   0.09141  -0.0324  1.0000  1.0000  -0.7377   0.0000   0.7179
  -5.000   0.0771   0.10272   0.08986  -0.0305  1.0000  1.0000  -0.7437   0.0000   0.6817
  -4.500   0.0751   0.10125   0.08885  -0.0283  1.0000  1.0000  -0.7457   0.0000   0.6596
  -4.000   0.0690   0.10040   0.08847  -0.0256  1.0000  1.0000  -0.7563   0.0000   0.6537
  -3.500   0.0587   0.10024   0.08876  -0.0227  1.0000  1.0000  -0.7696   0.0000   0.6710
  -3.000   0.0449   0.10063   0.08959  -0.0196  1.0000  1.0000  -0.7840   0.0000   0.7285
  -2.500   0.0299   0.10129   0.09062  -0.0168  1.0000  1.0000  -0.7987   0.0000   0.8711
  -2.000   0.0154   0.10187   0.09154  -0.0144  1.0000  1.0000  -0.8127   0.0000   1.2889
  -1.500   0.0024   0.10221   0.09218  -0.0123  1.0000  1.0000  -0.8255   0.0000   5.9851
  -1.000  -0.0090   0.10226   0.09249  -0.0106  1.0000  1.0000  -0.8371   0.0000  -1.0804
  -0.500  -0.0671   0.10344   0.09404   0.0020  1.0000  0.9743  -0.8759   0.0000   0.2594
   0.000  -0.1291   0.10454   0.09548   0.0148  1.0000  0.9387  -0.9198   0.0000   0.3541
   0.500  -0.1862   0.10500   0.09626   0.0256  1.0000  0.8994  -0.9635   0.0000   0.3802
   1.000  -0.2487   0.10534   0.09692   0.0368  1.0000  0.8593  -1.0145   0.0000   0.3920
   1.500  -0.3051   0.10537   0.09722   0.0452  1.0000  0.8174  -1.0656   0.0000   0.3930
   2.000  -0.3147   0.10352   0.09545   0.0424  1.0000  0.7710  -1.0889   0.0000   0.3797
   2.500  -0.2863   0.10146   0.09334   0.0304  1.0000  0.7236  -1.0888   0.0000   0.3509
   3.000  -0.2066   0.09974   0.09137   0.0066  1.0000  0.6725  -1.0520   0.0000   0.2759
   3.500  -0.0631   0.09974   0.09086  -0.0317  1.0000  0.6153  -0.9671   0.0000  -0.2618
   4.000   0.0726   0.10105   0.09157  -0.0626  1.0000  0.6199  -0.8952   0.0000   1.1092
   4.500   0.1920   0.10352   0.09369  -0.0856  1.0000  0.6932  -0.9149   0.0000   0.6898
   5.000   0.2618   0.10365   0.09383  -0.0937  1.0000  0.8448  -0.9765   0.0000   0.6005
   6.000   0.6374   0.13069   0.11583  -0.1832  1.0000  1.0000  -0.7660   0.0000   0.5289
   6.500   0.6790   0.13757   0.12180  -0.1886  1.0000  1.0000  -0.7903   0.0000   0.5183
   7.000   0.7143   0.14412   0.12767  -0.1925  1.0000  1.0000  -0.8097   0.0000   0.5091
   7.500   0.7462   0.15056   0.13358  -0.1957  1.0000  1.0000  -0.8283   0.0000   0.5010
   8.000   0.7758   0.15699   0.13961  -0.1986  1.0000  1.0000  -0.8498   0.0000   0.4938
   8.500   0.8039   0.16346   0.14577  -0.2013  1.0000  1.0000  -0.8684   0.0000   0.4873
   9.000   0.8306   0.16999   0.15208  -0.2039  1.0000  1.0000  -0.8855   0.0000   0.4815
   9.500   0.8563   0.17662   0.15861  -0.2065  1.0000  1.0000  -0.9079   0.0000   0.4762
  10.000   0.8809   0.18334   0.16520  -0.2090  1.0000  1.0000  -0.9273   0.0000   0.4714
  10.500   0.9046   0.19017   0.17196  -0.2115  1.0000  1.0000  -0.9474   0.0000   0.4670
  11.000   0.9275   0.19714   0.17890  -0.2141  1.0000  1.0000  -0.9711   0.0000   0.4631
  11.500   0.9496   0.20424   0.18602  -0.2168  1.0000  1.0000  -0.9916   0.0000   0.4595
  12.000   0.9710   0.21149   0.19334  -0.2195  1.0000  1.0000  -1.0148   0.0000   0.4562
  12.500   0.9918   0.21890   0.20086  -0.2222  1.0000  1.0000  -1.0402   0.0000   0.4533
  13.000   1.0118   0.22648   0.20858  -0.2251  1.0000  1.0000  -1.0621   0.0000   0.4506
  13.500   1.0313   0.23424   0.21674  -0.2280  1.0000  1.0000  -1.0918   0.0000   0.4482
  14.000   1.0501   0.24214   0.22479  -0.2310  1.0000  1.0000  -1.1188   0.0000   0.4461
  15.000   1.0896   0.25807   0.24113  -0.2382  0.9943  1.0000  -1.1731   0.0000   0.4425
  15.500   1.1107   0.26212   0.24548  -0.2426  0.9736  1.0000  -1.2039   0.0000   0.4411
  16.000   1.1362   0.27144   0.25507  -0.2476  0.9434  1.0000  -1.2363   0.0000   0.4396
  16.500   1.1522   0.27612   0.26006  -0.2505  0.9134  1.0000  -1.2537   0.0000   0.4380
  17.000   1.1771   0.28947   0.27372  -0.2551  0.8849  1.0000  -1.2772   0.0000   0.4362
  17.500   1.1883   0.29489   0.27941  -0.2568  0.8541  1.0000  -1.2804   0.0000   0.4346
  18.000   1.2017   0.30340   0.28874  -0.2589  0.8233  1.0000  -1.2983   0.0000   0.4329
  18.500   1.2162   0.31431   0.29996  -0.2614  0.7975  1.0000  -1.3155   0.0000   0.4313
  19.000   1.2277   0.32448   0.31045  -0.2632  0.7668  1.0000  -1.3251   0.0000   0.4296
  19.500   1.2399   0.33639   0.32267  -0.2649  0.7371  1.0000  -1.3317   0.0000   0.4278
  20.000   1.2580   0.35204   0.33872  -0.2676  0.7095  1.0000  -1.3426   0.0000   0.4257
  20.500   1.2456   0.35431   0.34128  -0.2657  0.6856  1.0000  -1.3163   0.0000   0.4251
  21.000   1.2432   0.36409   0.35140  -0.2651  0.6602  1.0000  -1.3125   0.0000   0.4239
  21.500   1.2639   0.38317   0.37079  -0.2681  0.6367  1.0000  -1.3422   0.0000   0.4215
  22.000   1.2236   0.38229   0.37042  -0.2608  0.6115  1.0000  -1.2708   0.0000   0.4216
  23.500   1.0780   0.36475   0.35496  -0.2310  0.5363  1.0000  -1.0465   0.0000   0.4209
  24.000   1.0831   0.37608   0.36657  -0.2320  0.5252  1.0000  -1.0546   0.0000   0.4196
  24.500   1.0446   0.36138   0.35231  -0.2258  0.5073  1.0000  -0.9903   0.0000   0.4207
  25.000   1.0715   0.38399   0.37525  -0.2301  0.4914  1.0000  -1.0564   0.0000   0.4177


