XFLR5 v6.09.05 beta

 Calculated polar for: S1223

 1 1 Reynolds number fixed          Mach number fixed         

 xtrf =   1.000 (top)        1.000 (bottom)
 Mach =   0.000     Re =     0.130 e 6     Ncrit =   9.000

  alpha     CL        CD       CDp       Cm    Top Xtr Bot Xtr   Cpmin    Chinge    XCp    
 ------- -------- --------- --------- -------- ------- ------- -------- --------- ---------
 -15.000  -0.3019   0.20530   0.20041  -0.0224  1.0000  0.0298  -1.1502   0.0000   0.1549
 -14.500  -0.2926   0.20102   0.19618  -0.0233  1.0000  0.0299  -1.1605   0.0000   0.1496
 -14.000  -0.2838   0.19681   0.19200  -0.0240  1.0000  0.0299  -1.1723   0.0000   0.1447
 -13.500  -0.2755   0.19262   0.18787  -0.0246  1.0000  0.0299  -1.1838   0.0000   0.1403
 -13.000  -0.2669   0.18823   0.18354  -0.0250  1.0000  0.0300  -1.1911   0.0000   0.1363
 -12.500  -0.2588   0.18384   0.17921  -0.0252  1.0000  0.0300  -1.1986   0.0000   0.1328
 -12.000  -0.2512   0.17947   0.17491  -0.0252  1.0000  0.0300  -1.2066   0.0000   0.1302
 -11.000  -0.2268   0.16199   0.15760  -0.0239  1.0000  0.0309  -1.1971   0.0000   0.1246
 -10.500  -0.2130   0.15485   0.15053  -0.0222  1.0000  0.0317  -1.1259   0.0000   0.1254
 -10.000  -0.2046   0.15003   0.14581  -0.0208  1.0000  0.0324  -1.0842   0.0000   0.1283
  -9.500  -0.1989   0.14597   0.14182  -0.0194  1.0000  0.0332  -1.0568   0.0000   0.1331
  -9.000  -0.1952   0.14232   0.13827  -0.0178  1.0000  0.0340  -1.0390   0.0000   0.1400
  -8.500  -0.1938   0.13901   0.13508  -0.0161  1.0000  0.0349  -1.0285   0.0000   0.1493
  -8.000  -0.1602   0.13329   0.12939  -0.0228  0.9944  0.0364  -0.9991   0.0000   0.0867
  -7.500  -0.1114   0.12609   0.12218  -0.0333  0.9833  0.0385  -0.9683   0.0000  -0.0792
  -7.000  -0.0655   0.11918   0.11527  -0.0431  0.9716  0.0410  -0.9519   0.0000  -0.4601
  -6.500  -0.0263   0.11333   0.10943  -0.0521  0.9559  0.0438  -0.9684   0.0000  -1.8521
  -6.000   0.0005   0.11042   0.10657  -0.0615  0.9341  0.0455  -1.0433   0.0000  138.7808
  -5.500   0.0313   0.10564   0.10183  -0.0688  0.9120  0.0460  -1.0757   0.0000   2.5315
  -5.000   0.0703   0.09724   0.09345  -0.0769  0.8897  0.0466  -1.1086   0.0000   1.3799
  -4.500   0.1074   0.08671   0.08296  -0.0747  0.8714  0.0501  -0.9502   0.0000   0.9664
  -4.000   0.1476   0.08002   0.07629  -0.0782  0.8442  0.0541  -0.8716   0.0000   0.7929
  -3.500   0.2033   0.07255   0.06877  -0.0883  0.8103  0.0609  -0.8478   0.0000   0.6919
  -3.000   0.3062   0.06159   0.05754  -0.1154  0.7634  0.0679  -0.9037   0.0000   0.6313
  -2.500   0.4138   0.05370   0.04909  -0.1307  0.6967  0.0800  -0.9743   0.0000   0.5684
  -2.000   0.5229   0.04620   0.04095  -0.1537  0.6416  0.0962  -1.0392   0.0000   0.5452
  -1.500   0.6420   0.03978   0.03398  -0.1770  0.6022  0.1225  -1.1169   0.0000   0.5259
  -1.000   1.0241   0.02095   0.01197  -0.2618  0.5610  0.0694  -1.3346   0.0000   0.5050
  -0.500   1.1032   0.02039   0.01118  -0.2662  0.5414  0.0745  -1.4020   0.0000   0.4899
   0.000   1.1886   0.02102   0.01202  -0.2721  0.5237  0.3274  -1.4755   0.0000   0.4767
   0.500   1.2335   0.02205   0.01320  -0.2690  0.5105  0.3998  -1.5309   0.0000   0.4651
   1.000   1.2979   0.02256   0.01351  -0.2707  0.4989  0.4285  -1.5993   0.0000   0.4548
   1.500   1.3673   0.02364   0.01437  -0.2737  0.4884  0.4609  -1.6697   0.0000   0.4455
   2.000   1.4249   0.02425   0.01513  -0.2740  0.4809  0.5037  -1.7318   0.0000   0.4369
   2.500   1.4814   0.02493   0.01598  -0.2740  0.4723  0.5727  -1.7941   0.0000   0.4287
   3.000   1.5360   0.02559   0.01675  -0.2736  0.4636  0.6891  -1.8571   0.0000   0.4210
   3.500   1.5750   0.02635   0.01770  -0.2699  0.4565  1.0000  -1.9126   0.0000   0.4134
   4.000   1.6303   0.02812   0.01942  -0.2703  0.4506  1.0000  -1.9794   0.0000   0.4070
   4.500   1.6792   0.02942   0.02089  -0.2691  0.4451  1.0000  -2.0463   0.0000   0.4006
   5.000   1.7261   0.03085   0.02240  -0.2676  0.4387  1.0000  -2.1162   0.0000   0.3945
   5.500   1.7735   0.03209   0.02365  -0.2661  0.4312  1.0000  -2.1953   0.0000   0.3886
   6.000   1.8234   0.03355   0.02507  -0.2652  0.4249  1.0000  -2.2870   0.0000   0.3831
   6.500   1.8698   0.03681   0.02834  -0.2644  0.4171  1.0000  -2.3746   0.0000   0.3782
   7.000   1.9033   0.03807   0.02989  -0.2604  0.4117  1.0000  -2.4567   0.0000   0.3726
   7.500   1.9350   0.03996   0.03224  -0.2564  0.4049  1.0000  -2.5487   0.0000   0.3674
   8.000   1.9676   0.04151   0.03398  -0.2524  0.3969  1.0000  -2.6593   0.0000   0.3622
   8.500   2.0129   0.04257   0.03504  -0.2506  0.3894  1.0000  -2.8288   0.0000   0.3574
   9.000   2.0496   0.04585   0.03842  -0.2482  0.3809  1.0000  -2.9824   0.0000   0.3530
   9.500   2.0529   0.04816   0.04118  -0.2395  0.3743  1.0000  -3.0781   0.0000   0.3476
  10.000   2.0520   0.05054   0.04388  -0.2303  0.3657  1.0000  -3.1688   0.0000   0.3422
  10.500   2.0787   0.05120   0.04475  -0.2252  0.3571  1.0000  -3.3165   0.0000   0.3372
  11.000   2.1337   0.05254   0.04603  -0.2255  0.3469  1.0000  -3.5187   0.0000   0.3333
  11.500   2.0751   0.05736   0.05141  -0.2088  0.3403  1.0000  -3.4984   0.0000   0.3273
  12.000   2.0121   0.06451   0.05904  -0.1953  0.3311  1.0000  -3.4635   0.0000   0.3227
  12.500   2.1319   0.05724   0.05143  -0.2000  0.3195  1.0000  -3.8382   0.0000   0.3180


