XFLR5 v6.09.05 beta

 Calculated polar for: S1223

 1 1 Reynolds number fixed          Mach number fixed         

 xtrf =   1.000 (top)        1.000 (bottom)
 Mach =   0.000     Re =     0.145 e 6     Ncrit =   9.000

  alpha     CL        CD       CDp       Cm    Top Xtr Bot Xtr   Cpmin    Chinge    XCp    
 ------- -------- --------- --------- -------- ------- ------- -------- --------- ---------
 -15.000  -0.2930   0.19773   0.19309  -0.0203  1.0000  0.0292  -1.0715   0.0000   0.1586
 -14.500  -0.2826   0.19359   0.18897  -0.0213  1.0000  0.0293  -1.0804   0.0000   0.1528
 -14.000  -0.2728   0.18956   0.18499  -0.0221  1.0000  0.0294  -1.0907   0.0000   0.1473
 -13.500  -0.2638   0.18563   0.18112  -0.0227  1.0000  0.0295  -1.1023   0.0000   0.1422
 -13.000  -0.2557   0.18181   0.17736  -0.0233  1.0000  0.0296  -1.1155   0.0000   0.1377
 -12.500  -0.2484   0.17811   0.17372  -0.0236  1.0000  0.0297  -1.1302   0.0000   0.1341
 -12.000  -0.2422   0.17451   0.17019  -0.0238  1.0000  0.0297  -1.1467   0.0000   0.1314
 -11.500  -0.2370   0.17096   0.16672  -0.0238  1.0000  0.0298  -1.1648   0.0000   0.1299
 -11.000  -0.2322   0.16732   0.16316  -0.0235  1.0000  0.0299  -1.1810   0.0000   0.1296
 -10.500  -0.2275   0.16354   0.15946  -0.0229  1.0000  0.0299  -1.1930   0.0000   0.1307
 -10.000  -0.2240   0.15984   0.15585  -0.0221  1.0000  0.0300  -1.2058   0.0000   0.1334
  -9.500  -0.2218   0.15627   0.15237  -0.0211  1.0000  0.0300  -1.2197   0.0000   0.1380
  -9.000  -0.2212   0.15286   0.14907  -0.0198  1.0000  0.0300  -1.2347   0.0000   0.1446
  -8.500  -0.1918   0.14135   0.13759  -0.0247  0.9958  0.0308  -1.2549   0.0000   0.1028
  -7.500  -0.0889   0.12298   0.11920  -0.0398  0.9773  0.0340  -1.0187   0.0000  -0.2372
  -7.000  -0.0473   0.11618   0.11242  -0.0475  0.9651  0.0358  -0.9713   0.0000  -0.8256
  -6.000   0.0326   0.10298   0.09927  -0.0623  0.9363  0.0405  -0.9243   0.0000   2.2564
  -5.500   0.0662   0.09734   0.09362  -0.0690  0.9168  0.0435  -0.9410   0.0000   1.3351
  -5.000   0.0878   0.09422   0.09055  -0.0759  0.8903  0.0455  -1.0216   0.0000   1.1432
  -4.500   0.1328   0.08779   0.08413  -0.0853  0.8647  0.0461  -1.0439   0.0000   0.9092
  -4.000   0.1613   0.07738   0.07377  -0.0879  0.8388  0.0481  -1.0452   0.0000   0.8071
  -3.500   0.2192   0.06966   0.06598  -0.0915  0.8069  0.0525  -0.8714   0.0000   0.6748
  -2.000   0.5660   0.04249   0.03718  -0.1692  0.6207  0.0913  -1.0571   0.0000   0.5500
  -1.500   0.6784   0.03640   0.03060  -0.1895  0.5846  0.1177  -1.1337   0.0000   0.5294
  -1.000   1.0107   0.02085   0.01213  -0.2585  0.5477  0.0653  -1.3298   0.0000   0.5051
  -0.500   1.1065   0.02008   0.01081  -0.2666  0.5266  0.0676  -1.4082   0.0000   0.4895
   0.000   1.1874   0.01996   0.01111  -0.2716  0.5114  0.3047  -1.4786   0.0000   0.4765
   0.500   1.2363   0.02111   0.01230  -0.2696  0.4980  0.3864  -1.5382   0.0000   0.4650
   1.000   1.3050   0.02191   0.01286  -0.2723  0.4870  0.4145  -1.6086   0.0000   0.4548
   1.500   1.3636   0.02242   0.01339  -0.2727  0.4784  0.4443  -1.6726   0.0000   0.4453
   2.000   1.4247   0.02300   0.01402  -0.2737  0.4698  0.4865  -1.7391   0.0000   0.4366
   2.500   1.4852   0.02374   0.01476  -0.2746  0.4614  0.5537  -1.8068   0.0000   0.4285
   3.000   1.5452   0.02507   0.01624  -0.2755  0.4523  0.6680  -1.8716   0.0000   0.4211
   3.500   1.5767   0.02520   0.01683  -0.2700  0.4476  1.0000  -1.9198   0.0000   0.4132
   4.000   1.6313   0.02633   0.01790  -0.2700  0.4414  1.0000  -1.9886   0.0000   0.4066
   4.500   1.6834   0.02752   0.01917  -0.2694  0.4351  1.0000  -2.0589   0.0000   0.4003
   5.000   1.7353   0.02871   0.02031  -0.2688  0.4290  1.0000  -2.1360   0.0000   0.3943
   5.500   1.7886   0.03015   0.02162  -0.2685  0.4218  1.0000  -2.2211   0.0000   0.3886
   6.000   1.8346   0.03260   0.02420  -0.2673  0.4156  1.0000  -2.3054   0.0000   0.3833
   6.500   1.8746   0.03383   0.02564  -0.2644  0.4103  1.0000  -2.3890   0.0000   0.3777
   7.000   1.9131   0.03521   0.02720  -0.2614  0.4032  1.0000  -2.4776   0.0000   0.3723
   7.500   1.9534   0.03655   0.02885  -0.2587  0.3963  1.0000  -2.5839   0.0000   0.3672
   8.000   2.0009   0.03755   0.02983  -0.2572  0.3890  1.0000  -2.7296   0.0000   0.3623
   8.500   2.0390   0.04053   0.03293  -0.2549  0.3807  1.0000  -2.8841   0.0000   0.3577
   9.000   2.0604   0.04205   0.03481  -0.2489  0.3747  1.0000  -3.0129   0.0000   0.3526
   9.500   2.0790   0.04372   0.03677  -0.2425  0.3666  1.0000  -3.1394   0.0000   0.3474
  10.000   2.1130   0.04426   0.03738  -0.2386  0.3581  1.0000  -3.3000   0.0000   0.3426
  10.500   2.1627   0.04617   0.03934  -0.2382  0.3476  1.0000  -3.4905   0.0000   0.3386
  11.000   2.1438   0.04812   0.04175  -0.2255  0.3417  1.0000  -3.5525   0.0000   0.3327
  11.500   2.1272   0.05058   0.04457  -0.2142  0.3328  1.0000  -3.6193   0.0000   0.3271
  12.000   2.1639   0.04985   0.04380  -0.2105  0.3225  1.0000  -3.8100   0.0000   0.3225
  12.500   2.1815   0.05164   0.04569  -0.2052  0.3124  1.0000  -3.9668   0.0000   0.3181
  13.000   2.1355   0.05696   0.05154  -0.1930  0.3040  1.0000  -3.9770   0.0000   0.3132


