XFLR5 v6.09.05 beta

 Calculated polar for: S1223

 1 1 Reynolds number fixed          Mach number fixed         

 xtrf =   1.000 (top)        1.000 (bottom)
 Mach =   0.000     Re =     0.035 e 6     Ncrit =   9.000

  alpha     CL        CD       CDp       Cm    Top Xtr Bot Xtr   Cpmin    Chinge    XCp    
 ------- -------- --------- --------- -------- ------- ------- -------- --------- ---------
 -15.000  -0.2806   0.20181   0.19244  -0.0239  1.0000  0.1012  -0.8804   0.0000   0.1415
 -14.500  -0.2693   0.19754   0.18820  -0.0248  1.0000  0.1048  -0.8784   0.0000   0.1345
 -14.000  -0.2602   0.19455   0.18531  -0.0258  1.0000  0.1085  -0.8872   0.0000   0.1274
 -13.500  -0.2574   0.19503   0.18593  -0.0271  1.0000  0.1111  -0.9182   0.0000   0.1221
 -13.000  -0.2616   0.19830   0.18936  -0.0282  1.0000  0.1122  -0.9648   0.0000   0.1214
 -12.500  -0.2690   0.20154   0.19278  -0.0288  1.0000  0.1127  -1.0138   0.0000   0.1238
 -12.000  -0.2244   0.17708   0.16838  -0.0276  1.0000  0.1169  -0.9025   0.0000   0.1042
 -11.500  -0.2095   0.17045   0.16186  -0.0267  1.0000  0.1218  -0.8686   0.0000   0.0988
 -11.000  -0.1998   0.16600   0.15756  -0.0262  1.0000  0.1271  -0.8566   0.0000   0.0953
 -10.500  -0.1940   0.16284   0.15456  -0.0258  1.0000  0.1329  -0.8595   0.0000   0.0939
 -10.000  -0.1984   0.16358   0.15550  -0.0257  1.0000  0.1377  -0.8927   0.0000   0.0996
  -9.000  -0.2384   0.17290   0.16530  -0.0235  1.0000  0.1402  -1.0131   0.0000   0.1367
  -8.500  -0.1773   0.14760   0.14003  -0.0215  1.0000  0.1489  -0.8643   0.0000   0.1085
  -8.000  -0.1735   0.14391   0.13655  -0.0194  1.0000  0.1561  -0.8514   0.0000   0.1188
  -7.500  -0.1796   0.14262   0.13551  -0.0174  1.0000  0.1634  -0.8640   0.0000   0.1361
  -7.000  -0.2060   0.14650   0.13971  -0.0148  1.0000  0.1679  -0.9156   0.0000   0.1647
  -6.500  -0.2457   0.15211   0.14570  -0.0106  1.0000  0.1693  -0.9788   0.0000   0.1966
  -6.000  -0.2850   0.15695   0.15091  -0.0070  1.0000  0.1699  -1.0376   0.0000   0.2168
  -5.500  -0.2306   0.13601   0.13012  -0.0047  1.0000  0.1791  -0.9070   0.0000   0.2194
  -5.000  -0.2523   0.13601   0.13043  -0.0007  1.0000  0.1839  -0.9117   0.0000   0.2379
  -4.500  -0.2404   0.13607   0.13062  -0.0067  0.9855  0.1957  -0.9141   0.0000   0.2119
  -4.000  -0.2229   0.14199   0.13666  -0.0253  0.9464  0.2036  -0.9901   0.0000   0.1249
  -3.500  -0.1545   0.12514   0.11971  -0.0247  0.9160  0.2209  -0.8566   0.0000   0.0742
  -3.000  -0.1283   0.13288   0.12742  -0.0457  0.8791  0.2383  -0.9201   0.0000  -0.1252
  -2.500  -0.0900   0.11644   0.11107  -0.0376  0.8580  0.2513  -0.8248   0.0000  -0.1929
  -2.000  -0.0481   0.12144   0.11606  -0.0581  0.8330  0.2771  -0.8528   0.0000  -1.0044
  -1.500  -0.0782   0.11482   0.10963  -0.0452  0.8169  0.2812  -0.8416   0.0000  -0.3559
  -1.000  -0.0472   0.10901   0.10383  -0.0435  0.8017  0.3022  -0.7903   0.0000  -0.7122
  -0.500  -0.0346   0.10879   0.10369  -0.0511  0.7844  0.3227  -0.8026   0.0000  -1.2794
   0.500  -0.0067   0.10353   0.09858  -0.0497  0.7686  0.3750  -0.7576   0.0000  -7.4378
   1.000   0.0017   0.10277   0.09794  -0.0492  0.7707  0.4202  -0.7398   0.0000  30.7837
   2.500   0.7991   0.09021   0.08269  -0.2170  0.7075  0.4270  -0.9785   0.0000   0.5186
   4.500   0.6699   0.11913   0.11274  -0.2055  0.8731  0.6119  -0.8266   0.0000   0.5515
   5.000   0.7254   0.12555   0.11886  -0.2083  0.8609  0.7453  -0.8026   0.0000   0.5308
   5.500   0.7541   0.12842   0.12164  -0.2092  0.8385  0.8223  -0.8212   0.0000   0.5201
   6.000   0.8038   0.13330   0.12627  -0.2163  0.8137  1.0000  -0.8492   0.0000   0.5110
   6.500   0.8647   0.14187   0.13406  -0.2263  0.7953  1.0000  -0.8863   0.0000   0.5028
   7.000   0.9356   0.15301   0.14458  -0.2334  0.7748  1.0000  -0.9510   0.0000   0.4897
   7.500   0.9497   0.15511   0.14649  -0.2321  0.7466  1.0000  -0.9614   0.0000   0.4837
   8.000   0.9623   0.15868   0.14997  -0.2315  0.7244  1.0000  -0.9681   0.0000   0.4789
   8.500   1.0370   0.17427   0.16526  -0.2375  0.7087  1.0000  -1.0495   0.0000   0.4665
   9.000   1.0320   0.17228   0.16326  -0.2344  0.6794  1.0000  -1.0435   0.0000   0.4637
   9.500   1.0408   0.17570   0.16664  -0.2340  0.6574  1.0000  -1.0526   0.0000   0.4605
  10.000   1.1034   0.19039   0.18124  -0.2376  0.6396  1.0000  -1.1328   0.0000   0.4501
  10.500   1.0908   0.18730   0.17820  -0.2357  0.6139  1.0000  -1.1160   0.0000   0.4499
  11.000   1.1278   0.19944   0.19033  -0.2376  0.5985  1.0000  -1.1689   0.0000   0.4435
  11.500   1.1388   0.20034   0.19130  -0.2377  0.5730  1.0000  -1.1898   0.0000   0.4406
  12.000   1.1564   0.20842   0.19956  -0.2390  0.5588  1.0000  -1.2188   0.0000   0.4376
  12.500   1.1876   0.21579   0.20700  -0.2395  0.5322  1.0000  -1.2817   0.0000   0.4316
  13.000   1.1874   0.22018   0.21147  -0.2411  0.5192  1.0000  -1.2805   0.0000   0.4320
  13.500   1.2157   0.22826   0.21965  -0.2418  0.4961  1.0000  -1.3479   0.0000   0.4268
  14.000   1.2168   0.23356   0.22504  -0.2436  0.4799  1.0000  -1.3542   0.0000   0.4270
  14.500   1.2427   0.24242   0.23403  -0.2444  0.4598  1.0000  -1.4113   0.0000   0.4224
  15.000   1.2543   0.25328   0.24501  -0.2464  0.4494  1.0000  -1.4279   0.0000   0.4211
  15.500   1.2668   0.25788   0.24975  -0.2473  0.4238  1.0000  -1.4515   0.0000   0.4187
  16.000   1.2907   0.27516   0.26746  -0.2488  0.4155  1.0000  -1.4820   0.0000   0.4153
  16.500   1.2763   0.27356   0.26600  -0.2516  0.3950  1.0000  -1.4441   0.0000   0.4184
  17.000   1.3228   0.29766   0.29030  -0.2511  0.3812  1.0000  -1.5501   0.0000   0.4101
  17.500   1.2900   0.29212   0.28486  -0.2552  0.3660  1.0000  -1.4589   0.0000   0.4168
  18.000   1.3131   0.30459   0.29753  -0.2552  0.3522  1.0000  -1.5054   0.0000   0.4121
  18.500   1.3136   0.31704   0.31010  -0.2571  0.3447  1.0000  -1.4828   0.0000   0.4124
  19.000   1.3042   0.32158   0.31480  -0.2587  0.3254  1.0000  -1.4416   0.0000   0.4137
  19.500   1.3425   0.34194   0.33538  -0.2580  0.3161  1.0000  -1.5364   0.0000   0.4063


