XFLR5 v6.09.05 beta

 Calculated polar for: S1223

 1 1 Reynolds number fixed          Mach number fixed         

 xtrf =   1.000 (top)        1.000 (bottom)
 Mach =   0.000     Re =     0.165 e 6     Ncrit =   9.000

  alpha     CL        CD       CDp       Cm    Top Xtr Bot Xtr   Cpmin    Chinge    XCp    
 ------- -------- --------- --------- -------- ------- ------- -------- --------- ---------
 -15.000  -0.2931   0.19320   0.18886  -0.0182  1.0000  0.0254  -1.0147   0.0000   0.1656
 -14.500  -0.2816   0.18844   0.18412  -0.0190  1.0000  0.0257  -1.0119   0.0000   0.1603
 -14.000  -0.2705   0.18376   0.17948  -0.0196  1.0000  0.0260  -1.0117   0.0000   0.1551
 -13.500  -0.2598   0.17916   0.17493  -0.0201  1.0000  0.0264  -1.0126   0.0000   0.1503
 -13.000  -0.2496   0.17466   0.17048  -0.0205  1.0000  0.0268  -1.0151   0.0000   0.1457
 -12.500  -0.2400   0.17030   0.16618  -0.0207  1.0000  0.0272  -1.0198   0.0000   0.1416
 -12.000  -0.2312   0.16615   0.16210  -0.0208  1.0000  0.0277  -1.0280   0.0000   0.1381
 -11.500  -0.2234   0.16233   0.15834  -0.0208  1.0000  0.0282  -1.0413   0.0000   0.1352
 -11.000  -0.2171   0.15895   0.15503  -0.0208  1.0000  0.0286  -1.0607   0.0000   0.1334
 -10.500  -0.2126   0.15596   0.15212  -0.0205  1.0000  0.0290  -1.0856   0.0000   0.1333
 -10.000  -0.2102   0.15324   0.14949  -0.0200  1.0000  0.0293  -1.1126   0.0000   0.1354
  -9.500  -0.2099   0.15067   0.14701  -0.0193  1.0000  0.0295  -1.1407   0.0000   0.1400
  -9.000  -0.1942   0.14697   0.14334  -0.0232  0.9971  0.0296  -1.1668   0.0000   0.1116
  -8.500  -0.1486   0.14052   0.13687  -0.0345  0.9886  0.0298  -1.1722   0.0000  -0.0075
  -8.000  -0.1086   0.13376   0.13011  -0.0434  0.9783  0.0299  -1.1714   0.0000  -0.1832
  -7.500  -0.0708   0.12695   0.12331  -0.0513  0.9668  0.0300  -1.1718   0.0000  -0.5245
  -7.000  -0.0304   0.11467   0.11107  -0.0584  0.9594  0.0312  -1.1846   0.0000  -1.7863
  -6.000   0.0520   0.09969   0.09614  -0.0673  0.9324  0.0346  -0.9699   0.0000   1.6046
  -5.500   0.0864   0.09356   0.09002  -0.0722  0.9147  0.0367  -0.9303   0.0000   1.1184
  -5.000   0.1166   0.08778   0.08427  -0.0762  0.8937  0.0391  -0.9115   0.0000   0.9258
  -4.500   0.1394   0.08251   0.07905  -0.0787  0.8676  0.0418  -0.9173   0.0000   0.8307
  -4.000   0.1890   0.07673   0.07323  -0.0920  0.8352  0.0456  -0.9983   0.0000   0.7466
  -3.500   0.2705   0.06818   0.06454  -0.1099  0.7895  0.0463  -1.0095   0.0000   0.6623
  -3.000   0.3626   0.05674   0.05262  -0.1222  0.7216  0.0539  -0.9426   0.0000   0.5910
  -1.000   1.0176   0.01988   0.01118  -0.2600  0.5304  0.0618  -1.3380   0.0000   0.5048
  -0.500   1.0990   0.01918   0.01023  -0.2649  0.5139  0.0625  -1.4077   0.0000   0.4895
   0.000   1.1889   0.01908   0.01022  -0.2718  0.4967  0.2836  -1.4855   0.0000   0.4763
   0.500   1.2420   0.02023   0.01149  -0.2708  0.4849  0.3711  -1.5461   0.0000   0.4649
   1.000   1.3007   0.02069   0.01189  -0.2711  0.4752  0.3976  -1.6112   0.0000   0.4545
   1.500   1.3628   0.02115   0.01226  -0.2723  0.4661  0.4265  -1.6796   0.0000   0.4451
   2.000   1.4296   0.02207   0.01309  -0.2746  0.4567  0.4685  -1.7510   0.0000   0.4365
   2.500   1.4896   0.02288   0.01404  -0.2755  0.4496  0.5326  -1.8168   0.0000   0.4285
   3.000   1.5441   0.02341   0.01483  -0.2750  0.4427  0.6375  -1.8799   0.0000   0.4208
   3.500   1.5827   0.02366   0.01551  -0.2709  0.4366  0.8711  -1.9334   0.0000   0.4131
   4.000   1.6347   0.02449   0.01622  -0.2702  0.4304  1.0000  -2.0026   0.0000   0.4063
   4.500   1.6908   0.02565   0.01733  -0.2704  0.4244  1.0000  -2.0765   0.0000   0.4001
   5.000   1.7474   0.02791   0.01953  -0.2712  0.4169  1.0000  -2.1552   0.0000   0.3945
   5.500   1.7932   0.02870   0.02044  -0.2692  0.4125  1.0000  -2.2321   0.0000   0.3885
   6.000   1.8383   0.02988   0.02176  -0.2673  0.4072  1.0000  -2.3183   0.0000   0.3829
   6.500   1.8824   0.03100   0.02299  -0.2652  0.4005  1.0000  -2.4081   0.0000   0.3774
   7.000   1.9284   0.03202   0.02404  -0.2634  0.3939  1.0000  -2.5075   0.0000   0.3722
   7.500   1.9778   0.03329   0.02545  -0.2624  0.3871  1.0000  -2.6279   0.0000   0.3673
   8.000   2.0160   0.03570   0.02806  -0.2598  0.3798  1.0000  -2.7644   0.0000   0.3625
   8.500   2.0469   0.03677   0.02939  -0.2552  0.3735  1.0000  -2.9095   0.0000   0.3573
   9.000   2.0768   0.03809   0.03095  -0.2507  0.3664  1.0000  -3.0552   0.0000   0.3523
   9.500   2.1139   0.03872   0.03164  -0.2472  0.3585  1.0000  -3.2194   0.0000   0.3475
  10.000   2.1609   0.04062   0.03359  -0.2463  0.3483  1.0000  -3.4028   0.0000   0.3434
  10.500   2.1654   0.04189   0.03525  -0.2371  0.3424  1.0000  -3.5100   0.0000   0.3379
  11.000   2.1630   0.04329   0.03696  -0.2270  0.3340  1.0000  -3.6062   0.0000   0.3323
  11.500   2.1852   0.04346   0.03718  -0.2211  0.3244  1.0000  -3.7562   0.0000   0.3274
  12.000   2.2152   0.04471   0.03841  -0.2172  0.3138  1.0000  -3.9406   0.0000   0.3230
  12.500   2.1926   0.04771   0.04189  -0.2056  0.3066  1.0000  -4.0084   0.0000   0.3177
  13.000   2.1883   0.05029   0.04476  -0.1977  0.2970  1.0000  -4.1168   0.0000   0.3131
  13.500   2.2062   0.05152   0.04607  -0.1929  0.2871  1.0000  -4.2794   0.0000   0.3088
  14.000   2.1849   0.05639   0.05133  -0.1852  0.2776  1.0000  -4.3446   0.0000   0.3049


