XFLR5 v6.09.05 beta

 Calculated polar for: S1223

 1 1 Reynolds number fixed          Mach number fixed         

 xtrf =   1.000 (top)        1.000 (bottom)
 Mach =   0.000     Re =     0.045 e 6     Ncrit =   9.000

  alpha     CL        CD       CDp       Cm    Top Xtr Bot Xtr   Cpmin    Chinge    XCp    
 ------- -------- --------- --------- -------- ------- ------- -------- --------- ---------
 -14.500  -0.2696   0.19502   0.18676  -0.0242  1.0000  0.0798  -0.8940   0.0000   0.1369
 -14.000  -0.2590   0.19102   0.18285  -0.0251  1.0000  0.0825  -0.8972   0.0000   0.1297
 -13.500  -0.2510   0.18852   0.18045  -0.0262  1.0000  0.0850  -0.9140   0.0000   0.1227
 -13.000  -0.2489   0.18898   0.18104  -0.0274  1.0000  0.0866  -0.9516   0.0000   0.1179
 -12.500  -0.2518   0.19081   0.18301  -0.0283  1.0000  0.0873  -0.9979   0.0000   0.1170
 -12.000  -0.2569   0.19227   0.18463  -0.0288  1.0000  0.0877  -1.0444   0.0000   0.1188
 -11.500  -0.2240   0.17360   0.16606  -0.0279  1.0000  0.0898  -0.9680   0.0000   0.1040
 -11.000  -0.2046   0.16455   0.15710  -0.0264  1.0000  0.0933  -0.9061   0.0000   0.0983
 -10.500  -0.1942   0.15963   0.15231  -0.0254  1.0000  0.0970  -0.8831   0.0000   0.0963
 -10.000  -0.1871   0.15565   0.14842  -0.0246  1.0000  0.1011  -0.8748   0.0000   0.0962
  -9.500  -0.1830   0.15244   0.14537  -0.0237  1.0000  0.1055  -0.8782   0.0000   0.0986
  -9.000  -0.1862   0.15154   0.14466  -0.0231  1.0000  0.1096  -0.9054   0.0000   0.1063
  -8.500  -0.2033   0.15467   0.14803  -0.0221  1.0000  0.1117  -0.9652   0.0000   0.1247
  -8.000  -0.2264   0.15801   0.15164  -0.0202  1.0000  0.1124  -1.0271   0.0000   0.1471
  -7.500  -0.2512   0.16032   0.15423  -0.0173  1.0000  0.1128  -1.0819   0.0000   0.1698
  -7.000  -0.1880   0.13694   0.13092  -0.0150  1.0000  0.1204  -0.9058   0.0000   0.1555
  -6.500  -0.1946   0.13465   0.12888  -0.0117  1.0000  0.1252  -0.8971   0.0000   0.1765
  -6.000  -0.2122   0.13418   0.12871  -0.0081  1.0000  0.1294  -0.9083   0.0000   0.2003
  -5.500  -0.2283   0.13522   0.13003  -0.0076  0.9964  0.1342  -0.9317   0.0000   0.2063
  -5.000  -0.1996   0.14302   0.13787  -0.0315  0.9521  0.1401  -1.0428   0.0000   0.0796
  -4.500  -0.1054   0.12100   0.11582  -0.0343  0.9296  0.1542  -0.8529   0.0000  -0.0996
  -4.000  -0.0805   0.12235   0.11714  -0.0475  0.8876  0.1684  -0.8940   0.0000  -0.3703
  -3.500  -0.0241   0.11002   0.10483  -0.0518  0.8611  0.1775  -0.8244   0.0000  -1.9981
  -3.000   0.0129   0.10531   0.10011  -0.0564  0.8290  0.1954  -0.7860   0.0000   4.7823
  -2.500   0.0595   0.09915   0.09397  -0.0664  0.8045  0.2089  -0.7766   0.0000   1.3960
  -2.000   0.0767   0.09530   0.09016  -0.0639  0.7775  0.2231  -0.7367   0.0000   1.1049
  -1.500   0.1059   0.09465   0.08954  -0.0761  0.7504  0.2420  -0.7582   0.0000   0.9828
  -1.000   0.1152   0.09011   0.08507  -0.0692  0.7312  0.2536  -0.7240   0.0000   0.8612
  -0.500   0.1915   0.08425   0.07913  -0.0829  0.7132  0.2853  -0.7668   0.0000   0.6872
   0.000   0.2126   0.08674   0.08164  -0.0883  0.6946  0.3136  -0.7562   0.0000   0.6691
   0.500   0.2279   0.08455   0.07949  -0.0861  0.6827  0.3528  -0.7636   0.0000   0.6299
   2.000   1.1177   0.04787   0.03955  -0.2289  0.6423  0.6578  -1.3772   0.0000   0.4507
   2.500   0.9485   0.06958   0.06216  -0.2137  0.6283  0.6148  -1.1746   0.0000   0.4712
   3.000   0.9071   0.08208   0.07487  -0.2128  0.6253  0.6229  -1.1008   0.0000   0.4801
   3.500   0.9053   0.09073   0.08352  -0.2139  0.6217  0.6505  -1.0700   0.0000   0.4813
   4.000   0.9157   0.09972   0.09248  -0.2168  0.6299  0.6826  -1.0563   0.0000   0.4811
   4.500   0.9735   0.10630   0.09904  -0.2214  0.6390  0.7685  -1.0985   0.0000   0.4710
   5.500   0.8678   0.13046   0.12388  -0.2243  0.7451  0.7782  -0.9170   0.0000   0.5012
   6.000   0.8594   0.13143   0.12511  -0.2196  0.7240  1.0000  -0.9035   0.0000   0.4974
   6.500   0.9814   0.14617   0.13877  -0.2362  0.7092  1.0000  -1.0087   0.0000   0.4816
   7.000   0.9747   0.14662   0.13911  -0.2324  0.6798  1.0000  -1.0006   0.0000   0.4785
   9.000   1.1129   0.17557   0.16748  -0.2361  0.6032  1.0000  -1.1529   0.0000   0.4486
  10.000   1.1750   0.19253   0.18440  -0.2373  0.5653  1.0000  -1.2437   0.0000   0.4365


