XFLR5 v6.09.05 beta

 Calculated polar for: S1223

 1 1 Reynolds number fixed          Mach number fixed         

 xtrf =   1.000 (top)        1.000 (bottom)
 Mach =   0.000     Re =     0.315 e 6     Ncrit =   9.000

  alpha     CL        CD       CDp       Cm    Top Xtr Bot Xtr   Cpmin    Chinge    XCp    
 ------- -------- --------- --------- -------- ------- ------- -------- --------- ---------
 -14.000  -0.2823   0.18885   0.18576  -0.0188  1.0000  0.0170  -1.1775   0.0000   0.1624
 -13.500  -0.2724   0.18419   0.18114  -0.0192  1.0000  0.0170  -1.1821   0.0000   0.1587
 -13.000  -0.2631   0.17960   0.17659  -0.0195  1.0000  0.0170  -1.1869   0.0000   0.1554
 -12.500  -0.2545   0.17510   0.17214  -0.0196  1.0000  0.0171  -1.1927   0.0000   0.1528
 -12.000  -0.2466   0.17074   0.16782  -0.0195  1.0000  0.0171  -1.1995   0.0000   0.1511
 -11.500  -0.2396   0.16650   0.16362  -0.0192  1.0000  0.0171  -1.2073   0.0000   0.1503
 -11.000  -0.1955   0.15867   0.15577  -0.0294  0.9950  0.0171  -1.1976   0.0000   0.0752
 -10.500  -0.1542   0.15098   0.14805  -0.0386  0.9894  0.0171  -1.1899   0.0000  -0.0318
 -10.000  -0.1209   0.14401   0.14107  -0.0453  0.9838  0.0171  -1.1863   0.0000  -0.1645
  -9.500  -0.0874   0.13718   0.13423  -0.0520  0.9791  0.0171  -1.1836   0.0000  -0.3986
  -9.000  -0.0550   0.13043   0.12749  -0.0582  0.9731  0.0172  -1.1819   0.0000  -0.8929
  -7.500   0.0349   0.10603   0.10315  -0.0746  0.9513  0.0182  -1.2898   0.0000   2.5076
  -7.000   0.0783   0.09880   0.09593  -0.0806  0.9455  0.0188  -1.1809   0.0000   1.3306
  -6.500   0.1047   0.09328   0.09045  -0.0829  0.9318  0.0194  -1.1174   0.0000   1.0777
  -6.000   0.1325   0.08781   0.08499  -0.0859  0.9168  0.0201  -1.0687   0.0000   0.9242
  -5.500   0.1569   0.08260   0.07981  -0.0880  0.8974  0.0209  -1.0357   0.0000   0.8308
  -5.000   0.1767   0.07773   0.07495  -0.0891  0.8693  0.0218  -1.0167   0.0000   0.7693
  -4.500   0.2351   0.07021   0.06730  -0.1002  0.8346  0.0234  -0.9802   0.0000   0.6866
  -4.000   0.3491   0.06002   0.05649  -0.1264  0.7375  0.0267  -0.9474   0.0000   0.6189
  -3.500   0.3772   0.05648   0.05236  -0.1309  0.6365  0.0291  -1.0013   0.0000   0.6022
  -3.000   0.4124   0.05238   0.04798  -0.1364  0.5833  0.0298  -1.0175   0.0000   0.5841
  -2.500   0.4718   0.04590   0.04125  -0.1484  0.5496  0.0300  -1.0514   0.0000   0.5666
  -1.500   0.9276   0.01715   0.00958  -0.2516  0.4872  0.0282  -1.2715   0.0000   0.5213
  -1.000   1.0146   0.01610   0.00817  -0.2583  0.4715  0.0337  -1.3480   0.0000   0.5038
  -0.500   1.0839   0.01631   0.00815  -0.2611  0.4530  0.0433  -1.4145   0.0000   0.4893
   0.000   1.1594   0.01600   0.00770  -0.2649  0.4444  0.0444  -1.4856   0.0000   0.4760
   0.500   1.2366   0.01597   0.00796  -0.2693  0.4342  0.2797  -1.5605   0.0000   0.4644
   1.000   1.2930   0.01658   0.00852  -0.2692  0.4242  0.3305  -1.6270   0.0000   0.4540
   1.500   1.3578   0.01719   0.00906  -0.2709  0.4158  0.3553  -1.6987   0.0000   0.4445
   2.000   1.4152   0.01745   0.00944  -0.2710  0.4112  0.3884  -1.7668   0.0000   0.4357
   2.500   1.4716   0.01781   0.00988  -0.2709  0.4049  0.4351  -1.8348   0.0000   0.4274
   3.000   1.5291   0.01827   0.01043  -0.2711  0.3992  0.5067  -1.9039   0.0000   0.4198
   3.500   1.5882   0.01879   0.01114  -0.2717  0.3932  0.6262  -1.9746   0.0000   0.4127
   4.000   1.6448   0.01938   0.01200  -0.2717  0.3862  0.8472  -2.0439   0.0000   0.4059
   4.500   1.6963   0.02014   0.01284  -0.2708  0.3810  1.0000  -2.1140   0.0000   0.3995
   5.000   1.7459   0.02068   0.01342  -0.2694  0.3781  1.0000  -2.1875   0.0000   0.3933
   5.500   1.7937   0.02127   0.01404  -0.2678  0.3738  1.0000  -2.2654   0.0000   0.3874
   6.000   1.8415   0.02195   0.01476  -0.2662  0.3692  1.0000  -2.3539   0.0000   0.3817
   6.500   1.8856   0.02259   0.01541  -0.2638  0.3637  1.0000  -2.4468   0.0000   0.3761
   7.000   1.9288   0.02332   0.01614  -0.2613  0.3582  1.0000  -2.5418   0.0000   0.3707
   7.500   1.9904   0.02492   0.01781  -0.2631  0.3478  1.0000  -2.6751   0.0000   0.3664
   8.000   2.0241   0.02546   0.01852  -0.2587  0.3453  1.0000  -2.8159   0.0000   0.3611
   8.500   2.0564   0.02613   0.01936  -0.2541  0.3409  1.0000  -2.9665   0.0000   0.3558
   9.000   2.0865   0.02682   0.02017  -0.2492  0.3346  1.0000  -3.1166   0.0000   0.3507
   9.500   2.1161   0.02758   0.02100  -0.2443  0.3279  1.0000  -3.2686   0.0000   0.3456
  10.000   2.1505   0.02882   0.02226  -0.2407  0.3163  1.0000  -3.4314   0.0000   0.3410
  10.500   2.1717   0.02979   0.02347  -0.2345  0.3109  1.0000  -3.5724   0.0000   0.3360
  11.000   2.1942   0.03092   0.02484  -0.2288  0.3045  1.0000  -3.7171   0.0000   0.3312
  11.500   2.2160   0.03222   0.02630  -0.2233  0.2968  1.0000  -3.8759   0.0000   0.3266
  12.000   2.2339   0.03398   0.02810  -0.2176  0.2876  1.0000  -4.0350   0.0000   0.3220
  12.500   2.2528   0.03589   0.03026  -0.2123  0.2795  1.0000  -4.1967   0.0000   0.3177
  13.000   2.2684   0.03794   0.03260  -0.2069  0.2692  1.0000  -4.3532   0.0000   0.3135
  13.500   2.2672   0.04129   0.03595  -0.2000  0.2533  1.0000  -4.4737   0.0000   0.3092
  14.000   2.2654   0.04535   0.04011  -0.1943  0.2319  1.0000  -4.5915   0.0000   0.3054
  14.500   2.2484   0.05140   0.04620  -0.1883  0.2072  1.0000  -4.6700   0.0000   0.3021
  15.000   2.2198   0.05973   0.05458  -0.1836  0.1845  1.0000  -4.7144   0.0000   0.2997
  15.500   2.1818   0.07042   0.06538  -0.1809  0.1666  1.0000  -4.7270   0.0000   0.2985
  16.000   2.1343   0.08354   0.07867  -0.1806  0.1522  1.0000  -4.7037   0.0000   0.2987
  16.500   2.0927   0.09637   0.09173  -0.1820  0.1402  1.0000  -4.6862   0.0000   0.2996
  17.000   2.0422   0.11063   0.10615  -0.1850  0.1294  1.0000  -4.6326   0.0000   0.3017


