XFLR5 v6.09.05 beta

 Calculated polar for: S1223

 1 1 Reynolds number fixed          Mach number fixed         

 xtrf =   1.000 (top)        1.000 (bottom)
 Mach =   0.000     Re =     0.265 e 6     Ncrit =   9.000

  alpha     CL        CD       CDp       Cm    Top Xtr Bot Xtr   Cpmin    Chinge    XCp    
 ------- -------- --------- --------- -------- ------- ------- -------- --------- ---------
 -14.000  -0.2839   0.19074   0.18736  -0.0202  1.0000  0.0171  -1.2218   0.0000   0.1581
 -13.500  -0.2740   0.18597   0.18263  -0.0206  1.0000  0.0171  -1.2255   0.0000   0.1542
 -13.000  -0.2647   0.18130   0.17801  -0.0208  1.0000  0.0171  -1.2301   0.0000   0.1508
 -12.500  -0.2561   0.17674   0.17349  -0.0209  1.0000  0.0171  -1.2357   0.0000   0.1481
  -9.500  -0.1237   0.13563   0.13252  -0.0417  0.9848  0.0183  -1.2621   0.0000  -0.1243
  -9.000  -0.0854   0.12855   0.12544  -0.0482  0.9801  0.0189  -1.1854   0.0000  -0.3672
  -8.000  -0.0177   0.11567   0.11260  -0.0595  0.9647  0.0201  -1.0808   0.0000  -3.3504
  -7.500   0.0253   0.10882   0.10574  -0.0676  0.9594  0.0209  -1.0360   0.0000   3.0837
  -7.000   0.0555   0.10280   0.09975  -0.0721  0.9477  0.0217  -1.0091   0.0000   1.6202
  -6.500   0.0855   0.09691   0.09389  -0.0765  0.9350  0.0227  -0.9886   0.0000   1.1876
  -6.000   0.1290   0.09009   0.08705  -0.0844  0.9268  0.0240  -0.9669   0.0000   0.9309
  -5.500   0.1529   0.08469   0.08169  -0.0870  0.9078  0.0253  -0.9652   0.0000   0.8388
  -4.500   0.1897   0.07519   0.07221  -0.0904  0.8446  0.0284  -1.0257   0.0000   0.7389
  -4.000   0.2990   0.06549   0.06220  -0.1159  0.7921  0.0299  -1.0318   0.0000   0.6450
  -3.000   0.4059   0.05076   0.04637  -0.1365  0.6153  0.0331  -1.0199   0.0000   0.5900
  -2.500   0.4426   0.04716   0.04248  -0.1398  0.5720  0.0358  -0.9940   0.0000   0.5681
  -2.000   0.5884   0.03746   0.03229  -0.1755  0.5387  0.0461  -1.0701   0.0000   0.5491
  -1.000   1.0104   0.01712   0.00901  -0.2577  0.4848  0.0399  -1.3425   0.0000   0.5042
  -0.500   1.0765   0.01708   0.00880  -0.2595  0.4705  0.0461  -1.4067   0.0000   0.4894
   0.000   1.1687   0.01697   0.00823  -0.2670  0.4531  0.0501  -1.4869   0.0000   0.4760
   0.500   1.2412   0.01695   0.00874  -0.2704  0.4456  0.3020  -1.5594   0.0000   0.4646
   1.000   1.2959   0.01744   0.00926  -0.2698  0.4374  0.3473  -1.6244   0.0000   0.4541
   1.500   1.3563   0.01788   0.00957  -0.2706  0.4293  0.3714  -1.6937   0.0000   0.4446
   2.000   1.4225   0.01870   0.01028  -0.2727  0.4194  0.4044  -1.7664   0.0000   0.4359
   2.500   1.4820   0.01912   0.01085  -0.2733  0.4139  0.4582  -1.8356   0.0000   0.4278
   3.000   1.5398   0.01954   0.01148  -0.2736  0.4089  0.5416  -1.9039   0.0000   0.4202
   3.500   1.5975   0.02000   0.01223  -0.2738  0.4034  0.6779  -1.9724   0.0000   0.4131
   4.000   1.6348   0.02012   0.01265  -0.2695  0.3984  1.0000  -2.0287   0.0000   0.4057
   4.500   1.6890   0.02088   0.01337  -0.2692  0.3932  1.0000  -2.1028   0.0000   0.3993
   5.000   1.7466   0.02194   0.01430  -0.2697  0.3867  1.0000  -2.1829   0.0000   0.3935
   5.500   1.8034   0.02318   0.01555  -0.2702  0.3806  1.0000  -2.2666   0.0000   0.3880
   6.000   1.8505   0.02385   0.01632  -0.2685  0.3773  1.0000  -2.3564   0.0000   0.3823
   6.500   1.8950   0.02452   0.01708  -0.2662  0.3722  1.0000  -2.4492   0.0000   0.3767
   7.000   1.9395   0.02526   0.01789  -0.2640  0.3666  1.0000  -2.5464   0.0000   0.3714
   7.500   1.9813   0.02591   0.01870  -0.2613  0.3602  1.0000  -2.6589   0.0000   0.3662
   8.000   2.0262   0.02690   0.01966  -0.2594  0.3532  1.0000  -2.8138   0.0000   0.3613
   8.500   2.0754   0.02850   0.02139  -0.2587  0.3464  1.0000  -2.9909   0.0000   0.3569
   9.000   2.0993   0.02908   0.02219  -0.2524  0.3417  1.0000  -3.1301   0.0000   0.3515
   9.500   2.1244   0.02985   0.02312  -0.2466  0.3351  1.0000  -3.2736   0.0000   0.3463
  10.000   2.1485   0.03054   0.02400  -0.2407  0.3275  1.0000  -3.4188   0.0000   0.3412
  10.500   2.1821   0.03182   0.02519  -0.2370  0.3156  1.0000  -3.5830   0.0000   0.3367
  11.000   2.1957   0.03294   0.02663  -0.2296  0.3105  1.0000  -3.7112   0.0000   0.3315
  11.500   2.2117   0.03432   0.02827  -0.2230  0.3035  1.0000  -3.8560   0.0000   0.3267
  12.000   2.2279   0.03582   0.02994  -0.2168  0.2952  1.0000  -4.0111   0.0000   0.3220
  12.500   2.2436   0.03779   0.03193  -0.2110  0.2851  1.0000  -4.1666   0.0000   0.3176
  13.000   2.2529   0.04012   0.03467  -0.2048  0.2773  1.0000  -4.3077   0.0000   0.3132
  13.500   2.2596   0.04276   0.03754  -0.1988  0.2659  1.0000  -4.4443   0.0000   0.3091
  14.000   2.2558   0.04655   0.04139  -0.1924  0.2524  1.0000  -4.5566   0.0000   0.3051
  14.500   2.2483   0.05135   0.04639  -0.1870  0.2345  1.0000  -4.6580   0.0000   0.3017
  15.000   2.2283   0.05830   0.05344  -0.1823  0.2140  1.0000  -4.7252   0.0000   0.2989
  15.500   2.1927   0.06813   0.06335  -0.1790  0.1944  1.0000  -4.7462   0.0000   0.2973
  16.000   2.1487   0.08026   0.07560  -0.1781  0.1771  1.0000  -4.7350   0.0000   0.2971
  16.500   2.1055   0.09305   0.08861  -0.1792  0.1624  1.0000  -4.7148   0.0000   0.2978


