XFLR5 v6.09.05 beta

 Calculated polar for: S1223

 1 1 Reynolds number fixed          Mach number fixed         

 xtrf =   1.000 (top)        1.000 (bottom)
 Mach =   0.000     Re =     0.345 e 6     Ncrit =   9.000

  alpha     CL        CD       CDp       Cm    Top Xtr Bot Xtr   Cpmin    Chinge    XCp    
 ------- -------- --------- --------- -------- ------- ------- -------- --------- ---------
 -15.000  -0.3028   0.19727   0.19428  -0.0168  1.0000  0.0169  -1.1494   0.0000   0.1734
 -14.500  -0.2921   0.19254   0.18959  -0.0175  1.0000  0.0170  -1.1532   0.0000   0.1690
 -14.000  -0.2817   0.18784   0.18490  -0.0181  1.0000  0.0170  -1.1567   0.0000   0.1648
 -13.500  -0.2718   0.18323   0.18033  -0.0185  1.0000  0.0170  -1.1611   0.0000   0.1611
 -13.000  -0.2626   0.17871   0.17584  -0.0188  1.0000  0.0170  -1.1665   0.0000   0.1580
 -12.500  -0.2540   0.17429   0.17146  -0.0189  1.0000  0.0170  -1.1728   0.0000   0.1554
 -12.000  -0.2461   0.16998   0.16719  -0.0188  1.0000  0.0170  -1.1798   0.0000   0.1538
 -11.500  -0.2184   0.16382   0.16103  -0.0245  0.9974  0.0170  -1.1780   0.0000   0.1156
 -11.000  -0.1749   0.15597   0.15316  -0.0344  0.9917  0.0171  -1.1693   0.0000   0.0246
 -10.500  -0.1368   0.14863   0.14580  -0.0427  0.9870  0.0171  -1.1629   0.0000  -0.0986
 -10.000  -0.1027   0.14165   0.13880  -0.0496  0.9820  0.0171  -1.1592   0.0000  -0.2808
  -9.500  -0.0731   0.13508   0.13224  -0.0551  0.9762  0.0171  -1.1578   0.0000  -0.5685
  -9.000  -0.0373   0.12818   0.12534  -0.0622  0.9721  0.0171  -1.1545   0.0000  -1.5441
  -8.500  -0.0089   0.12176   0.11894  -0.0670  0.9642  0.0171  -1.1549   0.0000  -7.7495
  -8.000   0.0310   0.11458   0.11175  -0.0748  0.9599  0.0172  -1.1509   0.0000   2.8041
  -7.500   0.0570   0.10847   0.10567  -0.0785  0.9492  0.0172  -1.1540   0.0000   1.7014
  -4.500   0.2661   0.06736   0.06444  -0.1086  0.8203  0.0216  -1.0049   0.0000   0.6677
  -4.000   0.3534   0.05948   0.05580  -0.1271  0.6999  0.0238  -0.9489   0.0000   0.6166
  -3.500   0.3626   0.05637   0.05228  -0.1259  0.6170  0.0250  -0.9642   0.0000   0.6025
  -3.000   0.3891   0.05204   0.04768  -0.1298  0.5709  0.0270  -0.9962   0.0000   0.5873
  -2.500   0.4578   0.04641   0.04184  -0.1440  0.5393  0.0298  -1.0309   0.0000   0.5667
  -2.000   0.6221   0.03054   0.02553  -0.1884  0.5128  0.0339  -1.1537   0.0000   0.5538
  -1.500   0.9339   0.01650   0.00906  -0.2530  0.4810  0.0271  -1.2766   0.0000   0.5210
  -1.000   1.0106   0.01600   0.00816  -0.2573  0.4638  0.0316  -1.3472   0.0000   0.5038
  -0.500   1.0852   0.01577   0.00780  -0.2614  0.4491  0.0412  -1.4173   0.0000   0.4892
   0.000   1.1601   0.01557   0.00740  -0.2650  0.4385  0.0424  -1.4883   0.0000   0.4759
   0.500   1.2370   0.01560   0.00767  -0.2694  0.4273  0.2724  -1.5628   0.0000   0.4644
   1.000   1.2953   0.01635   0.00835  -0.2696  0.4166  0.3174  -1.6299   0.0000   0.4540
   1.500   1.3537   0.01656   0.00865  -0.2699  0.4123  0.3481  -1.6984   0.0000   0.4444
   2.000   1.4111   0.01687   0.00902  -0.2700  0.4064  0.3785  -1.7667   0.0000   0.4355
   2.500   1.4672   0.01726   0.00944  -0.2699  0.3999  0.4232  -1.8350   0.0000   0.4273
   3.000   1.5244   0.01776   0.01000  -0.2700  0.3938  0.4918  -1.9041   0.0000   0.4196
   3.500   1.5886   0.01849   0.01085  -0.2718  0.3861  0.6038  -1.9775   0.0000   0.4127
   4.000   1.6522   0.01911   0.01182  -0.2733  0.3808  0.7944  -2.0519   0.0000   0.4062
   4.500   1.6892   0.01930   0.01222  -0.2691  0.3783  1.0000  -2.1119   0.0000   0.3992
   5.000   1.7388   0.01987   0.01280  -0.2678  0.3745  1.0000  -2.1845   0.0000   0.3930
   5.500   1.7867   0.02047   0.01340  -0.2661  0.3696  1.0000  -2.2626   0.0000   0.3870
   6.000   1.8343   0.02112   0.01406  -0.2645  0.3649  1.0000  -2.3497   0.0000   0.3813
   6.500   1.8786   0.02179   0.01472  -0.2622  0.3595  1.0000  -2.4430   0.0000   0.3757
   7.000   1.9303   0.02282   0.01570  -0.2616  0.3519  1.0000  -2.5457   0.0000   0.3707
   7.500   1.9786   0.02381   0.01689  -0.2604  0.3461  1.0000  -2.6636   0.0000   0.3658
   8.000   2.0152   0.02444   0.01768  -0.2566  0.3426  1.0000  -2.8044   0.0000   0.3606
   8.500   2.0500   0.02513   0.01849  -0.2526  0.3374  1.0000  -2.9593   0.0000   0.3554
   9.000   2.0821   0.02584   0.01928  -0.2481  0.3309  1.0000  -3.1129   0.0000   0.3503
   9.500   2.1128   0.02671   0.02017  -0.2435  0.3235  1.0000  -3.2670   0.0000   0.3454
  10.000   2.1469   0.02795   0.02155  -0.2398  0.3134  1.0000  -3.4286   0.0000   0.3408
  10.500   2.1706   0.02885   0.02267  -0.2341  0.3081  1.0000  -3.5742   0.0000   0.3358
  11.000   2.1961   0.02997   0.02397  -0.2290  0.3011  1.0000  -3.7247   0.0000   0.3312
  11.500   2.2186   0.03133   0.02544  -0.2237  0.2932  1.0000  -3.8864   0.0000   0.3266
  12.000   2.2391   0.03325   0.02742  -0.2184  0.2830  1.0000  -4.0503   0.0000   0.3221
  12.500   2.2602   0.03486   0.02933  -0.2134  0.2760  1.0000  -4.2179   0.0000   0.3178
  13.000   2.2734   0.03707   0.03169  -0.2077  0.2629  1.0000  -4.3704   0.0000   0.3136
  13.500   2.2764   0.04033   0.03503  -0.2014  0.2426  1.0000  -4.5005   0.0000   0.3094
  14.000   2.2664   0.04526   0.03992  -0.1949  0.2163  1.0000  -4.5990   0.0000   0.3056
  14.500   2.2427   0.05217   0.04682  -0.1886  0.1903  1.0000  -4.6607   0.0000   0.3024
  15.000   2.2099   0.06126   0.05596  -0.1840  0.1695  1.0000  -4.6934   0.0000   0.3002
  15.500   2.1717   0.07228   0.06713  -0.1818  0.1529  1.0000  -4.7038   0.0000   0.2992
  16.000   2.1345   0.08412   0.07918  -0.1816  0.1403  1.0000  -4.7075   0.0000   0.2991
  16.500   2.0839   0.09841   0.09369  -0.1834  0.1300  1.0000  -4.6636   0.0000   0.3006
  17.000   2.0453   0.11089   0.10639  -0.1859  0.1210  1.0000  -4.6447   0.0000   0.3020


