XFLR5 v6.09.05 beta

 Calculated polar for: S1223

 1 1 Reynolds number fixed          Mach number fixed         

 xtrf =   1.000 (top)        1.000 (bottom)
 Mach =   0.000     Re =     0.110 e 6     Ncrit =   9.000

  alpha     CL        CD       CDp       Cm    Top Xtr Bot Xtr   Cpmin    Chinge    XCp    
 ------- -------- --------- --------- -------- ------- ------- -------- --------- ---------
 -13.500  -0.2560   0.18018   0.17500  -0.0223  1.0000  0.0338  -1.0085   0.0000   0.1402
 -13.000  -0.2454   0.17554   0.17043  -0.0225  1.0000  0.0345  -0.9943   0.0000   0.1356
 -12.500  -0.2353   0.17104   0.16600  -0.0226  1.0000  0.0352  -0.9827   0.0000   0.1314
 -12.000  -0.2260   0.16665   0.16169  -0.0225  1.0000  0.0360  -0.9736   0.0000   0.1278
 -11.500  -0.2174   0.16240   0.15752  -0.0223  1.0000  0.0369  -0.9676   0.0000   0.1251
 -11.000  -0.2097   0.15828   0.15349  -0.0219  1.0000  0.0379  -0.9643   0.0000   0.1234
 -10.500  -0.2028   0.15427   0.14957  -0.0214  1.0000  0.0389  -0.9633   0.0000   0.1231
 -10.000  -0.1972   0.15043   0.14583  -0.0206  1.0000  0.0400  -0.9654   0.0000   0.1245
  -9.500  -0.1930   0.14682   0.14229  -0.0197  1.0000  0.0412  -0.9713   0.0000   0.1278
  -9.000  -0.1907   0.14359   0.13917  -0.0186  1.0000  0.0425  -0.9837   0.0000   0.1333
  -8.500  -0.1916   0.14110   0.13681  -0.0175  1.0000  0.0437  -1.0080   0.0000   0.1412
  -8.000  -0.1980   0.13994   0.13579  -0.0162  1.0000  0.0447  -1.0496   0.0000   0.1525
  -7.500  -0.1676   0.13786   0.13375  -0.0275  0.9900  0.0456  -1.1091   0.0000   0.0673
  -7.000  -0.1242   0.13281   0.12870  -0.0398  0.9738  0.0461  -1.1393   0.0000  -0.0960
  -6.500  -0.0832   0.12659   0.12249  -0.0495  0.9553  0.0463  -1.1472   0.0000  -0.3815
  -6.000  -0.0197   0.10972   0.10566  -0.0532  0.9468  0.0501  -0.9695   0.0000  -2.6056
  -5.500   0.0276   0.10252   0.09847  -0.0603  0.9291  0.0538  -0.8970   0.0000   2.5352
  -5.000   0.0690   0.09597   0.09192  -0.0674  0.9081  0.0583  -0.8687   0.0000   1.2637
  -4.500   0.0887   0.09178   0.08779  -0.0715  0.8736  0.0630  -0.9033   0.0000   1.0810
  -4.000   0.1501   0.08660   0.08259  -0.0905  0.8399  0.0655  -0.9891   0.0000   0.8662
  -3.500   0.1796   0.07549   0.07153  -0.0861  0.8151  0.0699  -0.8738   0.0000   0.7387
  -3.000   0.2564   0.06714   0.06303  -0.0970  0.7805  0.0797  -0.8784   0.0000   0.6335
  -2.500   0.3742   0.05683   0.05231  -0.1236  0.7296  0.0934  -0.9465   0.0000   0.5832
  -2.000   0.5152   0.04806   0.04281  -0.1529  0.6731  0.1186  -1.0313   0.0000   0.5481
  -1.500   0.9041   0.02382   0.01593  -0.2488  0.6163  0.0740  -1.2393   0.0000   0.5255
  -1.000   1.0161   0.02202   0.01314  -0.2608  0.5860  0.0787  -1.3240   0.0000   0.5061
  -0.500   1.1073   0.02169   0.01218  -0.2675  0.5633  0.0860  -1.3980   0.0000   0.4902
   0.000   1.1769   0.02241   0.01350  -0.2697  0.5460  0.3562  -1.4607   0.0000   0.4771
   0.500   1.2318   0.02359   0.01454  -0.2688  0.5302  0.4223  -1.5230   0.0000   0.4654
   1.000   1.2937   0.02435   0.01516  -0.2701  0.5188  0.4521  -1.5864   0.0000   0.4551
   1.500   1.3551   0.02492   0.01572  -0.2713  0.5080  0.4857  -1.6504   0.0000   0.4457
   2.000   1.4182   0.02574   0.01649  -0.2728  0.4985  0.5325  -1.7169   0.0000   0.4370
   2.500   1.4795   0.02732   0.01806  -0.2742  0.4893  0.6070  -1.7800   0.0000   0.4291
   3.000   1.5250   0.02792   0.01904  -0.2719  0.4817  0.7266  -1.8334   0.0000   0.4212
   3.500   1.5598   0.02850   0.01986  -0.2675  0.4743  1.0000  -1.8838   0.0000   0.4137
   4.000   1.6148   0.02998   0.02119  -0.2677  0.4670  1.0000  -1.9514   0.0000   0.4071
   4.500   1.6690   0.03159   0.02268  -0.2677  0.4604  1.0000  -2.0253   0.0000   0.4009
   5.000   1.7188   0.03467   0.02581  -0.2674  0.4531  1.0000  -2.0947   0.0000   0.3952
   5.500   1.7565   0.03611   0.02748  -0.2642  0.4472  1.0000  -2.1619   0.0000   0.3892
   6.000   1.7930   0.03815   0.02973  -0.2611  0.4403  1.0000  -2.2351   0.0000   0.3835
   6.500   1.8290   0.04025   0.03199  -0.2579  0.4331  1.0000  -2.3112   0.0000   0.3780
   7.000   1.8732   0.04180   0.03354  -0.2560  0.4254  1.0000  -2.4059   0.0000   0.3727
   7.500   1.9173   0.04547   0.03741  -0.2549  0.4177  1.0000  -2.5103   0.0000   0.3680
   8.000   1.9240   0.04827   0.04068  -0.2470  0.4112  1.0000  -2.5726   0.0000   0.3626
   8.500   1.9240   0.05174   0.04454  -0.2385  0.4027  1.0000  -2.6475   0.0000   0.3573
   9.000   1.9433   0.05400   0.04699  -0.2329  0.3942  1.0000  -2.7685   0.0000   0.3522
   9.500   2.0001   0.05471   0.04763  -0.2329  0.3863  1.0000  -2.9624   0.0000   0.3476
  10.000   1.9603   0.06130   0.05463  -0.2198  0.3789  1.0000  -2.9730   0.0000   0.3424


