XFLR5 v6.09.05 beta

 Calculated polar for: S1223

 1 1 Reynolds number fixed          Mach number fixed         

 xtrf =   1.000 (top)        1.000 (bottom)
 Mach =   0.000     Re =     0.340 e 6     Ncrit =   9.000

  alpha     CL        CD       CDp       Cm    Top Xtr Bot Xtr   Cpmin    Chinge    XCp    
 ------- -------- --------- --------- -------- ------- ------- -------- --------- ---------
 -14.500  -0.2921   0.19270   0.18972  -0.0176  1.0000  0.0170  -1.1562   0.0000   0.1686
 -14.000  -0.2817   0.18800   0.18503  -0.0182  1.0000  0.0170  -1.1598   0.0000   0.1644
 -13.500  -0.2719   0.18339   0.18046  -0.0186  1.0000  0.0170  -1.1643   0.0000   0.1607
 -13.000  -0.2627   0.17887   0.17597  -0.0189  1.0000  0.0170  -1.1698   0.0000   0.1576
 -12.500  -0.2541   0.17444   0.17159  -0.0190  1.0000  0.0170  -1.1762   0.0000   0.1550
 -12.000  -0.2462   0.17012   0.16731  -0.0189  1.0000  0.0170  -1.1830   0.0000   0.1533
 -11.500  -0.2229   0.16441   0.16161  -0.0233  0.9981  0.0170  -1.1834   0.0000   0.1237
 -11.000  -0.1777   0.15636   0.15353  -0.0338  0.9922  0.0171  -1.1735   0.0000   0.0322
 -10.500  -0.1386   0.14899   0.14615  -0.0423  0.9879  0.0171  -1.1668   0.0000  -0.0914
 -10.000  -0.1057   0.14202   0.13916  -0.0489  0.9823  0.0171  -1.1634   0.0000  -0.2592
  -9.500  -0.0756   0.13542   0.13257  -0.0545  0.9765  0.0171  -1.1619   0.0000  -0.5344
  -9.000  -0.0401   0.12854   0.12568  -0.0616  0.9722  0.0171  -1.1588   0.0000  -1.4020
  -8.500  -0.0114   0.12208   0.11924  -0.0664  0.9644  0.0171  -1.1590   0.0000  -5.9920
  -8.000   0.0284   0.11490   0.11206  -0.0743  0.9600  0.0172  -1.1551   0.0000   3.0170
  -7.000   0.0882   0.09831   0.09552  -0.0859  0.9445  0.0178  -1.2974   0.0000   1.2704
  -6.500   0.1102   0.09187   0.08912  -0.0871  0.9302  0.0184  -1.2586   0.0000   1.0752
  -6.000   0.1366   0.08637   0.08365  -0.0886  0.9143  0.0190  -1.1756   0.0000   0.9238
  -5.500   0.1586   0.08141   0.07869  -0.0895  0.8932  0.0196  -1.1186   0.0000   0.8337
  -5.000   0.1853   0.07619   0.07346  -0.0919  0.8656  0.0204  -1.0726   0.0000   0.7606
  -4.500   0.2602   0.06788   0.06496  -0.1069  0.8232  0.0219  -0.9999   0.0000   0.6708
  -4.000   0.3534   0.05954   0.05588  -0.1271  0.7054  0.0242  -0.9448   0.0000   0.6165
  -3.500   0.3639   0.05636   0.05227  -0.1263  0.6203  0.0256  -0.9631   0.0000   0.6024
  -3.000   0.3925   0.05194   0.04758  -0.1309  0.5731  0.0278  -1.0062   0.0000   0.5872
  -2.500   0.4603   0.04637   0.04178  -0.1447  0.5409  0.0298  -1.0331   0.0000   0.5666
  -1.500   0.9329   0.01660   0.00914  -0.2528  0.4821  0.0273  -1.2758   0.0000   0.5210
  -1.000   1.0117   0.01599   0.00813  -0.2576  0.4651  0.0319  -1.3476   0.0000   0.5038
  -0.500   1.0848   0.01585   0.00785  -0.2613  0.4498  0.0416  -1.4168   0.0000   0.4892
   0.000   1.1599   0.01564   0.00745  -0.2650  0.4395  0.0427  -1.4878   0.0000   0.4759
   0.500   1.2368   0.01565   0.00771  -0.2693  0.4285  0.2734  -1.5623   0.0000   0.4644
   1.000   1.2964   0.01643   0.00840  -0.2699  0.4169  0.3201  -1.6303   0.0000   0.4540
   1.500   1.3541   0.01665   0.00871  -0.2700  0.4130  0.3493  -1.6983   0.0000   0.4444
   2.000   1.4116   0.01696   0.00908  -0.2701  0.4072  0.3801  -1.7666   0.0000   0.4355
   2.500   1.4678   0.01734   0.00951  -0.2700  0.4007  0.4251  -1.8349   0.0000   0.4273
   3.000   1.5249   0.01783   0.01006  -0.2701  0.3947  0.4937  -1.9039   0.0000   0.4196
   3.500   1.5874   0.01851   0.01087  -0.2715  0.3875  0.6066  -1.9764   0.0000   0.4127
   4.000   1.6529   0.01922   0.01191  -0.2735  0.3812  0.8038  -2.0519   0.0000   0.4062
   5.000   1.7400   0.01999   0.01289  -0.2681  0.3751  1.0000  -2.1850   0.0000   0.3930
   5.500   1.7877   0.02059   0.01350  -0.2664  0.3703  1.0000  -2.2630   0.0000   0.3871
   6.000   1.8354   0.02124   0.01417  -0.2647  0.3656  1.0000  -2.3503   0.0000   0.3814
   6.500   1.8795   0.02190   0.01482  -0.2624  0.3602  1.0000  -2.4434   0.0000   0.3758
   7.000   1.9286   0.02285   0.01572  -0.2612  0.3532  1.0000  -2.5436   0.0000   0.3707
   7.500   1.9803   0.02397   0.01702  -0.2608  0.3464  1.0000  -2.6653   0.0000   0.3659
   8.000   2.0163   0.02460   0.01780  -0.2569  0.3431  1.0000  -2.8058   0.0000   0.3607
   8.500   2.0509   0.02528   0.01862  -0.2528  0.3380  1.0000  -2.9603   0.0000   0.3555
   9.000   2.0827   0.02599   0.01942  -0.2482  0.3315  1.0000  -3.1134   0.0000   0.3504
   9.500   2.1132   0.02682   0.02028  -0.2436  0.3243  1.0000  -3.2671   0.0000   0.3454
  10.000   2.1479   0.02811   0.02167  -0.2400  0.3138  1.0000  -3.4297   0.0000   0.3408
  10.500   2.1706   0.02899   0.02280  -0.2341  0.3085  1.0000  -3.5737   0.0000   0.3359
  11.000   2.1957   0.03012   0.02411  -0.2290  0.3017  1.0000  -3.7234   0.0000   0.3312
  11.500   2.2182   0.03146   0.02557  -0.2236  0.2938  1.0000  -3.8848   0.0000   0.3266
  12.000   2.2385   0.03340   0.02754  -0.2183  0.2833  1.0000  -4.0483   0.0000   0.3221
  12.500   2.2589   0.03503   0.02948  -0.2132  0.2766  1.0000  -4.2142   0.0000   0.3178
  13.000   2.2731   0.03717   0.03181  -0.2076  0.2642  1.0000  -4.3687   0.0000   0.3136
  13.500   2.2757   0.04042   0.03513  -0.2013  0.2449  1.0000  -4.4979   0.0000   0.3094
  14.000   2.2660   0.04529   0.03996  -0.1947  0.2193  1.0000  -4.5973   0.0000   0.3056
  14.500   2.2429   0.05212   0.04678  -0.1885  0.1932  1.0000  -4.6605   0.0000   0.3024
  15.000   2.2089   0.06132   0.05604  -0.1839  0.1719  1.0000  -4.6902   0.0000   0.3002
  15.500   2.1741   0.07187   0.06674  -0.1816  0.1549  1.0000  -4.7097   0.0000   0.2991
  16.000   2.1342   0.08407   0.07914  -0.1815  0.1422  1.0000  -4.7062   0.0000   0.2991
  16.500   2.0857   0.09803   0.09332  -0.1832  0.1315  1.0000  -4.6684   0.0000   0.3004
  17.000   2.0436   0.11104   0.10654  -0.1858  0.1222  1.0000  -4.6392   0.0000   0.3021


