XFLR5 v6.09.05 beta

 Calculated polar for: S1223

 1 1 Reynolds number fixed          Mach number fixed         

 xtrf =   1.000 (top)        1.000 (bottom)
 Mach =   0.000     Re =     0.080 e 6     Ncrit =   9.000

  alpha     CL        CD       CDp       Cm    Top Xtr Bot Xtr   Cpmin    Chinge    XCp    
 ------- -------- --------- --------- -------- ------- ------- -------- --------- ---------
 -15.000  -0.2931   0.20429   0.19805  -0.0235  1.0000  0.0455  -1.0386   0.0000   0.1480
 -14.500  -0.2859   0.20189   0.19572  -0.0247  1.0000  0.0457  -1.0605   0.0000   0.1420
 -14.000  -0.2798   0.19945   0.19333  -0.0258  1.0000  0.0459  -1.0832   0.0000   0.1369
 -13.500  -0.2746   0.19699   0.19094  -0.0266  1.0000  0.0460  -1.1071   0.0000   0.1327
 -13.000  -0.2704   0.19442   0.18846  -0.0273  1.0000  0.0461  -1.1320   0.0000   0.1294
 -12.500  -0.2657   0.19133   0.18546  -0.0277  1.0000  0.0462  -1.1542   0.0000   0.1266
 -12.000  -0.2417   0.17643   0.17066  -0.0270  1.0000  0.0471  -1.1084   0.0000   0.1177
 -11.500  -0.2202   0.16574   0.16003  -0.0253  1.0000  0.0485  -1.0188   0.0000   0.1132
 -11.000  -0.2089   0.16024   0.15463  -0.0243  1.0000  0.0499  -0.9793   0.0000   0.1116
 -10.500  -0.2003   0.15574   0.15023  -0.0234  1.0000  0.0514  -0.9558   0.0000   0.1113
 -10.000  -0.1934   0.15166   0.14627  -0.0224  1.0000  0.0530  -0.9419   0.0000   0.1126
  -9.500  -0.1881   0.14788   0.14257  -0.0213  1.0000  0.0547  -0.9349   0.0000   0.1158
  -9.000  -0.1847   0.14437   0.13918  -0.0201  1.0000  0.0566  -0.9334   0.0000   0.1214
  -8.500  -0.1835   0.14119   0.13615  -0.0187  1.0000  0.0586  -0.9380   0.0000   0.1296
  -8.000  -0.1855   0.13859   0.13371  -0.0171  1.0000  0.0607  -0.9514   0.0000   0.1408
  -7.500  -0.1931   0.13726   0.13256  -0.0153  1.0000  0.0627  -0.9819   0.0000   0.1554
  -7.000  -0.2101   0.13807   0.13358  -0.0135  0.9998  0.0640  -1.0348   0.0000   0.1728
  -6.500  -0.1676   0.13755   0.13307  -0.0313  0.9776  0.0653  -1.1137   0.0000   0.0466
  -6.000  -0.1005   0.12123   0.11677  -0.0391  0.9623  0.0682  -1.0108   0.0000  -0.1668
  -5.500  -0.0341   0.11152   0.10705  -0.0480  0.9442  0.0742  -0.8873   0.0000  -1.2372
  -5.000   0.0071   0.10515   0.10067  -0.0555  0.9140  0.0807  -0.8601   0.0000   8.4593
  -4.000   0.0807   0.09293   0.08854  -0.0746  0.8466  0.0903  -0.9224   0.0000   1.2005
  -3.500   0.1522   0.08268   0.07825  -0.0792  0.8330  0.1008  -0.8020   0.0000   0.7817
  -2.500   0.2994   0.06602   0.06136  -0.1041  0.7737  0.1297  -0.8995   0.0000   0.6014
  -2.000   0.3908   0.05815   0.05319  -0.1205  0.7334  0.1512  -0.9569   0.0000   0.5604
  -1.500   0.5076   0.05068   0.04530  -0.1416  0.6933  0.1823  -1.0331   0.0000   0.5296
  -1.000   0.6549   0.04421   0.03828  -0.1691  0.6574  0.2312  -1.1253   0.0000   0.5079
  -0.500   1.0876   0.02395   0.01449  -0.2651  0.6156  0.1125  -1.3690   0.0000   0.4926
   0.000   1.1457   0.02591   0.01724  -0.2636  0.5963  0.4136  -1.4252   0.0000   0.4783
   0.500   1.1984   0.02669   0.01790  -0.2624  0.5787  0.4668  -1.4810   0.0000   0.4664
   1.000   1.2735   0.02776   0.01848  -0.2666  0.5629  0.5060  -1.5532   0.0000   0.4559
   1.500   1.3297   0.02869   0.01943  -0.2671  0.5510  0.5407  -1.6083   0.0000   0.4466
   2.000   1.3899   0.02973   0.02047  -0.2682  0.5399  0.5924  -1.6683   0.0000   0.4379
   2.500   1.4475   0.03107   0.02175  -0.2686  0.5306  0.6694  -1.7274   0.0000   0.4296
   3.000   1.4834   0.03248   0.02355  -0.2648  0.5222  0.8003  -1.7716   0.0000   0.4218
   3.500   1.5246   0.03392   0.02502  -0.2630  0.5126  1.0000  -1.8216   0.0000   0.4150
   4.000   1.5728   0.03612   0.02712  -0.2623  0.5043  1.0000  -1.8791   0.0000   0.4085
   4.500   1.6230   0.03838   0.02927  -0.2618  0.4970  1.0000  -1.9482   0.0000   0.4021
   5.000   1.6672   0.04226   0.03321  -0.2608  0.4899  1.0000  -2.0095   0.0000   0.3964
   5.500   1.6796   0.04549   0.03683  -0.2543  0.4826  1.0000  -2.0443   0.0000   0.3906
   6.000   1.6846   0.04981   0.04148  -0.2472  0.4742  1.0000  -2.0746   0.0000   0.3852
   6.500   1.6916   0.05446   0.04636  -0.2409  0.4668  1.0000  -2.1094   0.0000   0.3801
   7.000   1.7401   0.05671   0.04854  -0.2399  0.4588  1.0000  -2.1995   0.0000   0.3746
   7.500   1.6964   0.06564   0.05782  -0.2281  0.4508  1.0000  -2.1754   0.0000   0.3704
   8.500   1.2648   0.15523   0.14887  -0.2297  0.4902  1.0000  -1.4253   0.0000   0.4180


