XFLR5 v6.09.05 beta

 Calculated polar for: S1223

 1 1 Reynolds number fixed          Mach number fixed         

 xtrf =   1.000 (top)        1.000 (bottom)
 Mach =   0.000     Re =     0.195 e 6     Ncrit =   9.000

  alpha     CL        CD       CDp       Cm    Top Xtr Bot Xtr   Cpmin    Chinge    XCp    
 ------- -------- --------- --------- -------- ------- ------- -------- --------- ---------
 -15.000  -0.2961   0.19234   0.18835  -0.0177  1.0000  0.0205  -1.0738   0.0000   0.1682
 -14.500  -0.2846   0.18759   0.18362  -0.0184  1.0000  0.0207  -1.0671   0.0000   0.1633
 -14.000  -0.2736   0.18290   0.17898  -0.0189  1.0000  0.0209  -1.0609   0.0000   0.1587
 -13.500  -0.2629   0.17829   0.17441  -0.0194  1.0000  0.0212  -1.0551   0.0000   0.1543
 -13.000  -0.2528   0.17374   0.16991  -0.0196  1.0000  0.0215  -1.0500   0.0000   0.1504
 -12.500  -0.2433   0.16928   0.16551  -0.0197  1.0000  0.0218  -1.0456   0.0000   0.1471
 -12.000  -0.2344   0.16493   0.16122  -0.0197  1.0000  0.0222  -1.0420   0.0000   0.1446
 -11.500  -0.2263   0.16070   0.15704  -0.0194  1.0000  0.0225  -1.0394   0.0000   0.1429
 -11.000  -0.2191   0.15661   0.15302  -0.0190  1.0000  0.0230  -1.0379   0.0000   0.1425
 -10.500  -0.2128   0.15262   0.14910  -0.0184  1.0000  0.0234  -1.0381   0.0000   0.1434
 -10.000  -0.2077   0.14877   0.14533  -0.0175  1.0000  0.0239  -1.0402   0.0000   0.1460
  -9.500  -0.1887   0.14380   0.14038  -0.0205  0.9979  0.0246  -1.0360   0.0000   0.1203
  -9.000  -0.1436   0.13651   0.13307  -0.0304  0.9906  0.0256  -1.0212   0.0000   0.0101
  -8.500  -0.1042   0.12977   0.12633  -0.0388  0.9831  0.0268  -1.0167   0.0000  -0.1609
  -8.000  -0.0668   0.12365   0.12021  -0.0470  0.9742  0.0282  -1.0320   0.0000  -0.5126
  -7.500  -0.0322   0.11877   0.11534  -0.0559  0.9632  0.0292  -1.0746   0.0000  -1.6027
  -7.000   0.0002   0.11374   0.11033  -0.0637  0.9507  0.0296  -1.1055   0.0000  336.3679
  -6.500   0.0359   0.10765   0.10426  -0.0705  0.9379  0.0298  -1.1092   0.0000   2.3098
  -6.000   0.0779   0.10082   0.09743  -0.0787  0.9269  0.0300  -1.1113   0.0000   1.3010
  -5.500   0.1035   0.09495   0.09158  -0.0822  0.9078  0.0301  -1.1221   0.0000   1.0723
  -5.000   0.1247   0.08477   0.08147  -0.0821  0.8885  0.0321  -1.0943   0.0000   0.9291
  -4.500   0.1542   0.07897   0.07571  -0.0827  0.8636  0.0338  -0.9945   0.0000   0.8010
  -4.000   0.2014   0.07214   0.06883  -0.0892  0.8321  0.0365  -0.9252   0.0000   0.7026
  -3.500   0.2987   0.06254   0.05892  -0.1102  0.7749  0.0424  -0.9013   0.0000   0.6247
  -2.500   0.4575   0.04793   0.04317  -0.1439  0.6179  0.0514  -0.9987   0.0000   0.5668
  -1.500   0.6753   0.03350   0.02788  -0.1891  0.5473  0.0767  -1.1343   0.0000   0.5300
  -1.000   1.0142   0.01869   0.01029  -0.2591  0.5139  0.0554  -1.3394   0.0000   0.5047
  -0.500   1.0983   0.01831   0.00949  -0.2646  0.4955  0.0560  -1.4128   0.0000   0.4893
   0.500   1.2398   0.01880   0.01029  -0.2702  0.4701  0.3432  -1.5504   0.0000   0.4648
   1.000   1.3018   0.01949   0.01079  -0.2713  0.4594  0.3783  -1.6193   0.0000   0.4544
   1.500   1.3667   0.02028   0.01145  -0.2731  0.4508  0.4043  -1.6889   0.0000   0.4450
   2.000   1.4261   0.02065   0.01197  -0.2737  0.4445  0.4443  -1.7558   0.0000   0.4362
   2.500   1.4843   0.02113   0.01253  -0.2740  0.4366  0.5015  -1.8230   0.0000   0.4281
   3.000   1.5427   0.02167   0.01325  -0.2744  0.4293  0.6009  -1.8914   0.0000   0.4205
   3.500   1.5968   0.02237   0.01418  -0.2738  0.4225  0.7829  -1.9561   0.0000   0.4133
   4.000   1.6442   0.02344   0.01531  -0.2721  0.4162  1.0000  -2.0196   0.0000   0.4065
   4.500   1.6958   0.02424   0.01622  -0.2713  0.4124  1.0000  -2.0890   0.0000   0.4001
   5.000   1.7460   0.02514   0.01717  -0.2702  0.4074  1.0000  -2.1650   0.0000   0.3940
   5.500   1.7946   0.02599   0.01804  -0.2688  0.4010  1.0000  -2.2442   0.0000   0.3881
   6.000   1.8443   0.02696   0.01902  -0.2677  0.3955  1.0000  -2.3364   0.0000   0.3825
   6.500   1.8943   0.02796   0.01997  -0.2667  0.3892  1.0000  -2.4346   0.0000   0.3772
   7.000   1.9452   0.03027   0.02234  -0.2665  0.3814  1.0000  -2.5363   0.0000   0.3724
   7.500   1.9843   0.03095   0.02338  -0.2632  0.3769  1.0000  -2.6450   0.0000   0.3671
   8.000   2.0207   0.03185   0.02447  -0.2596  0.3704  1.0000  -2.7850   0.0000   0.3619
   8.500   2.0588   0.03276   0.02551  -0.2563  0.3636  1.0000  -2.9442   0.0000   0.3570
   9.000   2.0997   0.03353   0.02631  -0.2536  0.3568  1.0000  -3.1126   0.0000   0.3522
   9.500   2.1432   0.03561   0.02842  -0.2521  0.3472  1.0000  -3.2862   0.0000   0.3480
  10.000   2.1585   0.03639   0.02963  -0.2445  0.3416  1.0000  -3.4134   0.0000   0.3426
  10.500   2.1692   0.03733   0.03081  -0.2362  0.3338  1.0000  -3.5343   0.0000   0.3372
  11.000   2.1890   0.03772   0.03125  -0.2297  0.3246  1.0000  -3.6769   0.0000   0.3321
  11.500   2.2188   0.03915   0.03267  -0.2256  0.3140  1.0000  -3.8469   0.0000   0.3277
  12.000   2.2133   0.04108   0.03502  -0.2157  0.3077  1.0000  -3.9538   0.0000   0.3224
  12.500   2.2169   0.04309   0.03731  -0.2080  0.2989  1.0000  -4.0810   0.0000   0.3176
  13.000   2.2272   0.04482   0.03914  -0.2017  0.2897  1.0000  -4.2259   0.0000   0.3131
  13.500   2.2294   0.04776   0.04236  -0.1952  0.2800  1.0000  -4.3500   0.0000   0.3088
  14.000   2.2156   0.05183   0.04683  -0.1879  0.2694  1.0000  -4.4356   0.0000   0.3048
  14.500   2.2127   0.05565   0.05068  -0.1827  0.2568  1.0000  -4.5476   0.0000   0.3012
  15.000   2.1933   0.06225   0.05766  -0.1782  0.2436  1.0000  -4.6118   0.0000   0.2985
  15.500   2.1723   0.06963   0.06505  -0.1750  0.2276  1.0000  -4.6703   0.0000   0.2964


