XFLR5 v6.09.05 beta

 Calculated polar for: S1223

 1 1 Reynolds number fixed          Mach number fixed         

 xtrf =   1.000 (top)        1.000 (bottom)
 Mach =   0.000     Re =     0.120 e 6     Ncrit =   9.000

  alpha     CL        CD       CDp       Cm    Top Xtr Bot Xtr   Cpmin    Chinge    XCp    
 ------- -------- --------- --------- -------- ------- ------- -------- --------- ---------
 -13.500  -0.2774   0.19131   0.18640  -0.0254  1.0000  0.0304  -1.2297   0.0000   0.1381
 -13.000  -0.2540   0.17815   0.17327  -0.0241  1.0000  0.0312  -1.1402   0.0000   0.1335
 -12.500  -0.2409   0.17185   0.16703  -0.0235  1.0000  0.0318  -1.0916   0.0000   0.1305
 -12.000  -0.2301   0.16675   0.16200  -0.0230  1.0000  0.0325  -1.0574   0.0000   0.1280
 -11.500  -0.2207   0.16217   0.15750  -0.0225  1.0000  0.0332  -1.0327   0.0000   0.1262
 -11.000  -0.2125   0.15789   0.15330  -0.0219  1.0000  0.0340  -1.0148   0.0000   0.1253
 -10.500  -0.2053   0.15379   0.14930  -0.0212  1.0000  0.0348  -1.0017   0.0000   0.1256
 -10.000  -0.1993   0.14988   0.14548  -0.0203  1.0000  0.0357  -0.9929   0.0000   0.1276
  -9.500  -0.1947   0.14617   0.14183  -0.0192  1.0000  0.0366  -0.9878   0.0000   0.1316
  -9.000  -0.1918   0.14266   0.13844  -0.0179  1.0000  0.0377  -0.9865   0.0000   0.1378
  -8.500  -0.1908   0.13941   0.13531  -0.0163  1.0000  0.0387  -0.9889   0.0000   0.1466
  -8.000  -0.1853   0.13595   0.13197  -0.0163  0.9989  0.0400  -0.9919   0.0000   0.1446
  -7.000  -0.0893   0.12463   0.12062  -0.0415  0.9728  0.0450  -1.0315   0.0000  -0.2509
  -6.500  -0.0577   0.12114   0.11715  -0.0519  0.9533  0.0458  -1.0884   0.0000  -0.7018
  -5.000   0.0821   0.09356   0.08963  -0.0708  0.9070  0.0520  -0.9030   0.0000   1.1439
  -4.000   0.1405   0.08201   0.07817  -0.0777  0.8452  0.0609  -0.8647   0.0000   0.8165
  -3.500   0.2264   0.07557   0.07161  -0.1033  0.8091  0.0656  -0.9589   0.0000   0.7133
  -3.000   0.2787   0.06426   0.06019  -0.1032  0.7755  0.0721  -0.8911   0.0000   0.6250
  -2.500   0.4299   0.05303   0.04837  -0.1413  0.7121  0.0904  -0.9726   0.0000   0.5812
  -2.000   0.5052   0.04812   0.04297  -0.1485  0.6565  0.1053  -1.0292   0.0000   0.5453
  -1.500   0.6116   0.04193   0.03630  -0.1683  0.6168  0.1293  -1.0997   0.0000   0.5255
  -1.000   1.0203   0.02135   0.01242  -0.2613  0.5726  0.0738  -1.3299   0.0000   0.5055
  -0.500   1.1040   0.02095   0.01167  -0.2666  0.5520  0.0800  -1.3990   0.0000   0.4901
   0.000   1.1830   0.02157   0.01260  -0.2709  0.5340  0.3393  -1.4691   0.0000   0.4768
   0.500   1.2347   0.02281   0.01384  -0.2695  0.5200  0.4102  -1.5281   0.0000   0.4653
   1.000   1.2949   0.02333   0.01428  -0.2702  0.5081  0.4402  -1.5922   0.0000   0.4549
   1.500   1.3601   0.02400   0.01477  -0.2722  0.4977  0.4719  -1.6608   0.0000   0.4455
   2.000   1.4263   0.02528   0.01602  -0.2745  0.4884  0.5184  -1.7280   0.0000   0.4371
   2.500   1.4799   0.02601   0.01695  -0.2740  0.4809  0.5888  -1.7864   0.0000   0.4289
   3.000   1.5297   0.02664   0.01785  -0.2725  0.4719  0.7043  -1.8440   0.0000   0.4211
   3.500   1.5667   0.02706   0.01845  -0.2684  0.4650  1.0000  -1.8986   0.0000   0.4134
   4.000   1.6264   0.02870   0.01984  -0.2696  0.4579  1.0000  -1.9717   0.0000   0.4070
   4.500   1.6772   0.03103   0.02229  -0.2692  0.4516  1.0000  -2.0385   0.0000   0.4009
   5.000   1.7215   0.03250   0.02391  -0.2672  0.4463  1.0000  -2.1047   0.0000   0.3948
   5.500   1.7637   0.03400   0.02552  -0.2649  0.4386  1.0000  -2.1772   0.0000   0.3889
   6.000   1.8071   0.03565   0.02727  -0.2628  0.4319  1.0000  -2.2600   0.0000   0.3832
   6.500   1.8542   0.03724   0.02885  -0.2615  0.4252  1.0000  -2.3515   0.0000   0.3779
   7.000   1.8983   0.04063   0.03223  -0.2603  0.4169  1.0000  -2.4438   0.0000   0.3730
   7.500   1.9232   0.04255   0.03472  -0.2550  0.4116  1.0000  -2.5257   0.0000   0.3676
   8.000   1.9459   0.04471   0.03720  -0.2496  0.4035  1.0000  -2.6135   0.0000   0.3623
   8.500   1.9733   0.04659   0.03927  -0.2449  0.3953  1.0000  -2.7471   0.0000   0.3572
   9.000   2.0230   0.04748   0.04011  -0.2439  0.3874  1.0000  -2.9274   0.0000   0.3525
   9.500   2.0394   0.05156   0.04445  -0.2384  0.3797  1.0000  -3.0439   0.0000   0.3479
  10.000   1.9968   0.05598   0.04941  -0.2233  0.3723  1.0000  -3.0534   0.0000   0.3420
  10.500   1.9623   0.06079   0.05457  -0.2111  0.3634  1.0000  -3.0774   0.0000   0.3367
  11.000   2.0300   0.05901   0.05285  -0.2114  0.3544  1.0000  -3.3048   0.0000   0.3321
  11.500   2.0413   0.06241   0.05641  -0.2059  0.3452  1.0000  -3.4191   0.0000   0.3277


